

-----------------------------------
New Analysis started.
Date and time: 21/09/2026 14:04:09
New results follow.
-----------------------------------

RSiena version 1.3.10 (28 Apr 22)


@1
Estimation by stochastic approximation algorithm.
=================================================

Current random number seed is 2009301.
Effects object used: bound$effects 
Model Type:
 Initiative model
Behavioral Model Type:
 Standard behavior actor-oriented model ('restrict')
Estimation method: unconditional moment estimation
.

Time duration for simulations in each period is 1.0.
Changing composition.
Joiners/leavers option: 1
Standard errors are estimated with the likelihood ratio method.
Dolby method (regression on scores) is used.
Initial value of gain parameter is  0.2000000.
Reduction factor for gain parameter is  0.5000000.
Number of subphases in Phase 2 is 0.

Initial parameter values are 
  1. rate:  constant dv.net rate (period 1)                 0.0471
  2. rate:  constant dv.net rate (period 2)                 0.1395
  3. rate:  constant dv.net rate (period 3)                 0.4297
  4. rate:  constant dv.net rate (period 4)                 0.3478
  5. rate:  constant dv.net rate (period 5)                 0.3234
  6. rate:  constant dv.net rate (period 6)                 0.3183
  7. rate:  constant dv.net rate (period 7)                 0.3978
  8. rate:  constant dv.net rate (period 8)                 0.3086
  9. rate:  constant dv.net rate (period 9)                 0.3269
 10. rate:  constant dv.net rate (period 10)                0.2745
 11. rate:  constant dv.net rate (period 11)                0.3228
 12. rate:  constant dv.net rate (period 12)                0.4464
 13. rate:  constant dv.net rate (period 13)                0.3539
 14. rate:  constant dv.net rate (period 14)                0.3236
 15. rate:  constant dv.net rate (period 15)                0.2899
 16. rate:  constant dv.net rate (period 16)                0.5159
 17. rate:  constant dv.net rate (period 17)                0.3421
 18. rate:  constant dv.net rate (period 18)                0.3963
 19. eval:  degree (density)                               -5.5374
 20. eval:  transitive triads                               0.1584
 21. eval:  degree act+pop                                  0.0572
 22. eval:  nets.lndistance_d                              -0.8576
 23. eval:  nets.ATOP_d                                     1.0931
 24. eval:  nets.absidealdiff_d                            -0.6065
 25. eval:  nets.lntrade_d                                  0.0709
 26. eval:  nets.NATO_d                                    -3.3897
 27. eval:  milex.beh alter                                -0.0559
 28. eval:  beh.democracy_1 alter                           1.4516
 29. eval:  beh.lncinc_1 alter                              0.7991
 30. rate:  rate milex.beh (period 1)                       0.9340
 31. rate:  rate milex.beh (period 2)                       1.2965
 32. rate:  rate milex.beh (period 3)                       1.3504
 33. rate:  rate milex.beh (period 4)                       1.1915
 34. rate:  rate milex.beh (period 5)                       0.6969
 35. rate:  rate milex.beh (period 6)                       0.5621
 36. rate:  rate milex.beh (period 7)                       0.4763
 37. rate:  rate milex.beh (period 8)                       0.5215
 38. rate:  rate milex.beh (period 9)                       0.3722
 39. rate:  rate milex.beh (period 10)                      1.7115
 40. rate:  rate milex.beh (period 11)                      0.5829
 41. rate:  rate milex.beh (period 12)                      1.3129
 42. rate:  rate milex.beh (period 13)                      0.3212
 43. rate:  rate milex.beh (period 14)                      0.2948
 44. rate:  rate milex.beh (period 15)                      1.0851
 45. rate:  rate milex.beh (period 16)                      0.4075
 46. rate:  rate milex.beh (period 17)                      0.3524
 47. rate:  rate milex.beh (period 18)                      0.4067
 48. eval:  milex.beh linear shape                         -1.1717
 49. eval:  milex.beh quadratic shape                      -0.0278
 50. eval:  milex.beh degree                                0.0887
 51. eval:  milex.beh dense triads                         -0.0207
 52. eval:  milex.beh: effect from beh.democracy_1         -0.4488
 53. eval:  milex.beh: effect from beh.GDPgrowth_1         -2.2396
 54. eval:  milex.beh: effect from beh.nato_1               0.8752
 55. eval:  milex.beh: effect from beh.allies_1            -0.0109
 56. eval:  milex.beh: effect from beh.military_1           0.2575
 57. eval:  milex.beh: effect from beh.lnmids_1             0.1371
 58. eval:  milex.beh: effect from beh.milexSpLag_1         7.1308


Observed values of target statistics are
  1. Amount of network change in period 1                                10.0000
  2. Amount of network change in period 2                                34.0000
  3. Amount of network change in period 3                                86.0000
  4. Amount of network change in period 4                                94.0000
  5. Amount of network change in period 5                                76.0000
  6. Amount of network change in period 6                                76.0000
  7. Amount of network change in period 7                                94.0000
  8. Amount of network change in period 8                                78.0000
  9. Amount of network change in period 9                                84.0000
 10. Amount of network change in period 10                               72.0000
 11. Amount of network change in period 11                               84.0000
 12. Amount of network change in period 12                              114.0000
 13. Amount of network change in period 13                               94.0000
 14. Amount of network change in period 14                               88.0000
 15. Amount of network change in period 15                               80.0000
 16. Amount of network change in period 16                              138.0000
 17. Amount of network change in period 17                               96.0000
 18. Amount of network change in period 18                              112.0000
 19. Number of edges                                                   5257.0000
 20. Number of transitive triads                                       7339.0000
 21. Sum of squared degrees                                            333172.0000
 22. Sum of ties x nets.lndistance_d                                   -10629.6066
 23. Sum of ties x nets.ATOP_d                                         5960.4379
 24. Sum of ties x nets.absidealdiff_d                                 -2858.5692
 25. Sum of ties x nets.lntrade_d                                      37643.5933
 26. Sum of ties x nets.NATO_d                                         1247.4871
 27. Sum of degrees x milex.beh                                        -136.5119
 28. Sum of degrees x beh.democracy_1                                  2911.8786
 29. Sum of degrees x beh.lncinc_1                                     13015.0208
 30. Amount of behavioral change in period 1 on milex.beh                41.0000
 31. Amount of behavioral change in period 2 on milex.beh                50.0000
 32. Amount of behavioral change in period 3 on milex.beh                57.0000
 33. Amount of behavioral change in period 4 on milex.beh                52.0000
 34. Amount of behavioral change in period 5 on milex.beh                37.0000
 35. Amount of behavioral change in period 6 on milex.beh                32.0000
 36. Amount of behavioral change in period 7 on milex.beh                28.0000
 37. Amount of behavioral change in period 8 on milex.beh                31.0000
 38. Amount of behavioral change in period 9 on milex.beh                24.0000
 39. Amount of behavioral change in period 10 on milex.beh               71.0000
 40. Amount of behavioral change in period 11 on milex.beh               34.0000
 41. Amount of behavioral change in period 12 on milex.beh               55.0000
 42. Amount of behavioral change in period 13 on milex.beh               18.0000
 43. Amount of behavioral change in period 14 on milex.beh               17.0000
 44. Amount of behavioral change in period 15 on milex.beh               48.0000
 45. Amount of behavioral change in period 16 on milex.beh               20.0000
 46. Amount of behavioral change in period 17 on milex.beh               18.0000
 47. Amount of behavioral change in period 18 on milex.beh               21.0000
 48. milex.beh centered sum                                             -69.2728
 49. milex.beh sum of cent. squares                                    5872.2362
 50. milex.beh outdegrees                                              -140.2801
 51. milex.beh dense triads                                            -2487.5508
 52. milex.beh x beh.democracy_1                                       -379.2596
 53. milex.beh x beh.GDPgrowth_1                                         -0.6794
 54. milex.beh x beh.nato_1                                              58.7026
 55. milex.beh x beh.allies_1                                          -4906.7851
 56. milex.beh x beh.military_1                                         125.8892
 57. milex.beh x beh.lnmids_1                                           583.7664
 58. milex.beh x beh.milexSpLag_1                                        23.9632

 58 parameters, 58 statistics

Number of subphases is specified as 0.
Therefore the estimation phase is skipped
 and the program passes on immediately to phase 3
 for checking the current parameter values and calculating standard errors.
Estimation of derivatives by the LR method (type 1).


@2
End of stochastic approximation algorithm, phase 3.
---------------------------------------------------

Total of 3000 iterations.
Parameter estimates based on 0 iterations,
convergence diagnostics, covariance and derivative matrices based on 3000 iterations.

Information for convergence diagnosis.
Averages, standard deviations, and t-ratios for deviations from targets:
  1.  -0.1033    4.3229  -0.0239 
  2.   0.2560    8.2164   0.0312 
  3.  -0.4567   12.3369  -0.0370 
  4.  -0.2300   14.0771  -0.0163 
  5.   0.2087   11.4886   0.0182 
  6.  -0.2793   11.7463  -0.0238 
  7.   0.1307   13.0234   0.0100 
  8.  -0.1887   11.7877  -0.0160 
  9.   0.0427   12.7733   0.0033 
 10.  -0.0420   11.7922  -0.0036 
 11.   0.2413   12.2059   0.0198 
 12.   0.0780   14.6543   0.0053 
 13.  -0.1340   13.1830  -0.0102 
 14.   0.2273   12.8536   0.0177 
 15.   0.3747   12.2205   0.0307 
 16.   0.0607   16.1067   0.0038 
 17.   0.1467   13.5377   0.0108 
 18.  -0.5613   14.9080  -0.0377 
 19.   0.0863   26.7659   0.0032 
 20.   3.3770   90.6166   0.0373 
 21.  89.3813 2754.6471   0.0324 
 22.  -2.3640   66.6667  -0.0355 
 23.   0.3525   33.6848   0.0105 
 24.   0.2089   46.9158   0.0045 
 25.   0.5108  203.0936   0.0025 
 26.  -0.2511   10.7763  -0.0233 
 27.   0.5399   54.1997   0.0100 
 28.  -0.3000   19.6191  -0.0153 
 29.   1.0419   88.4765   0.0118 
 30.  -0.0980    5.6373  -0.0174 
 31.  -0.0407    6.0234  -0.0068 
 32.   0.0270    6.3736   0.0042 
 33.   0.0083    6.3140   0.0013 
 34.   0.2767    5.5741   0.0496 
 35.  -0.2213    5.1364  -0.0431 
 36.   0.0150    4.9139   0.0031 
 37.   0.0273    5.1411   0.0053 
 38.   0.0317    4.6249   0.0068 
 39.  -0.2023    6.8888  -0.0294 
 40.  -0.1307    5.3685  -0.0243 
 41.  -0.1220    6.2144  -0.0196 
 42.  -0.2043    4.0132  -0.0509 
 43.  -0.1567    3.8500  -0.0407 
 44.   0.1257    5.9478   0.0211 
 45.   0.0840    4.1827   0.0201 
 46.  -0.0700    4.0717  -0.0172 
 47.   0.0350    4.2166   0.0083 
 48.   0.0087   24.7027   0.0004 
 49.  -4.3129   94.6062  -0.0456 
 50.  -1.1123  187.3299  -0.0059 
 51.  -4.0400  503.9970  -0.0080 
 52.   0.5197   12.1742   0.0427 
 53.  -0.1011    2.2246  -0.0454 
 54.   0.1980    9.4313   0.0210 
 55.  11.4270  486.7588   0.0235 
 56.  -0.1385    6.7251  -0.0206 
 57.  -0.2407   15.8713  -0.0152 
 58.   0.0028    0.5031   0.0055 

Good convergence is indicated by the t-ratios being close to zero.

Overall maximum convergence ratio =  0.1908 .



@2
Estimation Results.
-------------------

Regular end of estimation algorithm.
Total of 3000 iteration steps.


@3
Estimates and standard errors
                             
Network Dynamics
 1. rate:  constant dv.net rate (period 1)                         0.0471  (   0.0222)
 2. rate:  constant dv.net rate (period 2)                         0.1395  (   0.0348)
 3. rate:  constant dv.net rate (period 3)                         0.4297  (   0.0786)
 4. rate:  constant dv.net rate (period 4)                         0.3478  (   0.0494)
 5. rate:  constant dv.net rate (period 5)                         0.3234  (   0.0600)
 6. rate:  constant dv.net rate (period 6)                         0.3183  (   0.0575)
 7. rate:  constant dv.net rate (period 7)                         0.3978  (   0.0645)
 8. rate:  constant dv.net rate (period 8)                         0.3086  (   0.0562)
 9. rate:  constant dv.net rate (period 9)                         0.3269  (   0.0532)
10. rate:  constant dv.net rate (period 10)                        0.2745  (   0.0480)
11. rate:  constant dv.net rate (period 11)                        0.3228  (   0.0550)
12. rate:  constant dv.net rate (period 12)                        0.4464  (   0.0652)
13. rate:  constant dv.net rate (period 13)                        0.3539  (   0.0555)
14. rate:  constant dv.net rate (period 14)                        0.3236  (   0.0524)
15. rate:  constant dv.net rate (period 15)                        0.2899  (   0.0483)
16. rate:  constant dv.net rate (period 16)                        0.5159  (   0.0671)
17. rate:  constant dv.net rate (period 17)                        0.3421  (   0.0519)
18. rate:  constant dv.net rate (period 18)                        0.3963  (   0.0538)
19. eval:  degree (density)                                       -5.5374  (   0.2161)
20. eval:  transitive triads                                       0.1584  (   0.0516)
21. eval:  degree act+pop                                          0.0572  (   0.0051)
22. eval:  nets.lndistance_d                                      -0.8576  (   0.0696)
23. eval:  nets.ATOP_d                                             1.0931  (   0.1343)
24. eval:  nets.absidealdiff_d                                    -0.6065  (   0.0696)
25. eval:  nets.lntrade_d                                          0.0709  (   0.0298)
26. eval:  nets.NATO_d                                            -3.3897  (   0.3467)
27. eval:  milex.beh alter                                        -0.0559  (   0.0578)
28. eval:  beh.democracy_1 alter                                   1.4516  (   0.2348)
29. eval:  beh.lncinc_1 alter                                      0.7991  (   0.0671)
Behavior Dynamics

30. rate:  rate milex.beh (period 1)                               0.9340  (   0.1768)
31. rate:  rate milex.beh (period 2)                               1.2965  (   0.2578)
32. rate:  rate milex.beh (period 3)                               1.3504  (   0.2620)
33. rate:  rate milex.beh (period 4)                               1.1915  (   0.2233)
34. rate:  rate milex.beh (period 5)                               0.6969  (   0.1336)
35. rate:  rate milex.beh (period 6)                               0.5621  (   0.1216)
36. rate:  rate milex.beh (period 7)                               0.4763  (   0.1046)
37. rate:  rate milex.beh (period 8)                               0.5215  (   0.1093)
38. rate:  rate milex.beh (period 9)                               0.3722  (   0.0834)
39. rate:  rate milex.beh (period 10)                              1.7115  (   0.3775)
40. rate:  rate milex.beh (period 11)                              0.5829  (   0.1108)
41. rate:  rate milex.beh (period 12)                              1.3129  (   0.2391)
42. rate:  rate milex.beh (period 13)                              0.3212  (   0.0798)
43. rate:  rate milex.beh (period 14)                              0.2948  (   0.0769)
44. rate:  rate milex.beh (period 15)                              1.0851  (   0.2098)
45. rate:  rate milex.beh (period 16)                              0.4075  (   0.1039)
46. rate:  rate milex.beh (period 17)                              0.3524  (   0.0862)
47. rate:  rate milex.beh (period 18)                              0.4067  (   0.0956)
48. eval:  milex.beh linear shape                                 -1.1717  (   0.0785)
49. eval:  milex.beh quadratic shape                              -0.0278  (   0.0235)
50. eval:  milex.beh degree                                        0.0887  (   0.0232)
51. eval:  milex.beh dense triads                                 -0.0207  (   0.0073)
52. eval:  milex.beh: effect from beh.democracy_1                 -0.4488  (   0.1341)
53. eval:  milex.beh: effect from beh.GDPgrowth_1                 -2.2396  (   0.8743)
54. eval:  milex.beh: effect from beh.nato_1                       0.8752  (   0.1639)
55. eval:  milex.beh: effect from beh.allies_1                    -0.0109  (   0.0036)
56. eval:  milex.beh: effect from beh.military_1                   0.2575  (   0.1906)
57. eval:  milex.beh: effect from beh.lnmids_1                     0.1371  (   0.0913)
58. eval:  milex.beh: effect from beh.milexSpLag_1                 7.1308  (   2.9273)


@3
Covariance matrices
                   
Covariance matrix of estimates (correlations below diagonal):
     0.000      0.000      0.000      0.000      0.000      0.000      0.000      0.000      0.000      0.000      0.000      0.000      0.000      0.000      0.000      0.000      0.000      0.000      0.000      0.000      0.000      0.000      0.000      0.000      0.000      0.000      0.000      0.000      0.000      0.000      0.000      0.000      0.000      0.000      0.000      0.000      0.000      0.000      0.000      0.000      0.000      0.000      0.000      0.000      0.000      0.000      0.000      0.000      0.000      0.000      0.000      0.000      0.000      0.000      0.000      0.000      0.000     -0.001
     0.016      0.001      0.000      0.000      0.000      0.000      0.000      0.000      0.000      0.000      0.000      0.000      0.000      0.000      0.000      0.000      0.000      0.000     -0.001      0.000      0.000      0.000      0.000      0.000      0.000     -0.001      0.000      0.000      0.000      0.000      0.000      0.000      0.000      0.000      0.000      0.000      0.000      0.000      0.000      0.000      0.000      0.000      0.000      0.000      0.000      0.000      0.000      0.000      0.000      0.000      0.000      0.000     -0.001      0.000      0.000      0.000      0.000     -0.005
     0.021      0.018      0.006      0.000      0.000      0.000      0.000      0.000      0.000      0.000      0.000      0.000      0.000      0.000      0.000      0.000      0.000      0.000     -0.001      0.000      0.000      0.001      0.000      0.000      0.000      0.001      0.000     -0.001     -0.001      0.000      0.000     -0.001      0.000      0.000      0.000      0.000      0.000      0.000      0.000      0.000      0.000      0.000      0.000      0.000      0.000      0.000      0.000      0.000      0.000      0.000      0.000      0.000      0.001      0.000      0.000      0.000      0.000      0.007
     0.018      0.018      0.036      0.002      0.000      0.000      0.000      0.000      0.000      0.000      0.000      0.000      0.000      0.000      0.000      0.000      0.000      0.000     -0.001      0.000      0.000      0.000      0.000      0.000      0.000      0.000      0.000      0.000      0.000      0.000      0.000      0.000      0.000      0.000      0.000      0.000      0.000      0.000      0.000      0.000      0.000      0.000      0.000      0.000      0.000      0.000      0.000      0.000      0.000      0.000      0.000      0.000     -0.001      0.000      0.000      0.000      0.000      0.001
     0.042      0.055      0.007      0.057      0.004      0.000      0.000      0.000      0.000      0.000      0.000      0.000      0.000      0.000      0.000      0.000      0.000      0.000     -0.001      0.000      0.000      0.000      0.000      0.000      0.000      0.000      0.000     -0.001      0.000      0.000      0.000      0.000      0.000      0.000      0.000      0.000      0.000      0.000      0.000      0.000      0.000      0.000      0.000      0.000      0.000      0.000      0.000      0.000      0.000      0.000      0.000      0.000     -0.001      0.000      0.000      0.000      0.000      0.003
     0.028      0.030      0.021     -0.001     -0.004      0.003      0.000      0.000      0.000      0.000      0.000      0.000      0.000      0.000      0.000      0.000      0.000      0.000     -0.001      0.000      0.000      0.000      0.000      0.000      0.000      0.000      0.000     -0.001      0.000      0.000      0.000      0.000      0.000      0.000     -0.001      0.000      0.000      0.000      0.000      0.000      0.000      0.000      0.000      0.000      0.000      0.000      0.000      0.000      0.000      0.000      0.000      0.000      0.000      0.000      0.000      0.000      0.000     -0.003
    -0.004      0.039      0.014      0.041      0.047     -0.026      0.004      0.000      0.000      0.000      0.000      0.000      0.000      0.000      0.000      0.000      0.000      0.000      0.000      0.000      0.000      0.000      0.000      0.000      0.000      0.001      0.000     -0.001      0.000      0.000      0.000      0.000      0.000      0.000      0.000      0.000      0.000      0.000     -0.001      0.000      0.000      0.000      0.000      0.000      0.000      0.000      0.000      0.000      0.000      0.000      0.000      0.000     -0.001      0.000      0.000      0.000      0.000      0.002
    -0.023      0.046      0.000      0.030      0.030      0.012      0.041      0.003      0.000      0.000      0.000      0.000      0.000      0.000      0.000      0.000      0.000      0.000      0.000      0.000      0.000      0.000      0.000      0.000      0.000      0.001      0.000     -0.001      0.000      0.000      0.000      0.000      0.000      0.000      0.000      0.000      0.000      0.000      0.000      0.000      0.000      0.000      0.000      0.000      0.000      0.000      0.000      0.000      0.000      0.000      0.000      0.000      0.002      0.000      0.000      0.000      0.000      0.000
     0.044     -0.001      0.031      0.030      0.003      0.010     -0.015      0.009      0.003      0.000      0.000      0.000      0.000      0.000      0.000      0.000      0.000      0.000      0.000      0.000      0.000      0.000      0.000      0.000      0.000      0.001      0.000      0.000      0.000      0.000      0.000      0.000      0.000      0.000      0.000      0.000      0.000      0.000     -0.001      0.000      0.000      0.000      0.000      0.000      0.000      0.000      0.000      0.000      0.000      0.000      0.000      0.000     -0.001      0.000      0.000      0.000      0.000      0.000
     0.029      0.021      0.009      0.019      0.007      0.022      0.027      0.015      0.016      0.002      0.000      0.000      0.000      0.000      0.000      0.000      0.000      0.000      0.000      0.000      0.000      0.000      0.000      0.000      0.000      0.000      0.000      0.000      0.000      0.000      0.000      0.000      0.000      0.000      0.000      0.000      0.000      0.000      0.000      0.000      0.000      0.000      0.000      0.000      0.000      0.000      0.000      0.000      0.000      0.000      0.000      0.000      0.000      0.000      0.000      0.000      0.000     -0.001
    -0.001      0.008      0.024      0.019      0.020      0.015      0.009     -0.017     -0.011     -0.026      0.003      0.000      0.000      0.000      0.000      0.000      0.000      0.000      0.000      0.000      0.000      0.000      0.000      0.000      0.000      0.000      0.000      0.000      0.000      0.000      0.000      0.000      0.000      0.000      0.000      0.000      0.000      0.000     -0.001      0.000      0.000      0.000      0.000      0.000      0.000      0.000      0.000      0.000      0.000      0.000      0.000      0.000      0.000      0.000      0.000      0.000      0.000     -0.003
     0.002     -0.006      0.019     -0.037      0.003      0.041     -0.017      0.007     -0.014     -0.005      0.034      0.004      0.000      0.000      0.000      0.000      0.000      0.000      0.000      0.000      0.000      0.000      0.000      0.000      0.000      0.001      0.000     -0.001      0.000      0.000      0.000      0.000      0.000      0.000      0.000      0.000      0.000      0.000      0.000      0.000      0.000      0.000      0.000      0.000      0.000      0.000      0.000      0.000      0.000      0.000      0.000      0.000     -0.001      0.000      0.000      0.000      0.000      0.002
     0.005      0.019      0.016      0.000      0.007      0.030     -0.014      0.048     -0.006      0.018      0.005      0.014      0.003      0.000      0.000      0.000      0.000      0.000      0.000      0.000      0.000      0.000      0.000      0.000      0.000      0.000      0.000      0.000      0.000      0.000      0.000      0.000      0.000      0.000      0.000      0.000      0.000      0.000     -0.001      0.000      0.000      0.000      0.000      0.000      0.000      0.000      0.000      0.000      0.000      0.000      0.000      0.000      0.000      0.000      0.000      0.000      0.000      0.002
     0.001      0.011     -0.003      0.022      0.023      0.004      0.001     -0.003      0.006      0.000      0.006      0.027      0.034      0.003      0.000      0.000      0.000      0.000      0.000      0.000      0.000      0.000      0.000      0.000      0.000      0.000      0.000      0.000      0.000      0.000      0.001      0.000      0.000      0.000      0.000      0.000      0.000      0.000      0.000      0.000      0.000      0.000      0.000      0.000      0.000      0.000      0.000      0.000      0.000      0.000      0.000      0.000      0.000      0.000      0.000      0.000      0.000     -0.002
     0.001      0.011      0.003      0.012      0.013      0.053      0.018     -0.005     -0.024      0.030      0.027      0.035      0.000     -0.008      0.002      0.000      0.000      0.000      0.000      0.000      0.000      0.000      0.000      0.000      0.000      0.001      0.000      0.000      0.000      0.000      0.000     -0.001      0.000      0.000      0.000      0.000      0.000      0.000      0.000      0.000      0.000      0.000      0.000      0.000      0.000      0.000      0.000      0.000      0.000      0.000      0.000      0.000      0.000      0.000      0.000      0.000      0.000      0.002
     0.009      0.019      0.010      0.052      0.022      0.010      0.019     -0.005     -0.008      0.035      0.030      0.008      0.014      0.016      0.022      0.005      0.000      0.000      0.000      0.000      0.000      0.000      0.000      0.000      0.000      0.000      0.000      0.000      0.000      0.000      0.000      0.000      0.000      0.000      0.000      0.000      0.000      0.000      0.000      0.000      0.000      0.000      0.000      0.000      0.000      0.000      0.000      0.000      0.000      0.000      0.000      0.000      0.000      0.000      0.000      0.000      0.000      0.007
     0.005      0.008      0.001     -0.015     -0.024     -0.005     -0.005      0.010      0.006     -0.003      0.009     -0.007     -0.010      0.013     -0.018      0.024      0.003      0.000      0.000      0.000      0.000      0.000      0.000      0.000      0.000      0.001      0.000      0.000      0.000      0.000      0.000      0.000      0.000      0.000      0.000      0.000      0.000      0.000     -0.001      0.000      0.000      0.000      0.000      0.000      0.000      0.000      0.000      0.000      0.000      0.000      0.000      0.000      0.000      0.000      0.000      0.000      0.000     -0.001
    -0.020      0.009      0.020      0.025      0.029      0.063     -0.007      0.011      0.013      0.020      0.028      0.024     -0.005      0.019      0.001     -0.025     -0.038      0.003      0.000      0.000      0.000      0.000      0.000      0.000      0.000      0.001      0.000      0.000      0.000      0.000      0.000      0.000      0.000      0.000      0.000      0.000      0.000      0.000     -0.001      0.000      0.000      0.000      0.000      0.000      0.000      0.000      0.000      0.000      0.000      0.000      0.000      0.000      0.000      0.000      0.000      0.000      0.000      0.003
    -0.091     -0.099     -0.042     -0.098     -0.040     -0.047     -0.011     -0.029     -0.038     -0.030     -0.002      0.015     -0.023     -0.010      0.023     -0.027     -0.010      0.038      0.047     -0.004      0.000      0.006     -0.007      0.005      0.000      0.024      0.002     -0.019     -0.008      0.001      0.000      0.000      0.000      0.001      0.001      0.000      0.000     -0.001      0.000      0.000     -0.001      0.000      0.000     -0.001      0.001      0.000      0.000      0.000      0.000      0.000      0.000      0.000      0.001      0.002      0.000     -0.002      0.001     -0.003
    -0.006      0.029     -0.021      0.022     -0.021     -0.003     -0.027     -0.013     -0.001     -0.030      0.005      0.028      0.015      0.032      0.007      0.035      0.015     -0.002     -0.324      0.003      0.000     -0.001      0.000     -0.001      0.000     -0.008      0.000      0.004      0.001      0.000      0.000      0.000      0.000      0.000      0.000      0.000      0.000      0.000      0.000      0.000      0.000      0.000      0.000      0.000      0.000      0.000      0.000      0.000      0.000      0.000      0.000      0.000      0.000      0.000      0.000      0.000      0.000      0.002
     0.055      0.062      0.113      0.064      0.098      0.044      0.072      0.056      0.028      0.056      0.022     -0.017     -0.001     -0.015     -0.035      0.015     -0.027     -0.060     -0.253     -0.545      0.000      0.000      0.000      0.000      0.000      0.000      0.000      0.000      0.000      0.000      0.000      0.000      0.000      0.000      0.000      0.000      0.000      0.000      0.000      0.000      0.000      0.000      0.000      0.000      0.000      0.000      0.000      0.000      0.000      0.000      0.000      0.000      0.000      0.000      0.000      0.000      0.000      0.000
     0.008      0.033      0.103      0.037      0.070      0.060      0.087      0.044      0.039      0.018      0.039      0.081     -0.004      0.047      0.030      0.033      0.019      0.016      0.370     -0.169      0.089      0.005      0.002      0.001      0.001      0.003      0.000     -0.004     -0.003      0.000      0.000      0.000      0.000      0.000      0.000      0.000      0.000      0.000     -0.001      0.000      0.000      0.000      0.000      0.000      0.000      0.000      0.000      0.000      0.000      0.000      0.000      0.000      0.000      0.000      0.000      0.000      0.000     -0.006
     0.007      0.008     -0.026      0.019     -0.037     -0.049      0.011     -0.023     -0.001     -0.007     -0.038     -0.039     -0.035     -0.048      0.020     -0.023      0.010     -0.059     -0.228      0.020     -0.035      0.192      0.018      0.001     -0.001     -0.006     -0.002      0.008      0.002      0.000     -0.001      0.001      0.000      0.000      0.000      0.000      0.000      0.000     -0.002      0.000      0.000      0.000      0.000     -0.001      0.000      0.000      0.000      0.000      0.000      0.000      0.000     -0.001      0.000      0.000      0.000     -0.001      0.000     -0.002
    -0.022     -0.013      0.025     -0.003      0.016     -0.018      0.041      0.031      0.031     -0.004      0.013      0.037      0.003     -0.027      0.008      0.011      0.015     -0.007      0.352     -0.187     -0.001      0.104      0.103      0.005      0.000      0.007     -0.001     -0.005     -0.001      0.001      0.000      0.000      0.000      0.000      0.000      0.000      0.000      0.000     -0.001      0.000      0.000      0.000      0.000      0.000      0.000      0.000      0.000      0.000      0.000      0.000      0.000      0.000      0.000      0.001      0.000      0.000      0.000      0.001
     0.049      0.083      0.106      0.060      0.109      0.105      0.080      0.067      0.024      0.021      0.065      0.053      0.045      0.066     -0.025      0.032      0.023      0.011     -0.025     -0.103      0.204      0.445     -0.193     -0.105      0.001     -0.001      0.000     -0.001     -0.001      0.000      0.000      0.000      0.000      0.000      0.000      0.000      0.000      0.000      0.000      0.000      0.000      0.000      0.000      0.000      0.000      0.000      0.000      0.000      0.000      0.000      0.000      0.000      0.000      0.000      0.000      0.000      0.000     -0.001
    -0.012     -0.057      0.034      0.009      0.010      0.025      0.042      0.026      0.032      0.023     -0.003      0.050     -0.008     -0.011      0.030      0.002      0.034      0.041      0.314     -0.455      0.067      0.126     -0.120      0.283     -0.114      0.120     -0.002     -0.030     -0.003      0.001      0.001     -0.001     -0.002     -0.001     -0.001      0.000      0.001     -0.001     -0.005     -0.001      0.001     -0.001      0.000     -0.003      0.001      0.000      0.000      0.000      0.000      0.000      0.000      0.001      0.001      0.000      0.000     -0.001      0.001      0.000
    -0.029     -0.025     -0.011     -0.040     -0.018     -0.002     -0.045     -0.022     -0.037     -0.015      0.008     -0.016      0.019     -0.011      0.010      0.007      0.026      0.045      0.147      0.121     -0.211     -0.022     -0.194     -0.345      0.063     -0.093      0.003      0.003     -0.001      0.000      0.000     -0.001      0.000      0.000      0.000      0.000      0.000      0.000      0.000      0.000      0.000      0.000      0.000      0.000      0.000      0.000      0.000      0.000      0.000      0.000      0.000      0.000      0.000      0.000      0.000      0.000      0.000     -0.003
    -0.025      0.005     -0.077     -0.004     -0.059     -0.072     -0.072     -0.046     -0.025     -0.043     -0.013     -0.057     -0.024     -0.012     -0.004     -0.016     -0.010     -0.022     -0.373      0.354     -0.333     -0.231      0.267     -0.306     -0.114     -0.368      0.188      0.055      0.004     -0.001      0.001      0.001     -0.001      0.000     -0.001      0.000      0.000      0.000     -0.001      0.000     -0.001      0.000      0.000      0.001      0.000     -0.001      0.000      0.000      0.000      0.000      0.000      0.000      0.002      0.000      0.000     -0.001      0.000     -0.013
     0.011     -0.028     -0.127     -0.028     -0.112     -0.041     -0.098     -0.056     -0.035     -0.031     -0.066     -0.070     -0.025     -0.043     -0.018     -0.034     -0.006     -0.015     -0.532      0.382     -0.307     -0.580      0.186     -0.266     -0.563     -0.146     -0.157      0.285      0.005      0.000      0.000      0.000      0.000      0.000      0.000      0.000      0.000      0.000      0.001      0.000     -0.001      0.000      0.000      0.000      0.000      0.000      0.000      0.000      0.000      0.000      0.000      0.000      0.000      0.000      0.000      0.000      0.000      0.003
    -0.032     -0.040      0.020     -0.025      0.021      0.010     -0.016     -0.037      0.004      0.002      0.000      0.004     -0.001     -0.026      0.025     -0.003     -0.005     -0.015      0.017      0.000     -0.023      0.003      0.003      0.046     -0.004      0.010     -0.002     -0.018     -0.001      0.031      0.001      0.000      0.000      0.001      0.001      0.000      0.000      0.000     -0.002      0.000      0.000      0.000      0.000      0.000     -0.001      0.000      0.000      0.000      0.000      0.000      0.000      0.001      0.002     -0.001      0.000     -0.001     -0.001      0.029
     0.032     -0.015     -0.007     -0.008      0.013      0.011     -0.009     -0.017      0.024     -0.004      0.006     -0.014      0.004      0.037      0.028      0.006     -0.004     -0.003     -0.004     -0.009      0.012     -0.014     -0.026     -0.018     -0.030      0.009      0.008      0.021      0.004      0.014      0.066     -0.001      0.002      0.001      0.001      0.000      0.000      0.000      0.002      0.000      0.000      0.000      0.000      0.000      0.000      0.000      0.000     -0.001      0.001      0.000      0.000      0.001      0.001     -0.001      0.000     -0.002      0.000      0.039
    -0.007     -0.021     -0.032      0.024      0.015     -0.029      0.001      0.007     -0.016      0.017     -0.002      0.000      0.005     -0.013     -0.042     -0.009     -0.020      0.013     -0.007     -0.019      0.007      0.011      0.034      0.014      0.008     -0.008     -0.038      0.012     -0.006      0.011     -0.008      0.069      0.000      0.001      0.000      0.001      0.000     -0.001      0.000      0.000      0.000      0.000      0.000      0.000     -0.001      0.000     -0.001      0.000      0.001      0.000      0.000      0.003      0.030     -0.003      0.000     -0.001      0.000      0.030
    -0.008     -0.006      0.027      0.017     -0.018      0.001      0.004     -0.030      0.027      0.021      0.015     -0.023      0.014      0.013      0.010      0.007     -0.012     -0.004      0.000     -0.009      0.014      0.032      0.013      0.010      0.049     -0.031     -0.014     -0.013     -0.026     -0.009      0.033      0.007      0.050      0.000      0.000      0.001      0.000      0.000     -0.002      0.000      0.000      0.000      0.000     -0.001      0.000      0.000      0.000     -0.001      0.001      0.000      0.000      0.001      0.005      0.000      0.000     -0.001      0.000      0.000
    -0.009     -0.023     -0.002      0.031      0.029     -0.018     -0.033     -0.028      0.010      0.015     -0.017     -0.009     -0.017     -0.009     -0.035     -0.009      0.009      0.013      0.019      0.017     -0.013      0.027      0.006     -0.002      0.011     -0.013     -0.004      0.014     -0.015      0.031      0.039      0.031      0.014      0.018      0.000      0.000      0.000      0.000      0.002      0.000      0.000      0.000      0.000      0.000      0.000      0.000     -0.001      0.000      0.000      0.000      0.000      0.000      0.009      0.001      0.000      0.001      0.000     -0.003
     0.004     -0.014     -0.004      0.037      0.032     -0.093      0.008     -0.017     -0.005     -0.011     -0.007     -0.012     -0.004     -0.005      0.011      0.012      0.009     -0.031      0.027     -0.040      0.003      0.026     -0.004      0.007      0.027     -0.013     -0.008     -0.020     -0.040      0.029      0.042      0.005     -0.002      0.018      0.015      0.000      0.000      0.000      0.001      0.000      0.000      0.000      0.000      0.001      0.000      0.000      0.000      0.000      0.000      0.000      0.000      0.000      0.004      0.001      0.000      0.000      0.000     -0.001
     0.004     -0.022      0.028     -0.057      0.023     -0.023     -0.012      0.014     -0.013     -0.019      0.017     -0.001      0.005      0.014     -0.007     -0.021     -0.003     -0.009      0.009     -0.015     -0.010      0.021     -0.005     -0.015      0.049      0.001      0.005     -0.001     -0.028      0.016     -0.010      0.022      0.028      0.029      0.005      0.011      0.000      0.000      0.000      0.000      0.001      0.000      0.000      0.000      0.000      0.000      0.000      0.000      0.000      0.000      0.000      0.000      0.004      0.000      0.000      0.000      0.000     -0.007
     0.001     -0.024     -0.010      0.031     -0.043     -0.007     -0.024     -0.009      0.017      0.002     -0.027     -0.013      0.020      0.022     -0.016      0.012     -0.007      0.040     -0.007      0.008     -0.029      0.010      0.029      0.015      0.012      0.016     -0.010      0.001      0.010      0.019     -0.007      0.014     -0.001      0.002      0.008      0.025      0.012      0.000      0.000      0.000      0.000      0.000      0.000      0.000      0.000      0.000      0.000      0.000      0.000      0.000      0.000      0.000      0.000      0.000      0.000      0.000      0.000      0.010
     0.039      0.007     -0.005      0.009      0.017     -0.041     -0.003      0.022     -0.085      0.008     -0.020      0.023     -0.013      0.017     -0.031     -0.001     -0.019     -0.012     -0.036     -0.014      0.036     -0.036     -0.011      0.006      0.013     -0.022     -0.021     -0.005      0.010      0.017     -0.008     -0.027     -0.003      0.004      0.001      0.017      0.001      0.007      0.000      0.000      0.000      0.000      0.000     -0.001      0.000      0.000      0.000      0.000      0.000      0.000      0.000     -0.001      0.001      0.001      0.000      0.001      0.000     -0.002
     0.044     -0.014      0.001     -0.017      0.016     -0.021     -0.026     -0.015     -0.027      0.010     -0.028     -0.012     -0.039     -0.002     -0.004     -0.005     -0.026     -0.030      0.004     -0.001     -0.007     -0.024     -0.039     -0.021     -0.005     -0.041      0.010     -0.006      0.048     -0.024      0.023     -0.001     -0.019      0.036      0.019     -0.001     -0.004      0.007      0.142      0.000      0.001      0.000      0.000      0.001      0.001      0.000      0.001      0.000      0.001      0.000      0.000     -0.002      0.001     -0.002      0.000      0.005      0.001     -0.010
     0.013     -0.018     -0.019      0.013      0.013      0.012      0.044     -0.005      0.013      0.002     -0.036     -0.006     -0.023     -0.003     -0.005     -0.035     -0.012     -0.006     -0.001      0.006     -0.007      0.035      0.029      0.005      0.010     -0.029     -0.016      0.015      0.020      0.011      0.000     -0.012      0.012      0.033      0.008      0.008      0.009     -0.012     -0.001      0.012      0.000      0.000      0.000      0.000      0.000      0.000      0.000      0.000      0.000      0.000      0.000      0.000      0.002      0.000      0.000      0.000      0.000     -0.007
    -0.022     -0.038     -0.005     -0.037      0.005     -0.018      0.007     -0.013     -0.027      0.019      0.019      0.027     -0.008      0.003     -0.016      0.011      0.034     -0.012     -0.012     -0.040      0.052      0.021      0.000      0.005      0.045      0.014      0.013     -0.027     -0.035      0.011      0.001      0.007     -0.006      0.011      0.007      0.033     -0.002      0.008      0.010      0.015      0.057      0.000      0.000      0.000      0.000      0.000      0.000      0.000      0.000      0.000      0.000     -0.001      0.006     -0.002      0.000      0.000     -0.001      0.008
    -0.008      0.017     -0.021      0.012     -0.004      0.015     -0.003      0.007     -0.006      0.036     -0.025     -0.014     -0.002      0.022     -0.019      0.005      0.006      0.006     -0.023      0.005      0.013     -0.015      0.017      0.033     -0.013     -0.021     -0.019      0.000      0.013     -0.033      0.008      0.003      0.003     -0.007      0.012     -0.029      0.005      0.010     -0.015      0.006     -0.008      0.006      0.000      0.000      0.000      0.000      0.000      0.000      0.000      0.000      0.000      0.000      0.002      0.000      0.000      0.000      0.000     -0.003
     0.016     -0.034      0.015      0.024      0.037     -0.011      0.012      0.000     -0.001      0.042     -0.006      0.001      0.018      0.010      0.001      0.010      0.008      0.038     -0.018     -0.005     -0.001     -0.024     -0.012     -0.005      0.012     -0.015     -0.023      0.016      0.012      0.013      0.017     -0.003      0.021      0.021      0.013      0.011      0.012      0.026     -0.015      0.020     -0.018      0.024      0.006      0.000      0.000      0.000      0.000      0.000      0.000      0.000      0.000     -0.001      0.001      0.001      0.000     -0.001      0.000      0.002
    -0.004     -0.014      0.007     -0.027     -0.001     -0.018      0.007     -0.019     -0.015     -0.018     -0.008      0.017     -0.018     -0.001      0.029     -0.011      0.003     -0.026     -0.015      0.010     -0.020      0.004     -0.023     -0.029      0.038     -0.035      0.029      0.020      0.011      0.001      0.006      0.003     -0.019      0.015      0.038      0.017     -0.013     -0.034      0.014     -0.004     -0.003     -0.003      0.002      0.044      0.000      0.001      0.000     -0.001      0.000      0.000      0.000     -0.001      0.006      0.000      0.000      0.000      0.000     -0.004
    -0.004      0.005     -0.030     -0.014      0.027     -0.014      0.025      0.023     -0.007     -0.013     -0.011     -0.014      0.000      0.031      0.002     -0.004     -0.021      0.005      0.053     -0.046      0.005      0.024     -0.003      0.015      0.007      0.039      0.039     -0.006     -0.045     -0.031      0.006     -0.047      0.011      0.027     -0.003      0.013     -0.032      0.020      0.022      0.015      0.005      0.016      0.027      0.004      0.011      0.000      0.000     -0.001      0.000      0.000      0.000      0.000     -0.001      0.000      0.000      0.000      0.000      0.011
    -0.001      0.012     -0.011     -0.015      0.017     -0.023     -0.030     -0.034      0.024      0.000      0.009      0.013     -0.028      0.012     -0.016      0.005      0.016     -0.053      0.017      0.000      0.011      0.055      0.006      0.007     -0.003      0.002     -0.007     -0.034     -0.026     -0.009      0.010      0.012     -0.002     -0.028     -0.004      0.026      0.011      0.012      0.008     -0.007     -0.017      0.020      0.028      0.034      0.010      0.007      0.000      0.000      0.000      0.000      0.000      0.000     -0.001      0.001      0.000      0.000      0.000      0.003
     0.011     -0.014      0.013     -0.013     -0.007      0.024     -0.008     -0.007      0.013     -0.018      0.023      0.007      0.018      0.018     -0.010     -0.008     -0.005     -0.008     -0.010      0.021     -0.002      0.012     -0.036     -0.009      0.025     -0.003      0.014      0.003     -0.019      0.016     -0.007     -0.026     -0.015     -0.048     -0.042      0.004      0.008      0.035      0.024     -0.024      0.009     -0.009     -0.010     -0.001      0.037     -0.002      0.009      0.000      0.000      0.000      0.000      0.000     -0.003      0.000      0.000      0.000      0.000     -0.004
    -0.017      0.017     -0.042      0.013     -0.022     -0.007      0.016      0.032      0.002      0.000      0.004     -0.008     -0.005     -0.028     -0.028      0.007      0.026     -0.003     -0.013      0.001     -0.011     -0.034     -0.006     -0.015     -0.013     -0.004      0.005      0.013      0.034     -0.014     -0.032      0.005     -0.030     -0.047     -0.035      0.007     -0.009     -0.014     -0.003     -0.038      0.002     -0.048     -0.055     -0.053     -0.092     -0.067     -0.039      0.006      0.000     -0.001      0.000      0.002      0.014     -0.002      0.000     -0.001      0.001     -0.031
     0.001     -0.018     -0.004      0.018      0.012     -0.002     -0.028      0.002     -0.035      0.003      0.024     -0.017     -0.006      0.011     -0.008     -0.041     -0.006     -0.006      0.007      0.003     -0.013      0.000     -0.019     -0.014      0.025     -0.019      0.033      0.019     -0.015      0.087      0.115      0.120      0.106      0.098      0.094      0.049      0.002     -0.007      0.067      0.037      0.041      0.011      0.042      0.092      0.039      0.033      0.016     -0.123      0.001      0.000      0.000      0.001      0.003      0.000      0.000      0.000      0.000     -0.024
     0.012      0.008      0.042     -0.011     -0.007      0.028     -0.013     -0.004      0.013     -0.028     -0.025      0.020      0.001      0.007      0.007      0.019     -0.040     -0.024     -0.007      0.009      0.022      0.031      0.032      0.009     -0.012      0.002     -0.007     -0.029      0.003      0.017     -0.025     -0.030     -0.004     -0.035     -0.056     -0.027     -0.037      0.025      0.025      0.027      0.018      0.011      0.026     -0.002      0.039      0.016      0.036     -0.565     -0.148      0.001      0.000     -0.001     -0.002      0.000      0.000      0.000     -0.001      0.008
    -0.001     -0.012     -0.048      0.008      0.009     -0.026      0.012     -0.012     -0.016      0.018      0.022     -0.015     -0.010     -0.005      0.005     -0.019      0.047      0.035      0.003     -0.017     -0.003     -0.021     -0.017     -0.001      0.029      0.004     -0.007      0.030     -0.019     -0.030      0.012      0.025      0.002      0.032      0.044      0.005      0.031     -0.041     -0.071     -0.034     -0.016     -0.002     -0.039      0.007     -0.042     -0.012     -0.029      0.381      0.117     -0.902      0.000      0.000      0.000      0.000      0.000      0.000      0.000     -0.001
    -0.014      0.003      0.006      0.015      0.001      0.004     -0.013     -0.020      0.009      0.039     -0.001     -0.005      0.007     -0.014     -0.007     -0.001      0.011     -0.004     -0.009     -0.013      0.014     -0.044     -0.035     -0.034      0.012      0.016      0.043     -0.002      0.003      0.046      0.034      0.085      0.032      0.009     -0.019      0.020      0.003     -0.060     -0.041     -0.010     -0.030     -0.031     -0.066     -0.022      0.027     -0.026      0.000      0.215      0.171     -0.185      0.148      0.018      0.006     -0.009      0.000      0.004      0.001      0.032
    -0.017     -0.027      0.021     -0.012     -0.015      0.010     -0.014      0.033     -0.019      0.004     -0.001     -0.021      0.000     -0.006     -0.004      0.006     -0.004      0.005      0.005      0.000     -0.011      0.004      0.003      0.000      0.018      0.002      0.004      0.007     -0.006      0.015      0.004      0.129      0.024      0.076      0.034      0.039     -0.004      0.010      0.003      0.017      0.027      0.027      0.014      0.031     -0.010     -0.015     -0.041      0.202      0.169     -0.089      0.038      0.048      0.764     -0.004      0.000     -0.011      0.006     -0.254
     0.005      0.018      0.008     -0.010     -0.013     -0.015      0.011      0.012      0.000     -0.015      0.001      0.026      0.007      0.043      0.032     -0.030      0.002      0.022      0.046     -0.005     -0.020      0.023     -0.013      0.046     -0.015      0.002     -0.012     -0.006     -0.036     -0.025     -0.015     -0.059      0.000      0.046      0.063     -0.005      0.020      0.041     -0.038      0.003     -0.040      0.022      0.062      0.008      0.010      0.056      0.014     -0.186     -0.022     -0.088      0.030     -0.422     -0.025      0.027      0.000     -0.001     -0.002     -0.024
    -0.006     -0.025      0.009      0.021      0.013     -0.004     -0.002      0.041     -0.007      0.002     -0.002     -0.051      0.003     -0.025     -0.006     -0.001      0.008     -0.011     -0.038      0.029      0.005      0.017      0.013     -0.048      0.029     -0.038      0.001      0.019      0.008      0.040      0.043      0.049     -0.015     -0.016      0.010      0.025      0.018      0.004      0.000     -0.019      0.015     -0.020     -0.019     -0.017     -0.093     -0.031     -0.028      0.422      0.056     -0.362      0.207     -0.017      0.042     -0.316      0.000      0.000      0.000      0.000
    -0.012     -0.001      0.022      0.021     -0.013      0.002     -0.013     -0.010     -0.017      0.013      0.001      0.005      0.006      0.012      0.004      0.000     -0.026      0.003     -0.036      0.027      0.017     -0.009     -0.024     -0.010      0.007     -0.011     -0.006     -0.016      0.018     -0.015     -0.047     -0.012     -0.025      0.027     -0.007      0.001      0.020      0.038      0.067     -0.005      0.010      0.016     -0.040     -0.010     -0.016      0.005     -0.021     -0.070     -0.089      0.051     -0.039      0.138     -0.064     -0.032      0.059      0.036      0.000      0.046
     0.019      0.019     -0.014     -0.026      0.003     -0.009      0.014     -0.012      0.011      0.001      0.029      0.019     -0.010      0.013     -0.027      0.006      0.000      0.020      0.032     -0.049      0.008      0.013     -0.021     -0.006     -0.007      0.027     -0.002     -0.006     -0.020     -0.043      0.009     -0.009     -0.023      0.037      0.002      0.021      0.011      0.004      0.028      0.012     -0.030      0.014      0.000     -0.006     -0.002     -0.011     -0.011      0.135     -0.178     -0.263      0.207      0.092      0.073     -0.153      0.027     -0.003      0.008     -0.025
    -0.012     -0.045      0.029      0.004      0.014     -0.019      0.013      0.002      0.003     -0.004     -0.019      0.011      0.015     -0.010      0.012      0.033     -0.010      0.019     -0.004      0.013     -0.004     -0.031     -0.005      0.007     -0.009      0.000     -0.016     -0.019      0.013      0.057      0.052      0.039      0.000     -0.008     -0.003     -0.023      0.032     -0.010     -0.009     -0.023      0.012     -0.015      0.009     -0.007      0.035      0.012     -0.016     -0.133     -0.345      0.115     -0.070      0.080     -0.099     -0.050     -0.002      0.082     -0.092      8.569

Derivative matrix of expected statistics X by parameters and
covariance/correlation matrix of X can be found using
summary(ans) within R, or by using the 'verbose' option in Siena07.
 
Total computation time 815.88 seconds.
