

-----------------------------------
New Analysis started.
Date and time: 21/09/2026 16:39:52
New results follow.
-----------------------------------

RSiena version 1.3.10 (28 Apr 22)


@1
Estimation by stochastic approximation algorithm.
=================================================

Current random number seed is 12345.
Effects object used: effs 
Model Type:
 Initiative model
Behavioral Model Type:
 Standard behavior actor-oriented model ('restrict')
Estimation method: unconditional moment estimation
.

Time duration for simulations in each period is 1.0.
Changing composition.
Joiners/leavers option: 1
Standard errors are estimated with the likelihood ratio method.
Dolby method (regression on scores) is used.
Initial value of gain parameter is  0.2000000.
Reduction factor for gain parameter is  0.5000000.
Number of subphases in Phase 2 is 3.

Initial parameter values are 
  1. rate:  constant dv.net rate (period 1)                 0.1737
  2. rate:  constant dv.net rate (period 2)                 0.4673
  3. rate:  constant dv.net rate (period 3)                 0.8177
  4. rate:  constant dv.net rate (period 4)                 1.1922
  5. rate:  constant dv.net rate (period 5)                 0.9644
  6. rate:  constant dv.net rate (period 6)                 0.9644
  7. rate:  constant dv.net rate (period 7)                 1.1922
  8. rate:  constant dv.net rate (period 8)                 0.9897
  9. rate:  constant dv.net rate (period 9)                 1.0657
 10. rate:  constant dv.net rate (period 10)                0.9138
 11. rate:  constant dv.net rate (period 11)                1.0657
 12. rate:  constant dv.net rate (period 12)                1.4453
 13. rate:  constant dv.net rate (period 13)                1.1922
 14. rate:  constant dv.net rate (period 14)                1.1163
 15. rate:  constant dv.net rate (period 15)                1.0150
 16. eval:  degree (density)                               -0.2535
 17. eval:  GWESP (69)                                      0.0000
 18. eval:  degree act+pop                                  0.0000
 19. eval:  nets.lndistance_d                               0.0000
 20. eval:  nets.ATOP_d                                     0.0000
 21. eval:  nets.absidealdiff_d                             0.0000
 22. eval:  nets.lntrade_d                                  0.0000
 23. eval:  nets.NATO_d                                     0.0000
 24. eval:  milex.beh alter                                 0.0000
 25. eval:  beh.democracy_1 alter                           0.0000
 26. eval:  beh.lncinc_1 alter                              0.0000
 27. rate:  rate milex.beh (period 1)                       0.7680
 28. rate:  rate milex.beh (period 2)                       0.9106
 29. rate:  rate milex.beh (period 3)                       1.2728
 30. rate:  rate milex.beh (period 4)                       0.8873
 31. rate:  rate milex.beh (period 5)                       0.3413
 32. rate:  rate milex.beh (period 6)                       0.5489
 33. rate:  rate milex.beh (period 7)                       0.3224
 34. rate:  rate milex.beh (period 8)                       0.3545
 35. rate:  rate milex.beh (period 9)                       0.2491
 36. rate:  rate milex.beh (period 10)                      0.9035
 37. rate:  rate milex.beh (period 11)                      0.3190
 38. rate:  rate milex.beh (period 12)                      0.9347
 39. rate:  rate milex.beh (period 13)                      0.2118
 40. rate:  rate milex.beh (period 14)                      0.2056
 41. rate:  rate milex.beh (period 15)                      0.6321
 42. eval:  milex.beh linear shape                         -0.0980
 43. eval:  milex.beh quadratic shape                       0.0000
 44. eval:  milex.beh degree                                0.0000
 45. eval:  milex.beh dense triads                          0.0000
 46. eval:  milex.beh: effect from beh.democracy_1          0.0000
 47. eval:  milex.beh: effect from beh.GDPgrowth_1          0.0000
 48. eval:  milex.beh: effect from beh.nato_1               0.0000
 49. eval:  milex.beh: effect from beh.allies_1             0.0000
 50. eval:  milex.beh: effect from beh.military_1           0.0000
 51. eval:  milex.beh: effect from beh.lnmids_1             0.0000
 52. eval:  milex.beh: effect from beh.milexSpLag_1         0.0000


Observed values of target statistics are
  1. Amount of network change in period 1                                10.0000
  2. Amount of network change in period 2                                34.0000
  3. Amount of network change in period 3                                86.0000
  4. Amount of network change in period 4                                94.0000
  5. Amount of network change in period 5                                76.0000
  6. Amount of network change in period 6                                76.0000
  7. Amount of network change in period 7                                94.0000
  8. Amount of network change in period 8                                78.0000
  9. Amount of network change in period 9                                84.0000
 10. Amount of network change in period 10                               72.0000
 11. Amount of network change in period 11                               84.0000
 12. Amount of network change in period 12                              114.0000
 13. Amount of network change in period 13                               94.0000
 14. Amount of network change in period 14                               88.0000
 15. Amount of network change in period 15                               80.0000
 16. Number of edges                                                   3807.0000
 17. Numb. edgew. shrd prtns.(69)                                      10843.4832
 18. Sum of squared degrees                                            226964.0000
 19. Sum of ties x nets.lndistance_d                                   -8010.2838
 20. Sum of ties x nets.ATOP_d                                         4481.4695
 21. Sum of ties x nets.absidealdiff_d                                 -2131.1065
 22. Sum of ties x nets.lntrade_d                                      27161.2288
 23. Sum of ties x nets.NATO_d                                          722.5164
 24. Sum of degrees x milex.beh                                         140.6170
 25. Sum of degrees x beh.democracy_1                                  2231.9215
 26. Sum of degrees x beh.lncinc_1                                     9867.9263
 27. Amount of behavioral change in period 1 on milex.beh                41.0000
 28. Amount of behavioral change in period 2 on milex.beh                50.0000
 29. Amount of behavioral change in period 3 on milex.beh                57.0000
 30. Amount of behavioral change in period 4 on milex.beh                52.0000
 31. Amount of behavioral change in period 5 on milex.beh                37.0000
 32. Amount of behavioral change in period 6 on milex.beh                32.0000
 33. Amount of behavioral change in period 7 on milex.beh                28.0000
 34. Amount of behavioral change in period 8 on milex.beh                31.0000
 35. Amount of behavioral change in period 9 on milex.beh                24.0000
 36. Amount of behavioral change in period 10 on milex.beh               71.0000
 37. Amount of behavioral change in period 11 on milex.beh               34.0000
 38. Amount of behavioral change in period 12 on milex.beh               55.0000
 39. Amount of behavioral change in period 13 on milex.beh               18.0000
 40. Amount of behavioral change in period 14 on milex.beh               17.0000
 41. Amount of behavioral change in period 15 on milex.beh               48.0000
 42. milex.beh centered sum                                             -61.3312
 43. milex.beh sum of cent. squares                                    5434.8003
 44. milex.beh outdegrees                                              -248.5092
 45. milex.beh dense triads                                            -2289.8418
 46. milex.beh x beh.democracy_1                                       -368.4695
 47. milex.beh x beh.GDPgrowth_1                                          1.9322
 48. milex.beh x beh.nato_1                                              32.8368
 49. milex.beh x beh.allies_1                                          -2822.0961
 50. milex.beh x beh.military_1                                         116.6277
 51. milex.beh x beh.lnmids_1                                           538.3189
 52. milex.beh x beh.milexSpLag_1                                        22.7209

 52 parameters, 52 statistics

Estimation of derivatives by the LR method (type 1).


@2
End of stochastic approximation algorithm, phase 3.
---------------------------------------------------

Total of 3220 iterations.
Parameter estimates based on 2220 iterations,
convergence diagnostics, covariance and derivative matrices based on 1000 iterations.

Information for convergence diagnosis.
Averages, standard deviations, and t-ratios for deviations from targets:
  1.   0.2360    4.4150   0.0535 
  2.  -0.2960    8.4692  -0.0349 
  3.  -0.3980   11.8380  -0.0336 
  4.  -0.1700   13.6974  -0.0124 
  5.  -1.0240   11.7338  -0.0873 
  6.  -0.3500   11.5613  -0.0303 
  7.  -1.2720   12.8681  -0.0988 
  8.  -0.0600   12.0962  -0.0050 
  9.   0.1240   12.1367   0.0102 
 10.   2.3980   12.2355   0.1960 
 11.  -0.0900   12.3517  -0.0073 
 12.  -2.3660   14.2183  -0.1664 
 13.   1.1020   12.9425   0.0851 
 14.   1.5560   13.1557   0.1183 
 15.  -1.1580   12.5448  -0.0923 
 16.  -0.5220   24.0652  -0.0217 
 17.   2.7822   89.6429   0.0310 
 18.  51.9240 2249.5182   0.0231 
 19.   0.9673   62.6318   0.0154 
 20.  -0.7078   30.0471  -0.0236 
 21.   0.6727   39.4915   0.0170 
 22.  -7.7721  175.4266  -0.0443 
 23.  -0.4684    7.5621  -0.0619 
 24.  -1.1361   49.7589  -0.0228 
 25.  -0.8013   17.7760  -0.0451 
 26.  -2.5237   80.7359  -0.0313 
 27.   0.2260    5.8855   0.0384 
 28.  -0.0440    6.1256  -0.0072 
 29.   0.2890    6.6915   0.0432 
 30.   0.0360    6.4951   0.0055 
 31.   0.2600    5.5636   0.0467 
 32.  -0.1390    4.8581  -0.0286 
 33.  -0.0690    4.8791  -0.0141 
 34.  -0.1610    5.1470  -0.0313 
 35.  -0.0580    4.5753  -0.0127 
 36.   0.2720    6.9823   0.0390 
 37.  -0.1700    5.3137  -0.0320 
 38.   0.1110    6.2236   0.0178 
 39.  -0.1410    3.9576  -0.0356 
 40.  -0.1130    3.9535  -0.0286 
 41.  -0.4270    5.8105  -0.0735 
 42.   1.3380   23.6102   0.0567 
 43.   3.1917   91.1612   0.0350 
 44.   7.9890  160.2545   0.0499 
 45.  16.9890  423.6386   0.0401 
 46.   0.3004   11.1664   0.0269 
 47.   0.1049    2.2679   0.0462 
 48.  -0.1370    8.8753  -0.0154 
 49. -11.5532  446.1413  -0.0259 
 50.   0.2159    6.7161   0.0321 
 51.   0.2986   15.5918   0.0192 
 52.  -0.0051    0.4894  -0.0105 

Good convergence is indicated by the t-ratios being close to zero.

Overall maximum convergence ratio =  0.4352 .



@2
Estimation Results.
-------------------

Regular end of estimation algorithm.
Total of 3220 iteration steps.


@3
Estimates and standard errors
                             
Network Dynamics
 1. rate:  constant dv.net rate (period 1)                         0.0630  (   0.0298)
 2. rate:  constant dv.net rate (period 2)                         0.1779  (   0.0425)
 3. rate:  constant dv.net rate (period 3)                         0.5755  (   0.1276)
 4. rate:  constant dv.net rate (period 4)                         0.4109  (   0.0650)
 5. rate:  constant dv.net rate (period 5)                         0.3820  (   0.0706)
 6. rate:  constant dv.net rate (period 6)                         0.3771  (   0.0691)
 7. rate:  constant dv.net rate (period 7)                         0.4548  (   0.0787)
 8. rate:  constant dv.net rate (period 8)                         0.3547  (   0.0621)
 9. rate:  constant dv.net rate (period 9)                         0.3763  (   0.0657)
10. rate:  constant dv.net rate (period 10)                        0.3282  (   0.0571)
11. rate:  constant dv.net rate (period 11)                        0.3648  (   0.0625)
12. rate:  constant dv.net rate (period 12)                        0.4881  (   0.0714)
13. rate:  constant dv.net rate (period 13)                        0.3939  (   0.0647)
14. rate:  constant dv.net rate (period 14)                        0.3624  (   0.0579)
15. rate:  constant dv.net rate (period 15)                        0.3113  (   0.0526)
16. eval:  degree (density)                                       -6.4435  (   0.2754)
17. eval:  GWESP (69)                                              2.6549  (   0.2729)
18. eval:  degree act+pop                                          0.0352  (   0.0069)
19. eval:  nets.lndistance_d                                      -0.9622  (   0.0832)
20. eval:  nets.ATOP_d                                             0.9346  (   0.1673)
21. eval:  nets.absidealdiff_d                                    -0.5161  (   0.0856)
22. eval:  nets.lntrade_d                                          0.0100  (   0.0339)
23. eval:  nets.NATO_d                                            -3.5178  (   0.4257)
24. eval:  milex.beh alter                                        -0.0389  (   0.0673)
25. eval:  beh.democracy_1 alter                                   1.5046  (   0.3186)
26. eval:  beh.lncinc_1 alter                                      0.7977  (   0.0757)
Behavior Dynamics

27. rate:  rate milex.beh (period 1)                               0.9375  (   0.1720)
28. rate:  rate milex.beh (period 2)                               1.3157  (   0.2586)
29. rate:  rate milex.beh (period 3)                               1.3631  (   0.2290)
30. rate:  rate milex.beh (period 4)                               1.1984  (   0.2378)
31. rate:  rate milex.beh (period 5)                               0.7065  (   0.1443)
32. rate:  rate milex.beh (period 6)                               0.5763  (   0.1309)
33. rate:  rate milex.beh (period 7)                               0.4793  (   0.0988)
34. rate:  rate milex.beh (period 8)                               0.5291  (   0.1009)
35. rate:  rate milex.beh (period 9)                               0.3845  (   0.0909)
36. rate:  rate milex.beh (period 10)                              1.7992  (   0.2986)
37. rate:  rate milex.beh (period 11)                              0.5977  (   0.1179)
38. rate:  rate milex.beh (period 12)                              1.3692  (   0.2577)
39. rate:  rate milex.beh (period 13)                              0.3293  (   0.0775)
40. rate:  rate milex.beh (period 14)                              0.3000  (   0.0817)
41. rate:  rate milex.beh (period 15)                              1.1110  (   0.2114)
42. eval:  milex.beh linear shape                                 -1.1818  (   0.0804)
43. eval:  milex.beh quadratic shape                              -0.0278  (   0.0243)
44. eval:  milex.beh degree                                        0.0960  (   0.0306)
45. eval:  milex.beh dense triads                                 -0.0288  (   0.0111)
46. eval:  milex.beh: effect from beh.democracy_1                 -0.4933  (   0.1370)
47. eval:  milex.beh: effect from beh.GDPgrowth_1                 -2.6494  (   0.9856)
48. eval:  milex.beh: effect from beh.nato_1                       0.9131  (   0.1868)
49. eval:  milex.beh: effect from beh.allies_1                    -0.0116  (   0.0040)
50. eval:  milex.beh: effect from beh.military_1                   0.2612  (   0.1971)
51. eval:  milex.beh: effect from beh.lnmids_1                     0.1913  (   0.0950)
52. eval:  milex.beh: effect from beh.milexSpLag_1                 7.5014  (   2.9432)


@3
Covariance matrices
                   
Covariance matrix of estimates (correlations below diagonal):
     0.001      0.000      0.000      0.000      0.000      0.000      0.000      0.000      0.000      0.000      0.000      0.000      0.000      0.000      0.000     -0.001      0.001      0.000      0.000      0.000      0.000      0.000      0.000      0.000      0.000      0.000      0.001      0.000      0.000      0.000      0.000      0.000      0.000      0.000      0.000      0.000      0.000      0.000      0.000      0.000      0.000      0.000      0.000      0.000      0.000      0.000      0.002      0.000      0.000      0.000      0.000     -0.007
     0.055      0.002      0.000      0.000      0.000      0.000      0.000      0.000      0.000      0.000      0.000      0.000      0.000      0.000      0.000     -0.001      0.000      0.000      0.000      0.000      0.000      0.000      0.000      0.000     -0.001      0.000      0.000      0.000      0.000      0.000      0.000      0.000      0.000      0.000      0.000      0.000      0.000      0.000      0.000      0.000      0.000      0.000      0.000      0.000      0.000      0.000      0.004      0.000      0.000      0.000      0.000     -0.001
    -0.026      0.049      0.016      0.000      0.000      0.000      0.000      0.000      0.000      0.000      0.001      0.001      0.000      0.000      0.000     -0.001      0.000      0.000      0.002     -0.002      0.000      0.001      0.006      0.000     -0.007     -0.001     -0.001      0.002     -0.008      0.003      0.000      0.001      0.000      0.000      0.000     -0.001      0.000     -0.001      0.001      0.000      0.001      0.000      0.000      0.000      0.000      0.001     -0.001      0.000      0.000      0.000      0.000      0.009
    -0.063      0.040      0.048      0.004      0.000      0.000      0.000      0.000      0.000      0.000      0.000      0.000      0.000      0.000      0.000     -0.002      0.001      0.000      0.000      0.000      0.000      0.000      0.000      0.000     -0.001      0.000     -0.001      0.000     -0.001     -0.001      0.000      0.000      0.000      0.000      0.000     -0.001      0.000     -0.001      0.000      0.000      0.000      0.000      0.000      0.000      0.000      0.000      0.000      0.000      0.000      0.001      0.000      0.004
     0.011      0.027     -0.027      0.003      0.005      0.000      0.000      0.000      0.000      0.000      0.000      0.000      0.000      0.000      0.000      0.000      0.000      0.000      0.000     -0.001      0.000      0.000      0.002     -0.001     -0.001      0.000      0.000      0.000      0.000      0.000     -0.001      0.000      0.000      0.000      0.000      0.001      0.000      0.000      0.000      0.000      0.000      0.000      0.000      0.000      0.000      0.000      0.003      0.000      0.000      0.000      0.000      0.001
     0.017      0.041      0.043      0.060      0.035      0.005      0.000      0.000      0.000      0.000      0.000      0.000      0.000      0.000      0.000     -0.001      0.002      0.000      0.000      0.000      0.000      0.000     -0.001      0.000      0.000      0.000      0.000      0.000      0.000     -0.001      0.000      0.000      0.000      0.000      0.000      0.001      0.000      0.000      0.000      0.000     -0.001      0.000      0.000      0.000      0.000      0.000      0.004      0.000      0.000      0.000      0.000      0.013
     0.061      0.042      0.049     -0.011     -0.018     -0.011      0.006      0.000      0.000      0.000      0.000      0.000      0.000      0.000      0.000     -0.001     -0.001      0.000      0.001      0.000      0.000      0.000      0.002      0.000     -0.001      0.000      0.001      0.001      0.000      0.001     -0.001      0.001      0.001      0.000      0.000      0.000      0.000      0.000      0.000      0.000     -0.001      0.000      0.000      0.000      0.000      0.000      0.000      0.000      0.000     -0.001      0.000     -0.002
     0.013      0.043      0.017      0.064      0.023      0.049      0.029      0.004      0.000      0.000      0.000      0.000      0.000      0.000      0.000      0.000     -0.001      0.000      0.000      0.000      0.000      0.000      0.000      0.000     -0.003      0.000      0.000      0.000     -0.001      0.000      0.001      0.000      0.000      0.000      0.000      0.000      0.000      0.000      0.000      0.000      0.000      0.000      0.000      0.000      0.000      0.000      0.001      0.000      0.000      0.000      0.000     -0.008
     0.000      0.059      0.008      0.073      0.015      0.042     -0.017      0.032      0.004      0.000      0.000      0.000      0.000      0.000      0.000     -0.001      0.000      0.000      0.000      0.000      0.000      0.000      0.000      0.000     -0.001      0.000      0.000     -0.001      0.000      0.000      0.000      0.000      0.000      0.000      0.000      0.000      0.000      0.000      0.000      0.000      0.000      0.000      0.000      0.000      0.000      0.000     -0.002      0.000      0.000     -0.001      0.000      0.001
    -0.029      0.027     -0.022      0.043      0.042      0.039     -0.012      0.060      0.033      0.003      0.000      0.000      0.000      0.000      0.000     -0.001      0.001      0.000      0.000      0.000      0.000      0.000      0.001      0.000     -0.001      0.000      0.000      0.000      0.000      0.000      0.000      0.000      0.000      0.000      0.000      0.002      0.000     -0.001      0.000      0.000      0.001      0.000      0.000      0.000      0.000      0.000     -0.001      0.000      0.000      0.001      0.000      0.008
    -0.075      0.042      0.066      0.048     -0.052     -0.006      0.025     -0.082      0.050      0.023      0.004      0.000      0.000      0.000      0.000     -0.001      0.000      0.000      0.000      0.000      0.000      0.000     -0.001      0.000     -0.001      0.000      0.000      0.001      0.000      0.000      0.000      0.000      0.000      0.000      0.000      0.000     -0.001      0.000      0.000      0.000      0.000      0.000      0.000      0.000      0.000      0.000      0.000      0.000      0.000      0.001      0.000      0.000
    -0.018     -0.061      0.081      0.006      0.016      0.024      0.043      0.007      0.042      0.041      0.007      0.005      0.000      0.000      0.000      0.000      0.000      0.000      0.001      0.000      0.000      0.000      0.001      0.000     -0.001      0.000      0.000      0.000      0.000      0.001      0.000      0.000      0.000      0.000      0.000     -0.001      0.000      0.000      0.000      0.000     -0.001      0.000      0.000      0.000      0.000      0.000      0.000      0.000      0.000      0.000      0.000     -0.009
    -0.009      0.048      0.053      0.026      0.009      0.017      0.018      0.045      0.030      0.001     -0.004     -0.052      0.004      0.000      0.000     -0.001      0.000      0.000      0.000     -0.001      0.000      0.000      0.000      0.000     -0.001      0.000      0.000      0.000      0.000      0.000      0.000      0.000      0.000      0.000      0.000      0.001      0.000      0.000      0.000      0.000     -0.001      0.000      0.000      0.000      0.000      0.000      0.000      0.000      0.000      0.000      0.000      0.005
     0.004     -0.010      0.005      0.060      0.012      0.032      0.013      0.057      0.016      0.020     -0.001      0.041     -0.013      0.003      0.000     -0.001      0.000      0.000      0.000      0.000      0.000      0.000      0.001      0.000     -0.001      0.000      0.000     -0.001      0.000      0.000      0.000      0.000      0.000      0.000      0.000      0.000      0.000      0.000      0.000      0.000      0.000      0.000      0.000      0.000      0.000     -0.001      0.001      0.001      0.000      0.001      0.000      0.000
     0.022      0.044      0.059      0.059     -0.037      0.003      0.051      0.047      0.013      0.014     -0.016      0.006      0.056      0.004      0.003      0.000      0.000      0.000      0.000      0.000      0.000      0.000     -0.001      0.000     -0.001      0.000      0.000      0.000      0.000      0.000      0.000      0.000      0.000      0.000      0.000      0.000      0.000      0.000      0.000      0.000      0.001      0.000      0.000      0.000      0.000      0.000      0.002      0.000      0.000     -0.001      0.000     -0.001
    -0.083     -0.086     -0.021     -0.140      0.008     -0.067     -0.031      0.017     -0.038     -0.036     -0.068     -0.003     -0.035     -0.035      0.004      0.076     -0.039      0.000      0.011     -0.009      0.008      0.002      0.025      0.002     -0.036     -0.013      0.000      0.004      0.002     -0.003      0.001     -0.001      0.001      0.000      0.000     -0.003      0.002      0.002      0.002      0.000      0.000      0.000      0.000      0.000      0.000      0.001      0.015      0.001      0.000      0.001     -0.001     -0.049
     0.119      0.018     -0.014      0.055     -0.008      0.082     -0.028     -0.044      0.006      0.032      0.022      0.004      0.018     -0.007     -0.015     -0.513      0.074     -0.001     -0.008      0.001     -0.004     -0.003     -0.029      0.002      0.023      0.008      0.002      0.000      0.000      0.003      0.001      0.001      0.001      0.000     -0.001     -0.001     -0.003      0.002      0.000      0.001      0.002      0.001      0.000     -0.001      0.000      0.001      0.007     -0.003      0.000      0.002      0.001      0.007
     0.009      0.102      0.110      0.114      0.078      0.006      0.024      0.070      0.009      0.031      0.009     -0.021     -0.035      0.049     -0.016     -0.122     -0.458      0.000      0.000      0.000      0.000      0.000      0.000      0.000     -0.001      0.000      0.000      0.000      0.000      0.000      0.000      0.000      0.000      0.000      0.000      0.000      0.000      0.000      0.000      0.000      0.000      0.000      0.000      0.000      0.000      0.000      0.000      0.000      0.000      0.000      0.000      0.001
    -0.053      0.067      0.155      0.012      0.066      0.012      0.094      0.067      0.025      0.024      0.049      0.095      0.048      0.039      0.022      0.462     -0.370      0.135      0.007      0.003      0.001      0.001      0.003      0.000     -0.007     -0.004      0.000      0.001      0.000      0.000      0.000      0.000      0.000      0.000      0.000      0.000      0.001     -0.001      0.000      0.000      0.001      0.000      0.000      0.000      0.000      0.000      0.005      0.000      0.000      0.000      0.000      0.005
    -0.010     -0.015     -0.111     -0.024     -0.056     -0.031     -0.028     -0.009     -0.030     -0.036     -0.031     -0.009     -0.050     -0.047     -0.037     -0.192      0.021      0.074      0.188      0.028      0.000     -0.001     -0.009     -0.002      0.011      0.001      0.000     -0.002      0.001      0.000      0.000      0.001      0.000      0.000      0.001     -0.001      0.000     -0.003      0.000     -0.001      0.001      0.000      0.000      0.000      0.000     -0.001     -0.004      0.000      0.000     -0.001      0.001      0.017
     0.023      0.009      0.027      0.003      0.033      0.006      0.004      0.049      0.052      0.014     -0.007      0.011     -0.026      0.017      0.060      0.352     -0.185     -0.025      0.119      0.020      0.007      0.000      0.008     -0.002     -0.010     -0.002      0.000     -0.002     -0.002      0.001      0.001      0.000      0.000      0.000      0.000      0.000      0.000     -0.002      0.000      0.000      0.001      0.000      0.000      0.000      0.000      0.000      0.002      0.000      0.000      0.000      0.000     -0.014
    -0.012      0.118      0.140      0.054      0.067      0.053      0.094      0.069      0.073     -0.018      0.050      0.029      0.028      0.056      0.008      0.208     -0.329      0.221      0.450     -0.178      0.042      0.001     -0.001      0.000     -0.002     -0.002      0.000      0.000      0.000      0.000      0.000      0.000      0.000      0.000      0.000      0.000      0.000      0.000      0.000      0.000      0.000      0.000      0.000      0.000      0.000      0.000      0.002      0.000      0.000      0.000      0.000      0.006
    -0.013     -0.008      0.105     -0.009      0.058     -0.048      0.052      0.018     -0.004      0.047     -0.023      0.043      0.005      0.052     -0.061      0.216     -0.253      0.036      0.087     -0.121      0.219     -0.066      0.181     -0.003     -0.035     -0.001      0.002      0.000     -0.002      0.002     -0.003     -0.001      0.001     -0.002     -0.001     -0.009      0.001      0.001      0.000      0.000      0.003      0.002      0.001     -0.001      0.000      0.005      0.010      0.000      0.000      0.003     -0.002     -0.088
    -0.064     -0.076     -0.020     -0.094     -0.120     -0.020     -0.010     -0.065     -0.034      0.008     -0.046     -0.031      0.007     -0.039     -0.013      0.120      0.109     -0.325     -0.074     -0.138     -0.321     -0.017     -0.116      0.005      0.007     -0.001      0.000      0.000      0.002     -0.001      0.000      0.000      0.000      0.000     -0.001      0.002      0.000      0.001      0.000      0.000     -0.001      0.000      0.000      0.000      0.000      0.000     -0.002      0.000      0.000      0.000      0.000     -0.004
     0.014     -0.074     -0.160     -0.050     -0.057     -0.004     -0.056     -0.157     -0.072     -0.049     -0.027     -0.042     -0.050     -0.033     -0.040     -0.414      0.261     -0.227     -0.274      0.213     -0.382     -0.176     -0.258      0.316      0.102      0.004      0.001     -0.005      0.006     -0.001     -0.004     -0.001     -0.001     -0.002     -0.001      0.001     -0.002      0.007     -0.001     -0.001     -0.001      0.000     -0.001      0.000      0.000     -0.003     -0.029      0.001      0.000     -0.003      0.001      0.028
     0.003     -0.060     -0.131     -0.009     -0.086     -0.035     -0.040     -0.076     -0.043      0.000      0.022     -0.023      0.005     -0.056     -0.037     -0.624      0.407     -0.247     -0.560      0.097     -0.271     -0.591     -0.036     -0.136      0.156      0.006      0.000      0.000      0.000      0.000      0.000      0.000      0.000      0.000      0.000      0.000      0.000      0.000     -0.001      0.000      0.000      0.000      0.000      0.000      0.000      0.000     -0.005      0.000      0.000      0.000      0.000      0.000
     0.102      0.044     -0.024     -0.066     -0.015     -0.019      0.055     -0.015     -0.014      0.012      0.024     -0.006     -0.032     -0.011      0.009      0.004      0.039     -0.066      0.006     -0.001      0.020     -0.021      0.027     -0.004      0.012      0.005      0.030      0.004      0.002      0.001     -0.001      0.000      0.000      0.001      0.001      0.000      0.000      0.000      0.000      0.000      0.001      0.000      0.001      0.000      0.000      0.001      0.015     -0.002      0.000      0.001      0.000     -0.008
    -0.013      0.004      0.060     -0.026      0.018      0.015      0.027      0.025     -0.060      0.023      0.051      0.019      0.023     -0.038      0.009      0.061      0.003     -0.028      0.061     -0.051     -0.079     -0.003      0.003      0.027     -0.057     -0.012      0.098      0.067     -0.001     -0.001      0.002      0.001      0.000     -0.001      0.000      0.003      0.000     -0.001      0.000      0.001     -0.001      0.001      0.001     -0.001      0.000      0.002      0.022      0.000      0.000     -0.002     -0.001     -0.116
     0.010      0.009     -0.260     -0.041     -0.012     -0.019     -0.024     -0.064     -0.030     -0.037     -0.008      0.029     -0.025      0.014     -0.037      0.036      0.002     -0.056      0.003      0.023     -0.112     -0.064     -0.023      0.101      0.077      0.024      0.052     -0.018      0.052     -0.003     -0.001     -0.001     -0.001      0.000      0.000      0.003      0.001      0.000      0.000     -0.001     -0.003      0.001      0.000      0.000      0.000      0.001      0.020     -0.003      0.000     -0.001      0.001     -0.001
     0.065      0.041      0.085     -0.082     -0.023     -0.034      0.043     -0.013      0.030     -0.016     -0.011      0.049      0.023      0.010      0.037     -0.045      0.046     -0.008      0.023     -0.005      0.045     -0.017      0.021     -0.043     -0.017      0.021      0.028     -0.009     -0.046      0.057      0.000      0.000      0.000      0.000      0.001      0.001     -0.002     -0.002      0.000      0.000      0.000      0.001      0.001     -0.001      0.000      0.003      0.020      0.001      0.000     -0.001     -0.001      0.022
    -0.038      0.004      0.020      0.000     -0.054     -0.005     -0.082      0.068      0.017     -0.005      0.027     -0.044      0.002     -0.016     -0.033      0.027      0.016     -0.008      0.021     -0.010      0.065      0.021     -0.043      0.003     -0.081     -0.027     -0.046      0.061     -0.019     -0.005      0.021      0.001      0.000      0.000      0.000      0.004      0.000      0.000      0.000      0.001     -0.002      0.000      0.000      0.000      0.000      0.002      0.010      0.000      0.000      0.000      0.000      0.008
    -0.005      0.009      0.030      0.047      0.015     -0.040      0.063      0.010     -0.048     -0.033     -0.021     -0.014      0.021      0.008      0.044     -0.041      0.019      0.025      0.003      0.051     -0.015     -0.014     -0.022      0.009     -0.021      0.005      0.000      0.026     -0.021      0.004      0.054      0.017      0.000      0.000      0.000      0.001     -0.001      0.000      0.000      0.000      0.000      0.000      0.000      0.000      0.000      0.000      0.005      0.001      0.000      0.000      0.000     -0.021
     0.002     -0.031      0.035      0.017      0.057      0.006      0.095     -0.017      0.063     -0.022     -0.003      0.035     -0.044      0.023     -0.063      0.036      0.022      0.012      0.018     -0.005      0.028     -0.001      0.013     -0.012     -0.027     -0.042      0.005      0.016     -0.030     -0.006     -0.008      0.031      0.010      0.000      0.000      0.001      0.000      0.001      0.000      0.000      0.000      0.000      0.000      0.000      0.000     -0.001      0.003      0.001      0.000      0.000      0.000     -0.012
    -0.020      0.018      0.016      0.052     -0.059     -0.039     -0.026      0.036      0.018     -0.030      0.011      0.019     -0.033      0.034     -0.006     -0.010     -0.015      0.099      0.007      0.000      0.016      0.029     -0.047     -0.030     -0.062     -0.014      0.042     -0.044     -0.001     -0.018      0.021     -0.011      0.005      0.010      0.000      0.000     -0.001      0.000      0.000      0.000      0.001      0.000      0.000      0.000      0.000      0.000      0.005     -0.001      0.000     -0.001      0.000      0.001
     0.025     -0.042      0.011      0.021      0.009     -0.002     -0.008     -0.006     -0.067     -0.068     -0.007     -0.041      0.007     -0.025     -0.009     -0.007     -0.033      0.010      0.037      0.046      0.052      0.009     -0.024     -0.090     -0.023      0.016      0.063      0.009      0.006      0.053      0.010      0.020     -0.011     -0.014      0.008      0.001      0.000     -0.001      0.000      0.000      0.000      0.000      0.000      0.000      0.000      0.000      0.001      0.000      0.000      0.000      0.000      0.004
    -0.014      0.038     -0.025     -0.056      0.067      0.067     -0.014     -0.002      0.009      0.104     -0.023     -0.064      0.029     -0.010     -0.009     -0.032     -0.010      0.072     -0.008     -0.021     -0.005      0.026     -0.069      0.081      0.008     -0.018      0.001      0.036      0.044      0.008      0.082      0.021      0.043      0.014      0.022      0.089     -0.001      0.001      0.001      0.000      0.002      0.001      0.001      0.000      0.000     -0.003      0.032      0.000      0.000     -0.005     -0.002      0.036
    -0.031      0.000      0.028      0.002     -0.014      0.029      0.027      0.008      0.018     -0.002     -0.111      0.028     -0.019     -0.005      0.024      0.069     -0.095      0.015      0.055      0.025      0.014      0.036      0.025      0.040     -0.052     -0.029      0.014     -0.006      0.020     -0.067      0.019     -0.043      0.006     -0.047      0.008     -0.040      0.014      0.000      0.000      0.000     -0.001      0.000      0.000      0.000      0.000     -0.001     -0.001      0.000      0.000      0.001      0.001     -0.016
     0.019      0.005     -0.039     -0.037      0.006      0.017     -0.006      0.015      0.000     -0.063     -0.012     -0.027     -0.004     -0.020     -0.008      0.035      0.029     -0.090     -0.025     -0.061     -0.094     -0.046      0.012      0.081      0.089      0.020      0.005     -0.018      0.001     -0.030     -0.011      0.002      0.042      0.004     -0.031      0.012      0.011      0.066     -0.001      0.001     -0.004      0.001      0.000      0.000      0.000     -0.002      0.007     -0.001      0.000      0.000      0.001     -0.015
     0.086      0.043      0.053     -0.010      0.034      0.005      0.060      0.040     -0.074      0.023      0.079     -0.008     -0.048      0.042      0.056      0.077     -0.020      0.015      0.077     -0.026      0.032      0.048      0.001     -0.006     -0.060     -0.102      0.035     -0.002      0.021     -0.020      0.022     -0.038     -0.032     -0.047     -0.030      0.027      0.054     -0.064      0.006      0.000     -0.001      0.000      0.000      0.000      0.000      0.000      0.003      0.000      0.000      0.000      0.000      0.002
     0.003      0.030     -0.018      0.013      0.022     -0.015      0.005     -0.028     -0.022     -0.017     -0.006     -0.004      0.055     -0.015     -0.023      0.005      0.041      0.012     -0.042     -0.059      0.028     -0.025      0.012      0.032     -0.038      0.009      0.034      0.043     -0.059     -0.009      0.052      0.017      0.038      0.056      0.056      0.011      0.018      0.041     -0.051      0.007      0.000      0.000      0.000      0.000      0.000      0.000      0.001      0.000      0.000     -0.001      0.000     -0.006
     0.019      0.037      0.048     -0.005      0.001     -0.039     -0.034      0.027     -0.030      0.048      0.016     -0.066     -0.050      0.017      0.091      0.006      0.036      0.013      0.042      0.037      0.053     -0.058      0.032     -0.039     -0.020     -0.005      0.041     -0.011     -0.060     -0.001     -0.061     -0.006      0.005      0.047     -0.022      0.029     -0.053     -0.081     -0.038     -0.018      0.045      0.000      0.000      0.000      0.000      0.000     -0.014     -0.003      0.000      0.000     -0.001      0.018
    -0.034      0.025     -0.043      0.024      0.001     -0.021      0.063     -0.029     -0.020     -0.074      0.000     -0.019     -0.004     -0.042     -0.003     -0.007      0.023     -0.037      0.031      0.023     -0.040     -0.017      0.057      0.019      0.014      0.030     -0.003      0.051      0.058      0.060     -0.018     -0.036      0.003     -0.002     -0.032      0.021      0.000      0.033     -0.074     -0.068     -0.008      0.006      0.000     -0.001      0.000      0.003      0.019     -0.002      0.000      0.000      0.001     -0.026
     0.122      0.063      0.044      0.010     -0.023      0.065      0.036      0.040      0.028      0.020      0.003      0.017     -0.043      0.003      0.025      0.020      0.038     -0.017      0.041     -0.061      0.045     -0.005      0.062      0.000     -0.097     -0.010      0.154      0.218      0.047      0.146      0.074      0.080      0.053      0.039      0.036      0.085     -0.005      0.052      0.047      0.074      0.018     -0.053      0.001      0.000      0.000      0.001      0.006      0.000      0.000      0.000      0.000     -0.027
    -0.019     -0.030      0.035     -0.001      0.008     -0.011     -0.085      0.020      0.008      0.056      0.000     -0.042     -0.009     -0.049      0.047      0.037     -0.065      0.021     -0.037      0.008      0.044      0.059     -0.059      0.028      0.019     -0.045     -0.047     -0.116      0.004     -0.136     -0.031     -0.009     -0.021     -0.002      0.041      0.015      0.025     -0.059      0.076      0.034      0.059     -0.562     -0.154      0.001      0.000     -0.001     -0.004     -0.001      0.000      0.000     -0.001      0.011
     0.029      0.034     -0.012      0.001      0.007      0.007      0.080     -0.027     -0.014     -0.060      0.013      0.051      0.002      0.049     -0.056     -0.034      0.067     -0.006      0.036     -0.041     -0.046     -0.040      0.063     -0.024     -0.027      0.023      0.052      0.097     -0.024      0.117      0.013     -0.007      0.015      0.004     -0.034     -0.027     -0.037      0.075     -0.065     -0.009     -0.050      0.389      0.127     -0.911      0.000      0.000      0.001      0.000      0.000      0.000      0.000     -0.003
    -0.011      0.016      0.034      0.020      0.002     -0.006      0.009      0.022     -0.004      0.049     -0.023      0.026     -0.001     -0.073      0.024      0.015      0.036      0.007      0.006     -0.040      0.006     -0.001      0.088     -0.019     -0.073     -0.008      0.036      0.057      0.033      0.095      0.094     -0.003     -0.065     -0.016      0.005     -0.071     -0.040     -0.053      0.010     -0.023     -0.015      0.254      0.197     -0.178      0.150      0.019      0.011     -0.010      0.000      0.006      0.001      0.030
     0.070      0.093     -0.007      0.001      0.042      0.062     -0.005      0.023     -0.029     -0.012      0.008     -0.001     -0.006      0.022      0.042      0.055      0.027     -0.027      0.064     -0.026      0.028      0.047      0.024     -0.026     -0.092     -0.064      0.086      0.087      0.090      0.087      0.072      0.039      0.026      0.049      0.011      0.108     -0.013      0.029      0.043      0.007     -0.066      0.235      0.258     -0.146      0.083      0.081      0.971     -0.007      0.001     -0.013     -0.002     -0.413
    -0.005     -0.008      0.008     -0.020     -0.028      0.025      0.016     -0.025     -0.032      0.013     -0.016     -0.013     -0.003      0.084      0.009      0.013     -0.059      0.037      0.002     -0.014     -0.005      0.003      0.001      0.004      0.020     -0.028     -0.074     -0.005     -0.062      0.017      0.012      0.036      0.040     -0.038      0.007     -0.001     -0.020     -0.028      0.021      0.014     -0.064     -0.161     -0.055     -0.102      0.028     -0.402     -0.041      0.035      0.000     -0.001     -0.003      0.005
     0.040      0.008     -0.081     -0.042     -0.012      0.018      0.010     -0.023      0.040     -0.063     -0.041      0.002      0.005      0.058     -0.032      0.018      0.055     -0.089      0.024      0.036      0.031     -0.032      0.054     -0.028     -0.013      0.045      0.083      0.043      0.005      0.084      0.035     -0.005      0.012      0.022     -0.002      0.059     -0.016      0.087     -0.066     -0.060      0.045      0.407      0.136     -0.394      0.258      0.028      0.169     -0.350      0.000      0.000      0.000     -0.001
     0.013     -0.046      0.004      0.059      0.032     -0.007     -0.043     -0.016     -0.042      0.053      0.048      0.029     -0.031      0.051     -0.050      0.011      0.034      0.013     -0.008     -0.034     -0.004     -0.032      0.036     -0.013     -0.053      0.018      0.037     -0.035     -0.019     -0.020      0.015     -0.004     -0.007     -0.043     -0.005     -0.079      0.038     -0.004     -0.010     -0.051      0.006     -0.013     -0.066     -0.016      0.020      0.228     -0.067     -0.039      0.091      0.039      0.000      0.025
     0.018      0.017     -0.023     -0.002     -0.020     -0.012      0.013      0.003     -0.041     -0.066      0.045     -0.002     -0.028     -0.005     -0.059     -0.057      0.058     -0.031     -0.003      0.086     -0.012     -0.049     -0.041      0.009      0.031      0.056      0.004     -0.024      0.048     -0.043     -0.003      0.000     -0.014      0.005     -0.002     -0.056      0.061      0.057     -0.041     -0.021     -0.042      0.098     -0.212     -0.209      0.136      0.062     -0.018     -0.151      0.013      0.026      0.009     -0.031
    -0.085     -0.005      0.025      0.020      0.004      0.062     -0.010     -0.041      0.005      0.050      0.000     -0.042      0.029      0.001     -0.009     -0.060      0.009      0.049      0.021      0.034     -0.055      0.061     -0.070     -0.021      0.030      0.001     -0.017     -0.152     -0.001      0.031      0.020     -0.056     -0.042      0.003      0.014      0.041     -0.047     -0.020      0.011     -0.024      0.030     -0.108     -0.374      0.118     -0.083      0.075     -0.142      0.009     -0.074      0.042     -0.110      8.662

Derivative matrix of expected statistics X by parameters and
covariance/correlation matrix of X can be found using
summary(ans) within R, or by using the 'verbose' option in Siena07.
 
Total computation time 756.68 seconds.
