

-----------------------------------
New Analysis started.
Date and time: 21/09/2026 17:04:18
New results follow.
-----------------------------------

RSiena version 1.3.10 (28 Apr 22)


@1
Estimation by stochastic approximation algorithm.
=================================================

Current random number seed is 12346.
Effects object used: effs 
Model Type:
 Initiative model
Behavioral Model Type:
 Standard behavior actor-oriented model ('restrict')
Estimation method: unconditional moment estimation
.

Time duration for simulations in each period is 1.0.
Changing composition.
Joiners/leavers option: 1
Standard errors are estimated with the likelihood ratio method.
Dolby method (regression on scores) is used.
Initial value of gain parameter is  0.2000000.
Reduction factor for gain parameter is  0.5000000.
Number of subphases in Phase 2 is 3.

Initial parameter values are 
  1. rate:  constant dv.net rate (period 1)                 0.0630
  2. rate:  constant dv.net rate (period 2)                 0.1779
  3. rate:  constant dv.net rate (period 3)                 0.5755
  4. rate:  constant dv.net rate (period 4)                 0.4109
  5. rate:  constant dv.net rate (period 5)                 0.3820
  6. rate:  constant dv.net rate (period 6)                 0.3771
  7. rate:  constant dv.net rate (period 7)                 0.4548
  8. rate:  constant dv.net rate (period 8)                 0.3547
  9. rate:  constant dv.net rate (period 9)                 0.3763
 10. rate:  constant dv.net rate (period 10)                0.3282
 11. rate:  constant dv.net rate (period 11)                0.3648
 12. rate:  constant dv.net rate (period 12)                0.4881
 13. rate:  constant dv.net rate (period 13)                0.3939
 14. rate:  constant dv.net rate (period 14)                0.3624
 15. rate:  constant dv.net rate (period 15)                0.3113
 16. eval:  degree (density)                               -6.4435
 17. eval:  GWESP (69)                                      2.6549
 18. eval:  degree act+pop                                  0.0352
 19. eval:  nets.lndistance_d                              -0.9622
 20. eval:  nets.ATOP_d                                     0.9346
 21. eval:  nets.absidealdiff_d                            -0.5161
 22. eval:  nets.lntrade_d                                  0.0100
 23. eval:  nets.NATO_d                                    -3.5178
 24. eval:  milex.beh alter                                -0.0389
 25. eval:  beh.democracy_1 alter                           1.5046
 26. eval:  beh.lncinc_1 alter                              0.7977
 27. rate:  rate milex.beh (period 1)                       0.9375
 28. rate:  rate milex.beh (period 2)                       1.3157
 29. rate:  rate milex.beh (period 3)                       1.3631
 30. rate:  rate milex.beh (period 4)                       1.1984
 31. rate:  rate milex.beh (period 5)                       0.7065
 32. rate:  rate milex.beh (period 6)                       0.5763
 33. rate:  rate milex.beh (period 7)                       0.4793
 34. rate:  rate milex.beh (period 8)                       0.5291
 35. rate:  rate milex.beh (period 9)                       0.3845
 36. rate:  rate milex.beh (period 10)                      1.7992
 37. rate:  rate milex.beh (period 11)                      0.5977
 38. rate:  rate milex.beh (period 12)                      1.3692
 39. rate:  rate milex.beh (period 13)                      0.3293
 40. rate:  rate milex.beh (period 14)                      0.3000
 41. rate:  rate milex.beh (period 15)                      1.1110
 42. eval:  milex.beh linear shape                         -1.1818
 43. eval:  milex.beh quadratic shape                      -0.0278
 44. eval:  milex.beh degree                                0.0960
 45. eval:  milex.beh dense triads                         -0.0288
 46. eval:  milex.beh: effect from beh.democracy_1         -0.4933
 47. eval:  milex.beh: effect from beh.GDPgrowth_1         -2.6494
 48. eval:  milex.beh: effect from beh.nato_1               0.9131
 49. eval:  milex.beh: effect from beh.allies_1            -0.0116
 50. eval:  milex.beh: effect from beh.military_1           0.2612
 51. eval:  milex.beh: effect from beh.lnmids_1             0.1913
 52. eval:  milex.beh: effect from beh.milexSpLag_1         7.5014


Observed values of target statistics are
  1. Amount of network change in period 1                                10.0000
  2. Amount of network change in period 2                                34.0000
  3. Amount of network change in period 3                                86.0000
  4. Amount of network change in period 4                                94.0000
  5. Amount of network change in period 5                                76.0000
  6. Amount of network change in period 6                                76.0000
  7. Amount of network change in period 7                                94.0000
  8. Amount of network change in period 8                                78.0000
  9. Amount of network change in period 9                                84.0000
 10. Amount of network change in period 10                               72.0000
 11. Amount of network change in period 11                               84.0000
 12. Amount of network change in period 12                              114.0000
 13. Amount of network change in period 13                               94.0000
 14. Amount of network change in period 14                               88.0000
 15. Amount of network change in period 15                               80.0000
 16. Number of edges                                                   3807.0000
 17. Numb. edgew. shrd prtns.(69)                                      10843.4832
 18. Sum of squared degrees                                            226964.0000
 19. Sum of ties x nets.lndistance_d                                   -8010.2838
 20. Sum of ties x nets.ATOP_d                                         4481.4695
 21. Sum of ties x nets.absidealdiff_d                                 -2131.1065
 22. Sum of ties x nets.lntrade_d                                      27161.2288
 23. Sum of ties x nets.NATO_d                                          722.5164
 24. Sum of degrees x milex.beh                                         140.6170
 25. Sum of degrees x beh.democracy_1                                  2231.9215
 26. Sum of degrees x beh.lncinc_1                                     9867.9263
 27. Amount of behavioral change in period 1 on milex.beh                41.0000
 28. Amount of behavioral change in period 2 on milex.beh                50.0000
 29. Amount of behavioral change in period 3 on milex.beh                57.0000
 30. Amount of behavioral change in period 4 on milex.beh                52.0000
 31. Amount of behavioral change in period 5 on milex.beh                37.0000
 32. Amount of behavioral change in period 6 on milex.beh                32.0000
 33. Amount of behavioral change in period 7 on milex.beh                28.0000
 34. Amount of behavioral change in period 8 on milex.beh                31.0000
 35. Amount of behavioral change in period 9 on milex.beh                24.0000
 36. Amount of behavioral change in period 10 on milex.beh               71.0000
 37. Amount of behavioral change in period 11 on milex.beh               34.0000
 38. Amount of behavioral change in period 12 on milex.beh               55.0000
 39. Amount of behavioral change in period 13 on milex.beh               18.0000
 40. Amount of behavioral change in period 14 on milex.beh               17.0000
 41. Amount of behavioral change in period 15 on milex.beh               48.0000
 42. milex.beh centered sum                                             -61.3312
 43. milex.beh sum of cent. squares                                    5434.8003
 44. milex.beh outdegrees                                              -248.5092
 45. milex.beh dense triads                                            -2289.8418
 46. milex.beh x beh.democracy_1                                       -368.4695
 47. milex.beh x beh.GDPgrowth_1                                          1.9322
 48. milex.beh x beh.nato_1                                              32.8368
 49. milex.beh x beh.allies_1                                          -2822.0961
 50. milex.beh x beh.military_1                                         116.6277
 51. milex.beh x beh.lnmids_1                                           538.3189
 52. milex.beh x beh.milexSpLag_1                                        22.7209

 52 parameters, 52 statistics

Estimation of derivatives by the LR method (type 1).


@2
End of stochastic approximation algorithm, phase 3.
---------------------------------------------------

Total of 3057 iterations.
Parameter estimates based on 2057 iterations,
convergence diagnostics, covariance and derivative matrices based on 1000 iterations.

Information for convergence diagnosis.
Averages, standard deviations, and t-ratios for deviations from targets:
  1.   0.0000    4.3223   0.0000 
  2.   0.1560    8.1241   0.0192 
  3.  -0.1620   12.1526  -0.0133 
  4.  -0.2820   14.0066  -0.0201 
  5.  -0.1120   12.0225  -0.0093 
  6.   0.0520   12.0989   0.0043 
  7.  -0.3380   12.5778  -0.0269 
  8.  -0.1420   11.9636  -0.0119 
  9.   0.1500   12.9360   0.0116 
 10.   0.5220   11.8210   0.0442 
 11.  -0.7180   12.3311  -0.0582 
 12.   1.1100   14.3692   0.0772 
 13.   0.5340   13.4213   0.0398 
 14.  -0.1780   12.9227  -0.0138 
 15.   0.4800   12.2938   0.0390 
 16.  -0.3400   23.8927  -0.0142 
 17.  -0.6044   87.9731  -0.0069 
 18.   8.4160 2214.5699   0.0038 
 19.   3.1585   62.9409   0.0502 
 20.  -1.7909   30.4988  -0.0587 
 21.   3.6282   39.4562   0.0920 
 22.  -3.8416  178.0166  -0.0216 
 23.   0.0710    7.8897   0.0090 
 24.  -0.8295   49.5663  -0.0167 
 25.   0.5123   17.0016   0.0301 
 26.   0.4141   80.1655   0.0052 
 27.  -0.0320    5.6585  -0.0057 
 28.   0.1410    5.9616   0.0237 
 29.  -0.3780    6.6397  -0.0569 
 30.   0.3690    6.3837   0.0578 
 31.  -0.1410    5.6158  -0.0251 
 32.  -0.1030    5.1644  -0.0199 
 33.   0.2130    5.1156   0.0416 
 34.  -0.1080    4.8722  -0.0222 
 35.  -0.0620    4.5834  -0.0135 
 36.  -0.0050    7.1145  -0.0007 
 37.  -0.0230    5.3292  -0.0043 
 38.   0.0940    6.1319   0.0153 
 39.  -0.1330    3.9602  -0.0336 
 40.  -0.0140    3.8653  -0.0036 
 41.   0.6290    5.9546   0.1056 
 42.  -1.2490   23.4849  -0.0532 
 43.  -3.3401   91.6566  -0.0364 
 44.   2.8000  153.6817   0.0182 
 45.  16.0700  395.6290   0.0406 
 46.   0.8497   11.4936   0.0739 
 47.  -0.1166    2.1970  -0.0531 
 48.   0.0341    8.7764   0.0039 
 49.  -0.1105  453.3353  -0.0002 
 50.  -0.0755    6.3809  -0.0118 
 51.  -0.4273   15.5181  -0.0275 
 52.  -0.0282    0.5093  -0.0554 

Good convergence is indicated by the t-ratios being close to zero.

Overall maximum convergence ratio =  0.2844 .



@2
Estimation Results.
-------------------

Regular end of estimation algorithm.
Total of 3057 iteration steps.


@3
Estimates and standard errors
                             
Network Dynamics
 1. rate:  constant dv.net rate (period 1)                         0.0607  (   0.0298)
 2. rate:  constant dv.net rate (period 2)                         0.1782  (   0.0458)
 3. rate:  constant dv.net rate (period 3)                         0.5802  (   0.1260)
 4. rate:  constant dv.net rate (period 4)                         0.4121  (   0.0596)
 5. rate:  constant dv.net rate (period 5)                         0.3848  (   0.0709)
 6. rate:  constant dv.net rate (period 6)                         0.3780  (   0.0633)
 7. rate:  constant dv.net rate (period 7)                         0.4640  (   0.0811)
 8. rate:  constant dv.net rate (period 8)                         0.3548  (   0.0638)
 9. rate:  constant dv.net rate (period 9)                         0.3766  (   0.0604)
10. rate:  constant dv.net rate (period 10)                        0.3188  (   0.0576)
11. rate:  constant dv.net rate (period 11)                        0.3661  (   0.0619)
12. rate:  constant dv.net rate (period 12)                        0.5017  (   0.0734)
13. rate:  constant dv.net rate (period 13)                        0.3905  (   0.0603)
14. rate:  constant dv.net rate (period 14)                        0.3576  (   0.0572)
15. rate:  constant dv.net rate (period 15)                        0.3166  (   0.0542)
16. eval:  degree (density)                                       -6.4428  (   0.2792)
17. eval:  GWESP (69)                                              2.6321  (   0.2751)
18. eval:  degree act+pop                                          0.0351  (   0.0067)
19. eval:  nets.lndistance_d                                      -0.9566  (   0.0844)
20. eval:  nets.ATOP_d                                             0.9348  (   0.1722)
21. eval:  nets.absidealdiff_d                                    -0.5129  (   0.0844)
22. eval:  nets.lntrade_d                                          0.0114  (   0.0375)
23. eval:  nets.NATO_d                                            -3.4973  (   0.4107)
24. eval:  milex.beh alter                                        -0.0376  (   0.0645)
25. eval:  beh.democracy_1 alter                                   1.5074  (   0.3103)
26. eval:  beh.lncinc_1 alter                                      0.7950  (   0.0777)
Behavior Dynamics

27. rate:  rate milex.beh (period 1)                               0.9392  (   0.1687)
28. rate:  rate milex.beh (period 2)                               1.3170  (   0.2600)
29. rate:  rate milex.beh (period 3)                               1.3546  (   0.2369)
30. rate:  rate milex.beh (period 4)                               1.1949  (   0.2101)
31. rate:  rate milex.beh (period 5)                               0.7057  (   0.1379)
32. rate:  rate milex.beh (period 6)                               0.5717  (   0.1076)
33. rate:  rate milex.beh (period 7)                               0.4834  (   0.1000)
34. rate:  rate milex.beh (period 8)                               0.5293  (   0.1136)
35. rate:  rate milex.beh (period 9)                               0.3818  (   0.0876)
36. rate:  rate milex.beh (period 10)                              1.7922  (   0.3319)
37. rate:  rate milex.beh (period 11)                              0.5965  (   0.1133)
38. rate:  rate milex.beh (period 12)                              1.3617  (   0.2936)
39. rate:  rate milex.beh (period 13)                              0.3304  (   0.0824)
40. rate:  rate milex.beh (period 14)                              0.3021  (   0.0782)
41. rate:  rate milex.beh (period 15)                              1.1278  (   0.1797)
42. eval:  milex.beh linear shape                                 -1.1836  (   0.0817)
43. eval:  milex.beh quadratic shape                              -0.0295  (   0.0245)
44. eval:  milex.beh degree                                        0.0962  (   0.0292)
45. eval:  milex.beh dense triads                                 -0.0288  (   0.0104)
46. eval:  milex.beh: effect from beh.democracy_1                 -0.4948  (   0.1462)
47. eval:  milex.beh: effect from beh.GDPgrowth_1                 -2.7038  (   0.9464)
48. eval:  milex.beh: effect from beh.nato_1                       0.9114  (   0.1935)
49. eval:  milex.beh: effect from beh.allies_1                    -0.0116  (   0.0039)
50. eval:  milex.beh: effect from beh.military_1                   0.2674  (   0.1900)
51. eval:  milex.beh: effect from beh.lnmids_1                     0.1927  (   0.0963)
52. eval:  milex.beh: effect from beh.milexSpLag_1                 7.5343  (   2.9874)


@3
Covariance matrices
                   
Covariance matrix of estimates (correlations below diagonal):
     0.001      0.000      0.000      0.000      0.000      0.000      0.000      0.000      0.000      0.000      0.000      0.000      0.000      0.000      0.000     -0.001      0.001      0.000      0.000      0.000      0.000      0.000     -0.001      0.000      0.001      0.000      0.000      0.000      0.000      0.000      0.000      0.000      0.000      0.000      0.000      0.000      0.000      0.000      0.000      0.000      0.000      0.000      0.000      0.000      0.000      0.000     -0.001      0.000      0.000      0.001      0.000     -0.005
     0.010      0.002      0.000      0.000      0.000      0.000      0.000      0.000      0.000      0.000      0.000      0.000      0.000      0.000      0.000     -0.002      0.001      0.000      0.000      0.000      0.000      0.000      0.000      0.000      0.001      0.000      0.000      0.000      0.000      0.000      0.000      0.000      0.000      0.000      0.000      0.000      0.000      0.000      0.000      0.000      0.000      0.000      0.000      0.000      0.000     -0.001      0.002      0.000      0.000      0.000      0.000     -0.001
    -0.023      0.036      0.016      0.000      0.001      0.000      0.000      0.000      0.000      0.000      0.000      0.001      0.000      0.000      0.000      0.001     -0.002      0.000      0.001     -0.002      0.000      0.001      0.006      0.000     -0.003     -0.002      0.000      0.001     -0.005      0.000      0.000      0.001      0.000      0.000      0.000      0.002      0.000     -0.001      0.000      0.000     -0.001      0.000      0.000      0.000      0.000     -0.001      0.004      0.001      0.000      0.000     -0.001      0.016
    -0.031      0.054      0.037      0.004      0.000      0.000      0.000      0.000      0.000      0.000      0.000      0.000      0.000      0.000      0.000     -0.002      0.000      0.000      0.000      0.000      0.000      0.000      0.000      0.000      0.000      0.000      0.000      0.000      0.000      0.001      0.000      0.000      0.000      0.000      0.000      0.000      0.000      0.001      0.000      0.000      0.000      0.000      0.000      0.000      0.000      0.000      0.003      0.000      0.000      0.001      0.000     -0.003
     0.017      0.040      0.081      0.066      0.005      0.000      0.000      0.000      0.000      0.000      0.000      0.000      0.000      0.000      0.000     -0.001      0.001      0.000      0.000     -0.001      0.000      0.000      0.001      0.000     -0.002      0.000      0.000      0.000     -0.001      0.000     -0.001      0.000      0.000      0.000      0.000      0.001      0.000      0.000      0.000      0.000      0.000      0.000      0.000      0.000      0.000      0.000      0.004      0.000      0.000      0.000      0.000     -0.002
     0.000      0.057      0.013      0.038      0.004      0.004      0.000      0.000      0.000      0.000      0.000      0.000      0.000      0.000      0.000     -0.001      0.000      0.000      0.000      0.000      0.000      0.000      0.000      0.000      0.000      0.000      0.000      0.000     -0.001     -0.001      0.000      0.000      0.000      0.000      0.000      0.000      0.000      0.000      0.000      0.000      0.000      0.000      0.000      0.000      0.000      0.000     -0.002      0.000      0.000      0.000      0.000      0.006
     0.053      0.055     -0.006      0.018     -0.011      0.014      0.007      0.000      0.000      0.000      0.000      0.000      0.000      0.000      0.000      0.000     -0.001      0.000      0.000      0.000      0.001      0.000      0.002      0.000     -0.003      0.000      0.001      0.002      0.001      0.001      0.001      0.000     -0.001      0.001      0.000      0.000      0.000      0.000      0.000      0.000      0.000      0.000      0.000      0.000      0.000      0.001      0.001      0.000      0.000      0.000      0.000     -0.003
     0.037     -0.011      0.031     -0.001      0.022      0.001      0.023      0.004      0.000      0.000      0.000      0.000      0.000      0.000      0.000     -0.002      0.000      0.000      0.000      0.000      0.000      0.000      0.001      0.000      0.000      0.000     -0.001      0.000     -0.001      0.001      0.000      0.000      0.000      0.001      0.000      0.000      0.000      0.000      0.000      0.000      0.000      0.000      0.000      0.000      0.000      0.000     -0.003      0.000      0.000      0.000      0.000      0.000
     0.046      0.035      0.026      0.018      0.010      0.033      0.009      0.023      0.004      0.000      0.000      0.000      0.000      0.000      0.000      0.000      0.000      0.000      0.000      0.000      0.000      0.000      0.000      0.000     -0.002      0.000      0.000      0.000      0.000      0.001      0.000      0.000      0.000      0.000      0.000      0.000      0.000      0.000      0.000      0.000      0.000      0.000      0.000      0.000      0.000      0.000      0.001      0.000      0.000      0.000      0.000      0.008
     0.023      0.019      0.034      0.034     -0.019     -0.005     -0.032     -0.012     -0.022      0.003      0.000      0.000      0.000      0.000      0.000     -0.001      0.001      0.000      0.000      0.000      0.000      0.000      0.000      0.000     -0.001      0.000      0.000      0.000     -0.001      0.000      0.000      0.000      0.000      0.000      0.000     -0.001      0.000      0.000      0.000      0.000      0.000      0.000      0.000      0.000      0.000      0.000      0.001      0.000      0.000      0.000      0.000     -0.003
     0.033      0.080      0.013      0.003     -0.018      0.022     -0.020     -0.052      0.013     -0.013      0.004      0.000      0.000      0.000      0.000     -0.001      0.000      0.000      0.000      0.000      0.000      0.000      0.001      0.000      0.001      0.000      0.000      0.001      0.000      0.000      0.000      0.000      0.000      0.000      0.000      0.000      0.000      0.001      0.000      0.000      0.000      0.000      0.000      0.000      0.000      0.000     -0.001      0.000      0.000      0.000      0.000      0.004
     0.013     -0.019      0.082      0.014      0.029     -0.015      0.026      0.059     -0.012      0.040     -0.044      0.005      0.000      0.000      0.000      0.000      0.000      0.000      0.000     -0.001      0.000      0.000      0.001      0.000     -0.001      0.000      0.000      0.000      0.000      0.001      0.000      0.000     -0.001      0.000      0.000      0.001      0.000     -0.001      0.000      0.000      0.000      0.000      0.000      0.000      0.000      0.000      0.003      0.000      0.000      0.000      0.000      0.008
     0.019      0.057      0.011      0.012      0.009      0.013      0.047      0.019      0.034     -0.019     -0.015      0.059      0.004      0.000      0.000      0.000      0.001      0.000      0.000      0.000      0.000      0.000      0.000      0.000     -0.001      0.000      0.000      0.000      0.000      0.000      0.000      0.000      0.000      0.000      0.000      0.000      0.000      0.000      0.000      0.000      0.000      0.000      0.000      0.000      0.000      0.000      0.002      0.000      0.000      0.000      0.000      0.000
    -0.018     -0.038      0.004     -0.007      0.054      0.085      0.015      0.035      0.006     -0.003     -0.051      0.033      0.014      0.003      0.000     -0.001      0.000      0.000      0.000      0.000      0.000      0.000      0.000      0.000      0.000      0.000      0.001      0.000      0.000      0.001      0.000      0.000      0.000      0.000      0.000      0.001      0.000      0.000      0.000      0.000      0.000      0.000      0.000      0.000      0.000      0.000      0.001      0.000      0.000      0.000      0.000      0.001
    -0.012     -0.066     -0.003     -0.002      0.017      0.059      0.030     -0.033     -0.011     -0.008      0.012      0.019      0.041      0.043      0.003      0.000      0.000      0.000      0.000      0.000      0.000      0.000      0.000      0.000     -0.001      0.000      0.000     -0.001      0.000      0.000      0.000      0.000      0.000      0.000      0.000      0.000      0.000      0.000      0.000      0.000      0.000      0.000      0.000      0.000      0.000      0.000     -0.001      0.000      0.000      0.000      0.000      0.000
    -0.114     -0.136      0.019     -0.113     -0.049     -0.046      0.009     -0.086     -0.019     -0.042     -0.074      0.005      0.009     -0.034      0.029      0.078     -0.042      0.000      0.012     -0.010      0.008      0.003      0.026      0.000     -0.042     -0.014      0.001     -0.003      0.006     -0.001      0.001      0.000      0.001     -0.002      0.000      0.001      0.000     -0.002      0.000     -0.001      0.002      0.001      0.000      0.000      0.000      0.000      0.005     -0.002      0.000     -0.002      0.000     -0.011
     0.078      0.052     -0.065      0.017      0.033      0.006     -0.035     -0.008     -0.005      0.071      0.029     -0.001      0.057      0.018      0.008     -0.553      0.076     -0.001     -0.009      0.005     -0.003     -0.004     -0.026      0.002      0.020      0.011      0.001      0.002     -0.005     -0.002      0.000      0.000     -0.001      0.002      0.000     -0.003      0.001     -0.002      0.000      0.000     -0.001      0.001      0.000      0.000      0.000      0.002     -0.006      0.000      0.000      0.000      0.000      0.031
     0.015      0.070      0.129      0.096      0.028      0.037      0.031      0.027      0.036     -0.066     -0.002      0.018     -0.020     -0.074     -0.073     -0.034     -0.502      0.000      0.000      0.000      0.000      0.000      0.000      0.000      0.000      0.000      0.000      0.000      0.000      0.000      0.000      0.000      0.000      0.000      0.000      0.000      0.000      0.000      0.000      0.000      0.000      0.000      0.000      0.000      0.000      0.000      0.000      0.000      0.000      0.000      0.000      0.000
    -0.040      0.042      0.132      0.017      0.028      0.049      0.059      0.044      0.020      0.049      0.002      0.047      0.009      0.000      0.059      0.517     -0.380      0.097      0.007      0.001      0.001      0.002      0.004      0.000     -0.007     -0.004      0.000      0.000      0.000     -0.001      0.000      0.000      0.000      0.000      0.000      0.001      0.000      0.000      0.000      0.000      0.000      0.000      0.000      0.000      0.000      0.000     -0.003      0.000      0.000      0.000      0.000      0.003
     0.017      0.015     -0.112      0.012     -0.055     -0.016      0.018      0.010     -0.032     -0.018      0.009     -0.068     -0.005      0.028     -0.019     -0.217      0.112     -0.040      0.100      0.030      0.001     -0.002     -0.008     -0.001      0.011      0.003     -0.001     -0.001     -0.001     -0.002      0.000      0.000     -0.001      0.000      0.000      0.001      0.000      0.000      0.000      0.000      0.000      0.000      0.000      0.000      0.000      0.000     -0.010      0.000      0.000      0.000      0.001     -0.009
    -0.039     -0.065      0.020      0.012      0.046     -0.026      0.081     -0.042      0.003      0.014     -0.012     -0.017      0.019      0.020      0.018      0.338     -0.117     -0.099      0.092      0.082      0.007      0.000      0.008     -0.002     -0.008     -0.001      0.000     -0.001      0.000      0.000      0.001     -0.001      0.001      0.000      0.000      0.001      0.000     -0.001      0.000      0.000     -0.001      0.000      0.000      0.000      0.000     -0.001     -0.001      0.000      0.000      0.000      0.000     -0.005
    -0.026      0.077      0.187      0.059      0.072      0.074      0.056      0.054      0.005      0.034      0.023      0.059     -0.031      0.012      0.029      0.255     -0.396      0.270      0.481     -0.299     -0.055      0.001      0.000      0.000     -0.002     -0.002      0.000      0.000      0.000      0.000      0.000      0.000      0.000      0.000      0.000      0.001      0.000      0.000      0.000      0.000      0.000      0.000      0.000      0.000      0.000      0.000     -0.001      0.000      0.000      0.000      0.000     -0.002
    -0.053      0.013      0.116      0.014      0.034     -0.012      0.070      0.031     -0.009     -0.006      0.021      0.038     -0.001      0.020     -0.014      0.224     -0.233      0.049      0.123     -0.115      0.223      0.027      0.169     -0.003     -0.024     -0.005     -0.003     -0.004     -0.003      0.002      0.004     -0.001      0.000      0.002      0.000      0.001      0.000     -0.001      0.003      0.001      0.001      0.000     -0.001      0.000      0.000     -0.006     -0.014      0.003      0.000      0.001     -0.001      0.028
     0.001      0.031      0.014     -0.011     -0.064      0.009     -0.086     -0.054     -0.072      0.030     -0.016      0.047      0.003     -0.006     -0.005      0.011      0.102     -0.148     -0.080     -0.101     -0.310     -0.009     -0.117      0.004      0.006     -0.001      0.001      0.000     -0.001      0.000      0.000      0.000      0.000      0.000      0.000      0.001      0.000     -0.001      0.000      0.000      0.000      0.000      0.000      0.000      0.000      0.000      0.004      0.000      0.000      0.000      0.000     -0.005
     0.066      0.072     -0.069     -0.003     -0.109      0.013     -0.109      0.001     -0.090     -0.033      0.036     -0.052     -0.028      0.021     -0.030     -0.486      0.237     -0.203     -0.252      0.213     -0.309     -0.193     -0.186      0.294      0.096      0.005      0.001     -0.002      0.000      0.001      0.000      0.000     -0.002      0.000     -0.001      0.001     -0.002      0.009      0.000      0.000     -0.002      0.000      0.000      0.000      0.000     -0.002      0.005      0.000      0.000      0.001      0.001      0.002
     0.025     -0.049     -0.176     -0.045     -0.027     -0.041     -0.057     -0.015      0.026     -0.031     -0.003     -0.062     -0.037      0.007     -0.017     -0.653      0.496     -0.299     -0.590      0.201     -0.216     -0.634     -0.170     -0.157      0.217      0.006     -0.001      0.000      0.000      0.000      0.000      0.000      0.000      0.000      0.000     -0.001      0.000      0.000      0.000      0.000     -0.001      0.000      0.000      0.000      0.000      0.000     -0.002      0.000      0.000      0.000      0.000      0.003
    -0.057     -0.001      0.016     -0.015      0.012      0.021      0.048     -0.051     -0.016      0.005      0.025      0.019     -0.028      0.054     -0.039      0.012      0.016      0.003      0.003     -0.040     -0.024      0.062     -0.046      0.048      0.021     -0.061      0.028     -0.002      0.003      0.000      0.001      0.001      0.001      0.000      0.000      0.001      0.001      0.003     -0.001      0.000      0.000      0.000      0.000      0.000      0.000      0.000      0.006      0.001      0.000     -0.002      0.000      0.009
     0.014      0.033      0.027      0.003      0.003     -0.001      0.078     -0.028      0.021      0.015      0.037      0.017     -0.013      0.010     -0.057     -0.039      0.026      0.050     -0.006     -0.013     -0.033     -0.006     -0.038     -0.019     -0.027      0.010     -0.049      0.068      0.004      0.003      0.002      0.001      0.000      0.000     -0.001     -0.002     -0.001     -0.001      0.001      0.001      0.002      0.000      0.000     -0.001      0.000      0.002      0.019     -0.002      0.000      0.000      0.001      0.081
    -0.030     -0.043     -0.181     -0.005     -0.031     -0.038      0.036     -0.042     -0.029     -0.046     -0.030      0.018      0.002      0.006      0.010      0.093     -0.070     -0.008      0.007     -0.032      0.004      0.024     -0.028     -0.037      0.004     -0.026      0.082      0.064      0.056      0.001      0.001      0.000      0.000      0.000      0.000     -0.002      0.001      0.002      0.000      0.000     -0.001      0.002      0.001      0.000      0.000      0.002      0.042     -0.001      0.000      0.000      0.000      0.007
    -0.073     -0.021     -0.004      0.048      0.012     -0.040      0.033      0.092      0.042     -0.019      0.016      0.053      0.002      0.050      0.011     -0.018     -0.028      0.009     -0.048     -0.061     -0.012     -0.034      0.028      0.031      0.018      0.001     -0.008      0.048      0.014      0.044      0.001      0.000     -0.001      0.001      0.000      0.002      0.001     -0.002     -0.001      0.001     -0.001      0.000      0.001     -0.001      0.000      0.000      0.024      0.001      0.000     -0.001      0.000      0.016
     0.007     -0.056     -0.022     -0.008     -0.061     -0.031      0.078      0.023      0.010      0.035     -0.006     -0.002     -0.015      0.002      0.037      0.014     -0.005     -0.025      0.023      0.015      0.054      0.000      0.068     -0.054      0.001      0.012      0.033      0.046      0.045      0.019      0.019      0.000      0.000      0.000      0.001     -0.001      0.001      0.001      0.000      0.000      0.001      0.000      0.001      0.000      0.000      0.000      0.017     -0.001      0.000      0.000      0.001     -0.008
    -0.013      0.031      0.047      0.009      0.039     -0.002     -0.034     -0.008      0.016      0.022      0.022     -0.053      0.002      0.067     -0.035      0.007     -0.002     -0.012      0.001      0.001     -0.056      0.015     -0.012      0.024      0.001      0.009      0.029      0.033     -0.010     -0.011     -0.030      0.012      0.000      0.000      0.000     -0.001      0.000     -0.001      0.000      0.000      0.000      0.000      0.000      0.000      0.000      0.000      0.004      0.000      0.000     -0.001      0.000      0.000
    -0.014     -0.076      0.007      0.020     -0.033     -0.013     -0.071      0.013     -0.027     -0.033      0.006     -0.085     -0.049     -0.012     -0.074      0.045     -0.034      0.013     -0.005     -0.029      0.067     -0.011     -0.002     -0.031     -0.057     -0.001      0.037     -0.018      0.017     -0.041      0.033     -0.012      0.010      0.000      0.000      0.000      0.000      0.000      0.000      0.000      0.000     -0.001      0.000      0.000      0.000      0.000     -0.002      0.000      0.000      0.000      0.000     -0.008
    -0.022     -0.003      0.033      0.048      0.007     -0.005      0.056      0.142     -0.045      0.044      0.011      0.045      0.016      0.001      0.004     -0.053      0.064      0.015      0.012      0.016     -0.052      0.024      0.042     -0.007     -0.009     -0.015      0.014      0.003      0.009      0.022      0.021      0.013      0.008      0.013      0.000     -0.001      0.000     -0.001      0.000      0.000      0.001      0.000      0.000      0.000      0.000     -0.001      0.009      0.001      0.000      0.000      0.000      0.012
    -0.004     -0.015      0.037     -0.024      0.024     -0.008     -0.049      0.033      0.040     -0.043     -0.029     -0.056     -0.056      0.005     -0.038      0.008     -0.017      0.031     -0.014     -0.001      0.042     -0.005     -0.008     -0.077     -0.025      0.017      0.032     -0.046      0.024     -0.020      0.054      0.034      0.029     -0.005      0.008     -0.002      0.000      0.001      0.000      0.000     -0.001      0.000      0.000      0.000      0.000      0.000      0.002      0.000      0.000      0.001     -0.001     -0.004
     0.028     -0.013      0.053      0.017      0.045     -0.006     -0.004      0.020     -0.007     -0.055      0.016      0.029     -0.017      0.034      0.012      0.010     -0.032     -0.001      0.046      0.021      0.024      0.067      0.004      0.037      0.013     -0.040      0.017     -0.025     -0.027      0.029     -0.014     -0.015     -0.003     -0.035     -0.054      0.110      0.000     -0.001      0.000      0.001     -0.001      0.000      0.001      0.000      0.000     -0.004      0.007      0.005      0.000      0.003      0.001     -0.090
    -0.016     -0.022     -0.004      0.017     -0.011     -0.033      0.036      0.009      0.006      0.010      0.049     -0.003     -0.033      0.006      0.063     -0.006      0.018      0.010     -0.021     -0.007     -0.008      0.009      0.008     -0.053     -0.048     -0.006      0.045     -0.043      0.044      0.052      0.038      0.029     -0.005      0.003     -0.040      0.002      0.013     -0.001      0.000      0.000      0.001      0.000      0.000      0.000      0.000     -0.001      0.004      0.000      0.000      0.001      0.000     -0.007
     0.053     -0.016     -0.021      0.041      0.015     -0.014     -0.001     -0.015     -0.015     -0.010      0.030     -0.034      0.013     -0.023      0.006     -0.028     -0.022      0.025      0.004     -0.004     -0.026      0.015     -0.006     -0.059      0.102     -0.018      0.059     -0.019      0.024     -0.031      0.015     -0.030      0.006     -0.018      0.053     -0.014     -0.021      0.086     -0.001     -0.001      0.002      0.002      0.001      0.000      0.000     -0.001      0.011     -0.008      0.000      0.001      0.000     -0.006
     0.004      0.035     -0.027     -0.002     -0.057     -0.009      0.020      0.004      0.002     -0.016      0.009     -0.025      0.008     -0.014     -0.017     -0.018     -0.021      0.099     -0.013      0.003     -0.032      0.034      0.090      0.012      0.018     -0.037     -0.047      0.023      0.000     -0.059      0.034      0.020      0.028      0.032     -0.001     -0.011     -0.026     -0.036      0.007      0.000      0.000      0.000      0.000      0.000      0.000     -0.001      0.002      0.000      0.000      0.000      0.000      0.008
    -0.035      0.000     -0.045     -0.013      0.027      0.029      0.016     -0.012      0.000     -0.079      0.011      0.013      0.035     -0.026      0.006     -0.024     -0.007      0.002     -0.028     -0.013      0.004     -0.051      0.025     -0.042      0.019      0.037     -0.017      0.055     -0.007      0.033      0.001      0.045      0.028      0.000      0.011      0.037      0.018     -0.040      0.020      0.006      0.000     -0.001      0.000      0.000      0.000     -0.001      0.002      0.001      0.000      0.000      0.000     -0.005
     0.006     -0.022     -0.040     -0.038      0.010     -0.010     -0.018      0.013      0.011      0.030     -0.020      0.027      0.044     -0.041     -0.042      0.038     -0.018      0.029      0.013     -0.007     -0.047      0.008      0.016      0.015     -0.035     -0.054     -0.008      0.044     -0.020     -0.031      0.035     -0.007      0.000      0.033     -0.041     -0.015      0.045      0.036     -0.006      0.024      0.032      0.000      0.000      0.000      0.000     -0.002      0.005      0.001      0.000      0.002     -0.001     -0.008
     0.028     -0.072     -0.039      0.000     -0.010     -0.003      0.008      0.020     -0.021     -0.029     -0.013     -0.034      0.025     -0.024     -0.026      0.028      0.024     -0.021      0.010      0.030     -0.020     -0.018     -0.011      0.028      0.014     -0.022     -0.013      0.005      0.114     -0.009      0.035     -0.052     -0.105     -0.019     -0.052     -0.009     -0.010      0.070     -0.043     -0.123     -0.006      0.007      0.000     -0.001      0.000      0.003      0.010     -0.003      0.000     -0.001      0.001     -0.012
     0.049     -0.043     -0.036     -0.001     -0.015     -0.030      0.014      0.050      0.012      0.012      0.011     -0.045      0.001      0.036     -0.033      0.013     -0.026     -0.008     -0.002      0.029      0.028      0.027     -0.060     -0.004      0.013     -0.024      0.059      0.011      0.142      0.139      0.156      0.106      0.081      0.015      0.096      0.118      0.058      0.090     -0.011      0.034      0.023     -0.084      0.001      0.000      0.000      0.000      0.006      0.000      0.000      0.000     -0.001     -0.028
     0.003      0.009      0.039     -0.011     -0.001      0.008     -0.031     -0.006     -0.029      0.020      0.014     -0.007     -0.024     -0.039      0.002     -0.023      0.006      0.013     -0.059     -0.025      0.026     -0.006     -0.007      0.014     -0.006      0.023     -0.021     -0.112     -0.072     -0.105     -0.096     -0.014      0.082     -0.034      0.068      0.001     -0.004      0.007      0.021      0.067      0.005     -0.581     -0.120      0.001      0.000     -0.001     -0.004      0.000      0.000      0.000     -0.001      0.006
     0.004      0.019     -0.021      0.022      0.018      0.016      0.024     -0.002      0.022     -0.024      0.020      0.013      0.056      0.020      0.033      0.027      0.005     -0.042      0.056     -0.005     -0.030     -0.002      0.015      0.000     -0.002     -0.023      0.008      0.108      0.023      0.109      0.075      0.022     -0.078      0.023     -0.092     -0.006      0.016      0.027     -0.027     -0.030      0.006      0.407      0.094     -0.906      0.000      0.000      0.001      0.000      0.000      0.000      0.000     -0.001
     0.058     -0.091     -0.069     -0.006     -0.019      0.000      0.046     -0.040      0.004      0.024     -0.023      0.029      0.055     -0.038     -0.043      0.006      0.045     -0.016      0.007     -0.002     -0.068     -0.006     -0.094     -0.044     -0.046      0.036      0.003      0.052      0.044      0.000      0.008     -0.008      0.018     -0.068      0.006     -0.088     -0.080     -0.027     -0.043     -0.081     -0.066      0.267      0.107     -0.163      0.124      0.021     -0.004     -0.013      0.000      0.005      0.001      0.034
    -0.037      0.036      0.030      0.045      0.060     -0.027      0.017     -0.042      0.016      0.013     -0.010      0.040      0.028      0.018     -0.014      0.020     -0.023      0.019     -0.036     -0.060     -0.013     -0.014     -0.037      0.059      0.015     -0.026      0.039      0.078      0.189      0.122      0.127      0.044     -0.022      0.081      0.019      0.022      0.034      0.040      0.025      0.028      0.031      0.135      0.262     -0.136      0.097     -0.032      0.896      0.002      0.000     -0.012      0.001     -0.243
    -0.016      0.037      0.046     -0.028      0.010     -0.031     -0.031      0.000      0.036      0.038     -0.037      0.013     -0.035      0.039      0.035     -0.045      0.007      0.025     -0.019      0.001      0.008     -0.038      0.038      0.024      0.005      0.032      0.024     -0.038     -0.027      0.025     -0.042     -0.012      0.023      0.035      0.027      0.073      0.009     -0.144      0.011      0.051      0.022     -0.198     -0.034     -0.076      0.005     -0.465      0.011      0.037      0.000      0.000     -0.003     -0.021
    -0.009      0.019     -0.027      0.053     -0.047     -0.013      0.009      0.016     -0.010     -0.034      0.002     -0.014     -0.003      0.053     -0.079      0.062     -0.032     -0.014      0.087      0.045     -0.019      0.051      0.012      0.034      0.038     -0.093      0.048      0.045      0.075      0.019      0.061     -0.018     -0.020      0.073     -0.051     -0.007     -0.028      0.123      0.011     -0.074      0.025      0.420      0.095     -0.377      0.244      0.004      0.090     -0.350      0.000      0.000      0.000      0.000
     0.096     -0.037      0.000      0.059     -0.001     -0.019     -0.019      0.004      0.001      0.032      0.025      0.017      0.004     -0.017     -0.043     -0.040      0.007      0.011      0.031     -0.007     -0.024      0.015      0.009     -0.003      0.011      0.009     -0.055      0.006     -0.001     -0.037      0.005     -0.033      0.017      0.010      0.039      0.054      0.050      0.017      0.013      0.002      0.047     -0.040     -0.066      0.019     -0.032      0.184     -0.066     -0.009      0.037      0.036      0.000      0.055
     0.004     -0.044     -0.067     -0.005      0.016      0.007      0.006     -0.065     -0.045     -0.015      0.020     -0.012     -0.010     -0.027     -0.042     -0.016      0.005     -0.003     -0.001      0.046     -0.018      0.015     -0.029     -0.027      0.039      0.029     -0.009      0.054      0.015     -0.008      0.071      0.012     -0.023     -0.004     -0.062      0.041     -0.039     -0.007     -0.015      0.002     -0.047      0.155     -0.214     -0.224      0.133      0.084      0.007     -0.136      0.040     -0.021      0.009     -0.027
    -0.053     -0.004      0.042     -0.015     -0.008      0.033     -0.012      0.001      0.045     -0.016      0.022      0.037     -0.001      0.005      0.001     -0.013      0.037     -0.018      0.010     -0.018     -0.020     -0.021      0.022     -0.028      0.002      0.013      0.018      0.104      0.010      0.025     -0.020     -0.001     -0.028      0.035     -0.016     -0.090     -0.022     -0.007      0.033     -0.023     -0.015     -0.051     -0.386      0.069     -0.026      0.077     -0.086     -0.037     -0.021      0.096     -0.093      8.925

Derivative matrix of expected statistics X by parameters and
covariance/correlation matrix of X can be found using
summary(ans) within R, or by using the 'verbose' option in Siena07.
 
Total computation time 706.74 seconds.
