

-----------------------------------
New Analysis started.
Date and time: 21/09/2026 17:22:18
New results follow.
-----------------------------------

RSiena version 1.3.10 (28 Apr 22)


@1
Estimation by stochastic approximation algorithm.
=================================================

Current random number seed is 52020082.
Effects object used: bound$effects 
Model Type:
 Initiative model
Behavioral Model Type:
 Standard behavior actor-oriented model ('restrict')
Estimation method: unconditional moment estimation
.

Time duration for simulations in each period is 1.0.
Changing composition.
Joiners/leavers option: 1
Standard errors are estimated with the likelihood ratio method.
Dolby method (regression on scores) is used.
Initial value of gain parameter is  0.2000000.
Reduction factor for gain parameter is  0.5000000.
Number of subphases in Phase 2 is 0.

Initial parameter values are 
  1. rate:  constant dv.net rate (period 1)                 0.0580
  2. rate:  constant dv.net rate (period 2)                 0.1684
  3. rate:  constant dv.net rate (period 3)                 0.5496
  4. rate:  constant dv.net rate (period 4)                 0.3979
  5. rate:  constant dv.net rate (period 5)                 0.3780
  6. rate:  constant dv.net rate (period 6)                 0.3701
  7. rate:  constant dv.net rate (period 7)                 0.4604
  8. rate:  constant dv.net rate (period 8)                 0.3540
  9. rate:  constant dv.net rate (period 9)                 0.3715
 10. rate:  constant dv.net rate (period 10)                0.3147
 11. rate:  constant dv.net rate (period 11)                0.3644
 12. rate:  constant dv.net rate (period 12)                0.4995
 13. rate:  constant dv.net rate (period 13)                0.3873
 14. rate:  constant dv.net rate (period 14)                0.3542
 15. rate:  constant dv.net rate (period 15)                0.3157
 16. rate:  constant dv.net rate (period 16)                0.5652
 17. rate:  constant dv.net rate (period 17)                0.3681
 18. eval:  degree (density)                               -6.1983
 19. eval:  GWESP (69)                                      2.3130
 20. eval:  degree act+pop                                  0.0312
 21. eval:  nets.lndistance_d                              -0.8507
 22. eval:  nets.ATOP_d                                     0.9170
 23. eval:  nets.absidealdiff_d                            -0.5294
 24. eval:  nets.lntrade_d                                  0.0319
 25. eval:  nets.NATO_d                                    -3.9613
 26. eval:  milex.beh alter                                -0.0663
 27. eval:  beh.democracy_1 alter                           1.4635
 28. eval:  beh.lncinc_1 alter                              0.8010
 29. rate:  rate milex.beh (period 1)                       0.9349
 30. rate:  rate milex.beh (period 2)                       1.3039
 31. rate:  rate milex.beh (period 3)                       1.3546
 32. rate:  rate milex.beh (period 4)                       1.1816
 33. rate:  rate milex.beh (period 5)                       0.7023
 34. rate:  rate milex.beh (period 6)                       0.5690
 35. rate:  rate milex.beh (period 7)                       0.4763
 36. rate:  rate milex.beh (period 8)                       0.5254
 37. rate:  rate milex.beh (period 9)                       0.3777
 38. rate:  rate milex.beh (period 10)                      1.7470
 39. rate:  rate milex.beh (period 11)                      0.5928
 40. rate:  rate milex.beh (period 12)                      1.3379
 41. rate:  rate milex.beh (period 13)                      0.3283
 42. rate:  rate milex.beh (period 14)                      0.2995
 43. rate:  rate milex.beh (period 15)                      1.0952
 44. rate:  rate milex.beh (period 16)                      0.4131
 45. rate:  rate milex.beh (period 17)                      0.3604
 46. eval:  milex.beh linear shape                         -1.1922
 47. eval:  milex.beh quadratic shape                      -0.0349
 48. eval:  milex.beh degree                                0.0962
 49. eval:  milex.beh dense triads                         -0.0246
 50. eval:  milex.beh: effect from beh.democracy_1         -0.4917
 51. eval:  milex.beh: effect from beh.GDPgrowth_1         -2.3914
 52. eval:  milex.beh: effect from beh.nato_1               0.9141
 53. eval:  milex.beh: effect from beh.allies_1            -0.0110
 54. eval:  milex.beh: effect from beh.military_1           0.2706
 55. eval:  milex.beh: effect from beh.lnmids_1             0.1545
 56. eval:  milex.beh: effect from beh.milexSpLag_1         7.6790


Observed values of target statistics are
  1. Amount of network change in period 1                                10.0000
  2. Amount of network change in period 2                                34.0000
  3. Amount of network change in period 3                                86.0000
  4. Amount of network change in period 4                                94.0000
  5. Amount of network change in period 5                                76.0000
  6. Amount of network change in period 6                                76.0000
  7. Amount of network change in period 7                                94.0000
  8. Amount of network change in period 8                                78.0000
  9. Amount of network change in period 9                                84.0000
 10. Amount of network change in period 10                               72.0000
 11. Amount of network change in period 11                               84.0000
 12. Amount of network change in period 12                              114.0000
 13. Amount of network change in period 13                               94.0000
 14. Amount of network change in period 14                               88.0000
 15. Amount of network change in period 15                               80.0000
 16. Amount of network change in period 16                              138.0000
 17. Amount of network change in period 17                               96.0000
 18. Number of edges                                                   4749.0000
 19. Numb. edgew. shrd prtns.(69)                                      13708.3372
 20. Sum of squared degrees                                            295492.0000
 21. Sum of ties x nets.lndistance_d                                   -9747.6740
 22. Sum of ties x nets.ATOP_d                                         5448.6151
 23. Sum of ties x nets.absidealdiff_d                                 -2610.8800
 24. Sum of ties x nets.lntrade_d                                      33846.3182
 25. Sum of ties x nets.NATO_d                                         1074.4417
 26. Sum of degrees x milex.beh                                        -147.2762
 27. Sum of degrees x beh.democracy_1                                  2684.2037
 28. Sum of degrees x beh.lncinc_1                                     11911.5952
 29. Amount of behavioral change in period 1 on milex.beh                41.0000
 30. Amount of behavioral change in period 2 on milex.beh                50.0000
 31. Amount of behavioral change in period 3 on milex.beh                57.0000
 32. Amount of behavioral change in period 4 on milex.beh                52.0000
 33. Amount of behavioral change in period 5 on milex.beh                37.0000
 34. Amount of behavioral change in period 6 on milex.beh                32.0000
 35. Amount of behavioral change in period 7 on milex.beh                28.0000
 36. Amount of behavioral change in period 8 on milex.beh                31.0000
 37. Amount of behavioral change in period 9 on milex.beh                24.0000
 38. Amount of behavioral change in period 10 on milex.beh               71.0000
 39. Amount of behavioral change in period 11 on milex.beh               34.0000
 40. Amount of behavioral change in period 12 on milex.beh               55.0000
 41. Amount of behavioral change in period 13 on milex.beh               18.0000
 42. Amount of behavioral change in period 14 on milex.beh               17.0000
 43. Amount of behavioral change in period 15 on milex.beh               48.0000
 44. Amount of behavioral change in period 16 on milex.beh               20.0000
 45. Amount of behavioral change in period 17 on milex.beh               18.0000
 46. milex.beh centered sum                                             -67.9151
 47. milex.beh sum of cent. squares                                    5722.2550
 48. milex.beh outdegrees                                              -256.4846
 49. milex.beh dense triads                                            -2686.3147
 50. milex.beh x beh.democracy_1                                       -381.2796
 51. milex.beh x beh.GDPgrowth_1                                          0.3065
 52. milex.beh x beh.nato_1                                              47.2347
 53. milex.beh x beh.allies_1                                          -4376.9242
 54. milex.beh x beh.military_1                                         126.7983
 55. milex.beh x beh.lnmids_1                                           566.8675
 56. milex.beh x beh.milexSpLag_1                                        23.5793

 56 parameters, 56 statistics

Number of subphases is specified as 0.
Therefore the estimation phase is skipped
 and the program passes on immediately to phase 3
 for checking the current parameter values and calculating standard errors.
Estimation of derivatives by the LR method (type 1).


@2
End of stochastic approximation algorithm, phase 3.
---------------------------------------------------

Total of 3000 iterations.
Parameter estimates based on 0 iterations,
convergence diagnostics, covariance and derivative matrices based on 3000 iterations.

Information for convergence diagnosis.
Averages, standard deviations, and t-ratios for deviations from targets:
  1.   0.1100    4.3816   0.0251 
  2.  -0.1220    8.2027  -0.0149 
  3.  -0.5060   11.8099  -0.0428 
  4.  -0.1447   14.0447  -0.0103 
  5.  -0.2180   12.0494  -0.0181 
  6.  -0.3193   11.5463  -0.0277 
  7.   0.0407   13.1712   0.0031 
  8.   0.3373   12.2633   0.0275 
  9.   0.0353   12.4666   0.0028 
 10.   0.1667   11.7158   0.0142 
 11.   0.1820   12.7659   0.0143 
 12.  -0.3473   14.3652  -0.0242 
 13.  -0.4613   13.0353  -0.0354 
 14.  -0.3613   12.6124  -0.0286 
 15.   0.3313   12.4849   0.0265 
 16.  -0.0033   16.2764  -0.0002 
 17.  -0.6907   13.6521  -0.0506 
 18.  -0.7040   26.2317  -0.0268 
 19.  -1.3965   98.4168  -0.0142 
 20. -48.2560 2568.4533  -0.0188 
 21.   1.1072   66.4770   0.0167 
 22.  -0.9411   32.6307  -0.0288 
 23.  -0.4411   43.3943  -0.0102 
 24.  -4.7172  198.8333  -0.0237 
 25.   0.0983    9.1628   0.0107 
 26.   1.4957   51.2028   0.0292 
 27.   0.3120   19.0573   0.0164 
 28.   0.7551   87.6701   0.0086 
 29.   0.0967    5.5835   0.0173 
 30.   0.1410    6.0316   0.0234 
 31.   0.1143    6.3927   0.0179 
 32.  -0.0253    6.4037  -0.0040 
 33.  -0.0533    5.5828  -0.0096 
 34.  -0.0257    5.2119  -0.0049 
 35.  -0.1593    4.8375  -0.0329 
 36.   0.0457    5.2025   0.0088 
 37.  -0.1237    4.6367  -0.0267 
 38.  -0.3953    7.1058  -0.0556 
 39.  -0.0237    5.2549  -0.0045 
 40.  -0.0933    6.1225  -0.0152 
 41.   0.1280    4.0975   0.0312 
 42.  -0.0160    3.9539  -0.0040 
 43.   0.1750    5.8789   0.0298 
 44.  -0.1090    4.1241  -0.0264 
 45.   0.0617    4.0624   0.0152 
 46.  -0.6010   23.7082  -0.0253 
 47.   0.4817   96.4985   0.0050 
 48.  -1.1190  176.3975  -0.0063 
 49. -11.2073  470.5477  -0.0238 
 50.   0.1926   12.1003   0.0159 
 51.   0.0701    2.1887   0.0320 
 52.   0.2609    9.4608   0.0276 
 53.  -4.8762  471.8937  -0.0103 
 54.   0.2052    6.6206   0.0310 
 55.   1.2201   15.4207   0.0791 
 56.  -0.0047    0.5133  -0.0092 

Good convergence is indicated by the t-ratios being close to zero.

Overall maximum convergence ratio =  0.2085 .



@2
Estimation Results.
-------------------

Regular end of estimation algorithm.
Total of 3000 iteration steps.


@3
Estimates and standard errors
                             
Network Dynamics
 1. rate:  constant dv.net rate (period 1)                         0.0580  (   0.0268)
 2. rate:  constant dv.net rate (period 2)                         0.1684  (   0.0422)
 3. rate:  constant dv.net rate (period 3)                         0.5496  (   0.1140)
 4. rate:  constant dv.net rate (period 4)                         0.3979  (   0.0590)
 5. rate:  constant dv.net rate (period 5)                         0.3780  (   0.0688)
 6. rate:  constant dv.net rate (period 6)                         0.3701  (   0.0681)
 7. rate:  constant dv.net rate (period 7)                         0.4604  (   0.0764)
 8. rate:  constant dv.net rate (period 8)                         0.3540  (   0.0604)
 9. rate:  constant dv.net rate (period 9)                         0.3715  (   0.0635)
10. rate:  constant dv.net rate (period 10)                        0.3147  (   0.0560)
11. rate:  constant dv.net rate (period 11)                        0.3644  (   0.0600)
12. rate:  constant dv.net rate (period 12)                        0.4995  (   0.0746)
13. rate:  constant dv.net rate (period 13)                        0.3873  (   0.0611)
14. rate:  constant dv.net rate (period 14)                        0.3542  (   0.0581)
15. rate:  constant dv.net rate (period 15)                        0.3157  (   0.0524)
16. rate:  constant dv.net rate (period 16)                        0.5652  (   0.0726)
17. rate:  constant dv.net rate (period 17)                        0.3681  (   0.0563)
18. eval:  degree (density)                                       -6.1983  (   0.2502)
19. eval:  GWESP (69)                                              2.3130  (   0.2180)
20. eval:  degree act+pop                                          0.0312  (   0.0053)
21. eval:  nets.lndistance_d                                      -0.8507  (   0.0729)
22. eval:  nets.ATOP_d                                             0.9170  (   0.1497)
23. eval:  nets.absidealdiff_d                                    -0.5294  (   0.0748)
24. eval:  nets.lntrade_d                                          0.0319  (   0.0320)
25. eval:  nets.NATO_d                                            -3.9613  (   0.4301)
26. eval:  milex.beh alter                                        -0.0663  (   0.0634)
27. eval:  beh.democracy_1 alter                                   1.4635  (   0.2555)
28. eval:  beh.lncinc_1 alter                                      0.8010  (   0.0676)
Behavior Dynamics

29. rate:  rate milex.beh (period 1)                               0.9349  (   0.1877)
30. rate:  rate milex.beh (period 2)                               1.3039  (   0.2661)
31. rate:  rate milex.beh (period 3)                               1.3546  (   0.2543)
32. rate:  rate milex.beh (period 4)                               1.1816  (   0.2118)
33. rate:  rate milex.beh (period 5)                               0.7023  (   0.1440)
34. rate:  rate milex.beh (period 6)                               0.5690  (   0.1081)
35. rate:  rate milex.beh (period 7)                               0.4763  (   0.1034)
36. rate:  rate milex.beh (period 8)                               0.5254  (   0.1042)
37. rate:  rate milex.beh (period 9)                               0.3777  (   0.0843)
38. rate:  rate milex.beh (period 10)                              1.7470  (   0.3243)
39. rate:  rate milex.beh (period 11)                              0.5928  (   0.1138)
40. rate:  rate milex.beh (period 12)                              1.3379  (   0.2575)
41. rate:  rate milex.beh (period 13)                              0.3283  (   0.0823)
42. rate:  rate milex.beh (period 14)                              0.2995  (   0.0777)
43. rate:  rate milex.beh (period 15)                              1.0952  (   0.2213)
44. rate:  rate milex.beh (period 16)                              0.4131  (   0.1016)
45. rate:  rate milex.beh (period 17)                              0.3604  (   0.0890)
46. eval:  milex.beh linear shape                                 -1.1922  (   0.0808)
47. eval:  milex.beh quadratic shape                              -0.0349  (   0.0264)
48. eval:  milex.beh degree                                        0.0962  (   0.0262)
49. eval:  milex.beh dense triads                                 -0.0246  (   0.0085)
50. eval:  milex.beh: effect from beh.democracy_1                 -0.4917  (   0.1405)
51. eval:  milex.beh: effect from beh.GDPgrowth_1                 -2.3914  (   0.9330)
52. eval:  milex.beh: effect from beh.nato_1                       0.9141  (   0.1699)
53. eval:  milex.beh: effect from beh.allies_1                    -0.0110  (   0.0037)
54. eval:  milex.beh: effect from beh.military_1                   0.2706  (   0.1929)
55. eval:  milex.beh: effect from beh.lnmids_1                     0.1545  (   0.0932)
56. eval:  milex.beh: effect from beh.milexSpLag_1                 7.6790  (   2.9386)


@3
Covariance matrices
                   
Covariance matrix of estimates (correlations below diagonal):
     0.001      0.000      0.000      0.000      0.000      0.000      0.000      0.000      0.000      0.000      0.000      0.000      0.000      0.000      0.000      0.000      0.000      0.000      0.000      0.000      0.000      0.000      0.000      0.000      0.000      0.000      0.000      0.000      0.000      0.000      0.000      0.000      0.000      0.000      0.000      0.000      0.000      0.000      0.000      0.000      0.000      0.000      0.000      0.000      0.000      0.000      0.000      0.000      0.000      0.000      0.000      0.000      0.000      0.000      0.000      0.001
     0.019      0.002      0.000      0.000      0.000      0.000      0.000      0.000      0.000      0.000      0.000      0.000      0.000      0.000      0.000      0.000      0.000     -0.001      0.001      0.000      0.000      0.000      0.000      0.000      0.000      0.000      0.000      0.000      0.000      0.000      0.000      0.000      0.000      0.000      0.000      0.000      0.000      0.000      0.000      0.000      0.000      0.000      0.000      0.000      0.000      0.000      0.000      0.000      0.000      0.000      0.000      0.000      0.000      0.000      0.000      0.001
     0.044      0.037      0.013      0.000      0.000      0.000      0.000      0.000      0.000      0.000      0.000      0.000      0.000      0.000      0.000      0.000      0.000     -0.002      0.000      0.000      0.001     -0.001      0.000      0.000      0.004      0.000     -0.002     -0.001      0.000      0.000     -0.001      0.000      0.000      0.000      0.000     -0.001      0.000      0.001      0.000      0.000      0.000      0.000      0.000      0.000      0.000      0.000      0.000      0.000      0.000      0.001      0.002      0.001      0.000      0.000      0.000      0.003
     0.018      0.063      0.036      0.003      0.000      0.000      0.000      0.000      0.000      0.000      0.000      0.000      0.000      0.000      0.000      0.000      0.000     -0.002      0.001      0.000      0.000      0.000      0.000      0.000     -0.001      0.000      0.000      0.000      0.000      0.000     -0.001     -0.001      0.000      0.000      0.000      0.000      0.000      0.000      0.000      0.000      0.000      0.000      0.000      0.000      0.000      0.000      0.000      0.000      0.000      0.000      0.000      0.000      0.000      0.000      0.000     -0.001
     0.018      0.024      0.043      0.029      0.005      0.000      0.000      0.000      0.000      0.000      0.000      0.000      0.000      0.000      0.000      0.000      0.000     -0.001      0.000      0.000      0.000      0.000      0.000      0.000      0.001      0.000     -0.001      0.000      0.000      0.000      0.000      0.000      0.000      0.000      0.000      0.000      0.000      0.000      0.000      0.000      0.000      0.000      0.000      0.000      0.000      0.000      0.000      0.000      0.000      0.000      0.001      0.000      0.000      0.000      0.000     -0.006
     0.018      0.042      0.023      0.047      0.031      0.005      0.000      0.000      0.000      0.000      0.000      0.000      0.000      0.000      0.000      0.000      0.000     -0.001      0.001      0.000      0.000      0.000      0.000      0.000     -0.001      0.000     -0.001      0.000      0.000      0.000      0.000      0.000      0.000      0.000      0.000      0.000      0.000      0.000      0.000      0.000      0.000      0.000      0.000      0.000      0.000      0.000      0.000      0.000      0.000      0.000     -0.001      0.000      0.000      0.000      0.000      0.003
     0.020     -0.011      0.048     -0.004      0.010      0.029      0.006      0.000      0.000      0.000      0.000      0.000      0.000      0.000      0.000      0.000      0.000     -0.001      0.001      0.000      0.000      0.000      0.000      0.000      0.000      0.000     -0.001      0.000      0.000      0.000      0.000      0.000      0.000      0.000      0.000      0.000      0.000      0.000      0.000      0.000      0.000      0.000      0.001      0.000      0.000      0.000      0.000      0.000      0.000      0.000      0.001      0.000      0.000      0.000      0.000     -0.003
    -0.013      0.042      0.030      0.038      0.015     -0.013      0.000      0.004      0.000      0.000      0.000      0.000      0.000      0.000      0.000      0.000      0.000      0.000      0.000      0.000      0.000      0.000      0.000      0.000      0.000      0.000     -0.001      0.000      0.000      0.000      0.000      0.000      0.000      0.000      0.000      0.000      0.000      0.000      0.000      0.001      0.000      0.000      0.000      0.000      0.000      0.000      0.000      0.000      0.000      0.000      0.001      0.000      0.000      0.000      0.000      0.004
     0.020      0.040      0.009      0.021      0.021      0.009      0.025      0.012      0.004      0.000      0.000      0.000      0.000      0.000      0.000      0.000      0.000      0.000      0.001      0.000      0.000      0.000      0.000      0.000      0.000      0.000     -0.001      0.000      0.000      0.000      0.000      0.000      0.000      0.000      0.000      0.000      0.000      0.001      0.000      0.000      0.000      0.000      0.000      0.000      0.000      0.000      0.000      0.000      0.000      0.000     -0.001      0.000      0.000      0.000      0.000      0.000
     0.018      0.003      0.031      0.041      0.003     -0.007     -0.003      0.025      0.012      0.003      0.000      0.000      0.000      0.000      0.000      0.000      0.000     -0.001      0.000      0.000      0.000      0.000      0.000      0.000      0.000      0.000      0.000      0.000      0.000      0.001      0.000      0.000      0.000      0.000      0.000      0.000      0.000      0.000      0.000      0.000      0.000      0.000      0.000      0.000      0.000      0.000      0.000      0.000      0.000      0.000      0.000      0.000      0.000      0.000      0.000     -0.004
     0.014      0.043      0.029      0.011      0.011     -0.052      0.040      0.042     -0.010     -0.013      0.004      0.000      0.000      0.000      0.000      0.000      0.000     -0.001      0.001      0.000      0.000      0.000      0.000      0.000      0.000      0.000      0.000      0.000      0.000      0.000     -0.001      0.000      0.000      0.000      0.000      0.000      0.000      0.000      0.000      0.000      0.000      0.000      0.000      0.000      0.000      0.000      0.000      0.000      0.000      0.000      0.001      0.000      0.000      0.000      0.000     -0.003
     0.012     -0.014      0.054      0.002      0.011      0.018      0.041     -0.008      0.019      0.021      0.031      0.006      0.000      0.000      0.000      0.000      0.000     -0.001      0.001      0.000      0.000      0.000      0.000      0.000      0.000      0.000      0.000      0.000      0.000      0.001      0.000      0.000      0.000      0.000      0.000      0.000      0.000      0.000      0.000      0.001      0.000      0.000      0.000      0.000      0.000      0.000      0.000      0.000      0.000      0.000      0.001      0.000      0.000     -0.001      0.000     -0.001
     0.023      0.024      0.007     -0.020     -0.004      0.013      0.014      0.040     -0.014      0.006      0.017      0.019      0.004      0.000      0.000      0.000      0.000     -0.001      0.000      0.000      0.000      0.000      0.000      0.000      0.001      0.000      0.000      0.000      0.000      0.000      0.000      0.000      0.000      0.000      0.000      0.000      0.000      0.000      0.000      0.000      0.000      0.000      0.000      0.000      0.000      0.000      0.000      0.000      0.000      0.000      0.000      0.000      0.000      0.000      0.000     -0.002
    -0.003      0.037      0.016      0.014      0.007     -0.003     -0.011      0.014     -0.007      0.020     -0.004      0.077     -0.001      0.003      0.000      0.000      0.000     -0.001      0.000      0.000      0.000      0.000      0.000      0.000      0.000      0.000      0.000      0.000      0.000      0.000      0.000      0.000      0.000      0.000      0.000      0.000      0.000      0.000      0.000      0.000      0.000      0.000      0.000      0.000      0.000      0.000      0.000      0.000      0.000      0.000      0.000      0.000      0.000      0.000      0.000      0.001
    -0.005      0.011      0.008      0.013     -0.013     -0.023      0.001      0.017      0.027      0.000      0.017      0.024      0.025     -0.010      0.003      0.000      0.000      0.000      0.000      0.000      0.000      0.000      0.000      0.000      0.000      0.000      0.000      0.000      0.000      0.000      0.000      0.000      0.000      0.000      0.000      0.000      0.000      0.000      0.000      0.000      0.000      0.000      0.000      0.000      0.000      0.000      0.000      0.000      0.000      0.000      0.000      0.000      0.000      0.001      0.000      0.002
    -0.007      0.013      0.015     -0.020      0.009      0.008     -0.008     -0.006     -0.001      0.032     -0.003     -0.027      0.045      0.022      0.006      0.005      0.000      0.000      0.000      0.000      0.000      0.000      0.000      0.000      0.001      0.000      0.000      0.000      0.000      0.000     -0.001      0.000      0.000      0.000      0.000      0.000      0.000      0.000      0.000      0.000      0.000      0.000      0.000      0.000      0.000      0.000      0.000      0.000      0.000      0.000      0.002      0.000      0.000      0.000      0.000      0.002
     0.004     -0.009     -0.003      0.000      0.002     -0.009      0.006      0.023     -0.019     -0.002      0.019      0.008     -0.005      0.027     -0.020     -0.004      0.003      0.000      0.000      0.000      0.000      0.000      0.000      0.000      0.000      0.000      0.000      0.000      0.000      0.000      0.000      0.000      0.000      0.000      0.000      0.000      0.000     -0.001      0.000      0.000      0.000      0.000      0.000      0.000      0.000      0.000      0.000      0.000      0.000      0.000     -0.002      0.000      0.000      0.000      0.000     -0.004
    -0.044     -0.111     -0.056     -0.117     -0.038     -0.056     -0.071     -0.032     -0.028     -0.057     -0.071     -0.047     -0.041     -0.035     -0.021     -0.009     -0.019      0.063     -0.031      0.000      0.008     -0.008      0.006      0.001      0.039      0.002     -0.027     -0.011      0.001      0.000      0.000      0.001      0.000      0.000      0.000     -0.001      0.001      0.003      0.000      0.002      0.000      0.000      0.000      0.000      0.000     -0.001      0.000      0.000      0.000     -0.001     -0.001      0.000      0.000      0.001      0.000     -0.010
     0.037      0.063     -0.016      0.063     -0.014      0.048      0.059      0.026      0.061      0.035      0.058      0.038      0.022      0.014      0.035     -0.006      0.035     -0.566      0.048     -0.001     -0.005      0.003     -0.003     -0.002     -0.030      0.001      0.013      0.007     -0.001      0.001      0.000      0.000     -0.001      0.000      0.000      0.001     -0.001     -0.001      0.001     -0.001      0.000      0.000     -0.002      0.000      0.000      0.000      0.000      0.000      0.000      0.001      0.001      0.000      0.000      0.001      0.000      0.010
     0.031      0.074      0.135      0.066      0.079      0.048      0.020      0.020     -0.030     -0.007     -0.021     -0.002      0.003     -0.011     -0.023     -0.039     -0.016     -0.103     -0.492      0.000      0.000      0.000      0.000      0.000      0.000      0.000      0.000      0.000      0.000      0.000      0.000      0.000      0.000      0.000      0.000      0.000      0.000      0.000      0.000      0.000      0.000      0.000      0.000      0.000      0.000      0.000      0.000      0.000      0.000      0.000      0.000      0.000      0.000      0.000      0.000      0.000
     0.024      0.020      0.112      0.004      0.042      0.037      0.030      0.022      0.026     -0.005      0.019      0.034      0.031      0.001     -0.001     -0.008      0.016      0.428     -0.329      0.113      0.005      0.002      0.001      0.001      0.007      0.000     -0.004     -0.003      0.000      0.000      0.000      0.000      0.000      0.000      0.000      0.000      0.000      0.001      0.000      0.000      0.000      0.000      0.000      0.000      0.000      0.000      0.000      0.000      0.000      0.000     -0.001      0.000      0.000      0.000      0.000     -0.001
    -0.010      0.013     -0.054     -0.018     -0.042      0.011     -0.030     -0.003     -0.032     -0.015      0.008     -0.020     -0.007     -0.033      0.002     -0.040     -0.001     -0.214      0.105     -0.038      0.195      0.022      0.001     -0.001     -0.008     -0.002      0.007      0.002      0.000      0.001      0.002     -0.001      0.000      0.000      0.000      0.001      0.000      0.001      0.000     -0.001      0.000      0.000      0.001      0.000      0.000      0.000      0.000      0.000      0.000      0.000      0.001      0.000      0.000      0.000      0.000      0.001
    -0.032      0.018      0.005     -0.032      0.014     -0.023     -0.021      0.036      0.007      0.024     -0.007     -0.017      0.013      0.011      0.029      0.037     -0.003      0.345     -0.161     -0.056      0.093      0.106      0.006      0.000      0.009     -0.002     -0.006     -0.001      0.000      0.000      0.000      0.000      0.000      0.000      0.000      0.000      0.000      0.000      0.000      0.001      0.000      0.000     -0.001      0.000      0.000      0.000      0.000      0.000      0.000      0.000      0.002      0.000      0.000      0.000      0.000      0.001
     0.024      0.051      0.101      0.069      0.099      0.019      0.049      0.033      0.013      0.032      0.024      0.054      0.014      0.004     -0.003      0.003      0.020      0.144     -0.335      0.259      0.399     -0.249     -0.073      0.001      0.000      0.000     -0.001     -0.001      0.000      0.000      0.000      0.000      0.000      0.000      0.000      0.000      0.000      0.000      0.000      0.000      0.000      0.000      0.000      0.000      0.000      0.000      0.000      0.000      0.000      0.000      0.000      0.000      0.000      0.000      0.000     -0.001
    -0.033     -0.025      0.083     -0.022      0.020     -0.018     -0.002      0.016      0.009     -0.020     -0.004     -0.006      0.026     -0.005      0.012      0.044      0.012      0.360     -0.324     -0.038      0.211     -0.130      0.281     -0.004      0.185     -0.002     -0.030     -0.005      0.003      0.001     -0.001      0.003      0.000      0.000      0.000     -0.001      0.001      0.004      0.000      0.001     -0.001      0.000      0.000      0.001     -0.001      0.000      0.001      0.000      0.000      0.000      0.006      0.001      0.000     -0.002     -0.001     -0.045
     0.033     -0.007     -0.063      0.009     -0.055     -0.012     -0.021     -0.063     -0.017     -0.013      0.005     -0.008     -0.006     -0.017     -0.007      0.026      0.012      0.130      0.052     -0.147     -0.067     -0.203     -0.332      0.011     -0.090      0.004      0.003     -0.001      0.000     -0.001      0.000      0.000      0.000      0.000      0.000      0.000      0.000      0.000      0.000      0.000      0.000      0.000      0.000      0.000      0.000      0.000      0.000      0.000      0.000      0.000     -0.003      0.000      0.000      0.000      0.000     -0.004
     0.004     -0.020     -0.068     -0.010     -0.071     -0.039     -0.034     -0.042     -0.049      0.020     -0.002     -0.015     -0.001     -0.008      0.011     -0.015     -0.004     -0.425      0.235     -0.180     -0.227      0.196     -0.326     -0.140     -0.272      0.206      0.065      0.004      0.000      0.001      0.001      0.000      0.000     -0.001      0.000      0.001      0.000     -0.002     -0.001     -0.005      0.000      0.001     -0.001      0.001      0.000      0.000      0.000      0.000      0.000      0.000     -0.003     -0.001      0.000      0.001     -0.001     -0.016
    -0.011     -0.044     -0.120     -0.027     -0.076     -0.014     -0.020     -0.028     -0.015     -0.024      0.006     -0.026     -0.010      0.004     -0.026     -0.005     -0.018     -0.636      0.482     -0.280     -0.538      0.221     -0.243     -0.581     -0.181     -0.159      0.217      0.005      0.000      0.000      0.001      0.000      0.000      0.000      0.000      0.000      0.000      0.000      0.000     -0.001      0.000      0.000      0.000      0.000      0.000      0.000      0.000      0.000      0.000      0.000      0.000      0.000      0.000      0.000      0.000      0.002
     0.009     -0.020      0.007     -0.014     -0.015     -0.001      0.013     -0.006      0.004      0.016      0.020      0.009      0.010     -0.042     -0.019      0.009      0.020      0.020     -0.023     -0.003     -0.003     -0.017     -0.013      0.001      0.032      0.018     -0.007     -0.001      0.035      0.000      0.000      0.002      0.000      0.000      0.000      0.001      0.000      0.001      0.000      0.000      0.000      0.000      0.000      0.000      0.000      0.000      0.000      0.000      0.000      0.001      0.011     -0.001      0.000     -0.001      0.001      0.008
    -0.016      0.040      0.000     -0.013     -0.014     -0.019      0.006      0.003      0.003      0.042      0.009      0.040     -0.027      0.029     -0.025      0.023      0.013     -0.002      0.009     -0.026      0.018      0.037     -0.007     -0.022      0.008     -0.030      0.017      0.010     -0.006      0.071      0.001      0.001      0.000      0.001      0.001      0.000     -0.001     -0.002      0.000      0.001      0.000      0.000     -0.001      0.002     -0.001      0.000      0.001      0.000      0.000      0.001     -0.002      0.000      0.000     -0.002     -0.001     -0.005
    -0.018     -0.026     -0.035     -0.053      0.020      0.007     -0.025      0.002      0.017      0.007     -0.062     -0.001     -0.011     -0.033     -0.021     -0.037      0.020      0.005     -0.004     -0.036      0.004      0.055     -0.018     -0.019     -0.009      0.004      0.020      0.034      0.006      0.017      0.065      0.000      0.000      0.000      0.000      0.000      0.000     -0.002      0.000     -0.001      0.000      0.000      0.002      0.000      0.000      0.001      0.001      0.000      0.000      0.002      0.009     -0.001      0.000     -0.001     -0.001      0.010
     0.017     -0.019      0.013     -0.085      0.001     -0.030     -0.015     -0.011     -0.017      0.017      0.014      0.022     -0.013      0.024     -0.013     -0.018     -0.003      0.011      0.004     -0.017      0.014     -0.026      0.019     -0.009      0.035     -0.032      0.007     -0.005      0.046      0.018      0.008      0.045      0.000      0.000      0.001      0.001      0.000     -0.001      0.001     -0.001      0.000      0.000      0.000      0.001      0.000      0.000      0.001      0.000      0.000      0.001      0.017      0.000      0.000     -0.002      0.000      0.002
    -0.002      0.021     -0.019      0.020      0.012      0.006      0.014      0.019      0.007      0.034      0.039      0.003      0.004      0.006      0.034     -0.004     -0.015      0.000     -0.020      0.014      0.006      0.001      0.021      0.026      0.005     -0.019      0.006     -0.020      0.008     -0.004     -0.011      0.011      0.021      0.000      0.000      0.000      0.000      0.000     -0.001      0.000      0.000      0.000     -0.001      0.000      0.000      0.000      0.000      0.000      0.000      0.000      0.009      0.000      0.000      0.000      0.000      0.003
     0.017     -0.032     -0.019     -0.023     -0.020     -0.003     -0.024      0.031      0.014     -0.031      0.005     -0.019     -0.005      0.024      0.010      0.003      0.004      0.018     -0.018      0.013      0.011     -0.009      0.012      0.036     -0.003     -0.022     -0.031     -0.016     -0.020      0.020      0.013      0.005      0.016      0.012      0.000      0.000      0.000      0.000      0.000     -0.001      0.000      0.000      0.000      0.000      0.000      0.000      0.000      0.000      0.000      0.000      0.001      0.000      0.000      0.000      0.000     -0.003
     0.024     -0.027     -0.002     -0.009      0.023      0.047      0.008     -0.012     -0.003     -0.024      0.010      0.010      0.000      0.009      0.000      0.030     -0.016     -0.013      0.018      0.006      0.000      0.017      0.029      0.005     -0.005     -0.073     -0.013      0.006     -0.002      0.023     -0.011      0.026      0.017      0.011      0.011      0.000      0.000      0.000      0.000      0.000      0.000      0.000      0.000      0.000      0.000      0.000      0.000      0.000      0.000      0.000      0.002      0.000      0.000      0.000      0.000     -0.010
    -0.004      0.008     -0.043      0.000     -0.015      0.009     -0.028      0.040      0.002      0.014      0.033     -0.011     -0.007      0.012      0.012      0.002     -0.002     -0.043      0.039      0.002     -0.013      0.053     -0.020     -0.007     -0.030      0.011      0.028      0.028      0.027      0.017     -0.015      0.034      0.005      0.006      0.009      0.011      0.000      0.000      0.000      0.000      0.000      0.000      0.000      0.000      0.000      0.000      0.000      0.000      0.000     -0.001      0.002      0.001      0.000      0.000      0.000      0.002
    -0.006     -0.024     -0.023     -0.030     -0.016      0.001      0.025     -0.006      0.004      0.018      0.005      0.009      0.017      0.013      0.000      0.015      0.004      0.031     -0.031      0.021      0.032      0.020      0.040     -0.011      0.037     -0.022     -0.020     -0.023     -0.017     -0.023     -0.005     -0.010     -0.015      0.018      0.013     -0.018      0.007      0.000      0.000      0.000      0.000      0.000      0.000      0.000      0.000      0.000      0.000      0.000      0.000      0.000      0.003      0.001      0.000      0.000      0.000     -0.008
     0.020     -0.020      0.018     -0.005     -0.015      0.004     -0.019      0.007      0.026      0.017      0.021      0.004     -0.008     -0.009      0.016      0.005     -0.031      0.042     -0.017     -0.006      0.031      0.016      0.002     -0.018      0.029      0.011     -0.026     -0.009      0.014     -0.018     -0.023     -0.008      0.010      0.003      0.005      0.006     -0.003      0.105      0.000     -0.002      0.001      0.000      0.002      0.000      0.001      0.001      0.001      0.000      0.000     -0.001      0.006     -0.002      0.000     -0.002     -0.001     -0.014
    -0.021      0.006      0.006      0.006      0.008     -0.003      0.001     -0.011      0.014      0.017     -0.005      0.008     -0.018      0.030     -0.001      0.000     -0.040     -0.014      0.024     -0.011     -0.026      0.001      0.020     -0.051     -0.001     -0.030     -0.027      0.049     -0.004     -0.007     -0.005      0.027     -0.036      0.000     -0.026     -0.001      0.019      0.003      0.013      0.001      0.000      0.000      0.000      0.000      0.000      0.000      0.000      0.000      0.000      0.000      0.003      0.000      0.000      0.000      0.000      0.000
     0.014      0.012      0.003     -0.002      0.011      0.013      0.017      0.037      0.002      0.024     -0.010      0.028     -0.018     -0.008     -0.016     -0.001      0.015      0.031     -0.022      0.039      0.015     -0.039      0.039      0.037      0.013      0.028     -0.075     -0.050     -0.010      0.021     -0.016     -0.020     -0.006     -0.029      0.013     -0.006      0.013     -0.028      0.025      0.066      0.000      0.000      0.001      0.000      0.000      0.001      0.000      0.000      0.000     -0.002     -0.001      0.001      0.000     -0.001      0.000      0.002
     0.047     -0.061      0.011     -0.041     -0.030      0.009      0.042      0.022     -0.026      0.029     -0.013      0.009      0.011     -0.016      0.018     -0.023     -0.006     -0.008     -0.005      0.010      0.017      0.004     -0.055      0.031     -0.015      0.017      0.013      0.004      0.003      0.011      0.002     -0.004      0.023      0.006      0.018      0.039      0.005      0.019     -0.006      0.020      0.007      0.000      0.000      0.000      0.000      0.000      0.000      0.000      0.000     -0.001      0.001      0.001      0.000     -0.001      0.000     -0.005
     0.009     -0.026      0.026      0.021     -0.007     -0.005      0.009     -0.005     -0.026      0.010      0.022      0.001     -0.023     -0.017      0.001      0.032     -0.005     -0.011     -0.018      0.022      0.010      0.042      0.011      0.004      0.008     -0.016      0.028      0.003      0.002     -0.003     -0.025     -0.009      0.040      0.013      0.012      0.010      0.026     -0.017      0.003     -0.017     -0.013      0.006      0.000      0.000      0.000      0.000      0.000      0.000      0.000     -0.001      0.000      0.000      0.000      0.000      0.000      0.003
    -0.009     -0.012     -0.019     -0.014      0.015      0.012      0.032     -0.021     -0.012      0.004      0.009      0.015      0.009      0.023      0.033      0.009      0.010     -0.007     -0.042      0.042      0.022      0.023     -0.042     -0.007      0.000      0.007     -0.021      0.011     -0.008     -0.019      0.028      0.002     -0.041     -0.016     -0.003     -0.003      0.009      0.023      0.016      0.012      0.014     -0.019      0.049      0.000      0.000      0.000      0.000      0.000      0.000     -0.001      0.005      0.001      0.000     -0.002      0.000     -0.003
     0.016      0.015     -0.001     -0.025     -0.009      0.012     -0.026     -0.007      0.020      0.035      0.038      0.020     -0.028      0.013      0.018      0.028      0.009     -0.017      0.011     -0.034      0.000      0.012      0.015     -0.002      0.016      0.011      0.037     -0.002      0.010      0.061      0.013      0.045      0.014     -0.009     -0.009     -0.023     -0.039      0.011     -0.030     -0.010      0.032     -0.009      0.005      0.010      0.000     -0.001      0.000      0.000      0.000      0.000     -0.003      0.001      0.000      0.000      0.000     -0.005
    -0.012      0.013      0.005     -0.001     -0.024      0.015     -0.034      0.024     -0.001     -0.006     -0.005      0.017     -0.003      0.045      0.000     -0.026      0.010      0.005      0.014     -0.014      0.033     -0.012      0.015      0.015     -0.016     -0.030     -0.013      0.001      0.028     -0.028      0.007      0.017     -0.006     -0.010      0.022      0.029      0.014      0.031     -0.008      0.017      0.005     -0.005     -0.021      0.006      0.008      0.000      0.000      0.000      0.000      0.000     -0.001      0.001      0.000      0.000      0.000      0.004
    -0.020     -0.001     -0.008      0.022     -0.027     -0.003     -0.019     -0.034     -0.005      0.020     -0.011      0.011      0.015     -0.026      0.025      0.020     -0.026     -0.037      0.024      0.004     -0.022     -0.018     -0.027      0.027     -0.010      0.030     -0.003      0.012      0.003     -0.002      0.030     -0.008     -0.018     -0.051     -0.018     -0.036     -0.008      0.020     -0.027      0.032     -0.063     -0.042     -0.022     -0.067     -0.030      0.007      0.000     -0.001      0.000      0.003      0.013     -0.003      0.000     -0.001      0.001     -0.019
     0.016     -0.016      0.026     -0.030      0.032     -0.027      0.001      0.001      0.000      0.026     -0.009      0.015     -0.007      0.006     -0.001     -0.012     -0.006      0.044     -0.037     -0.009      0.026      0.005      0.018     -0.021      0.054     -0.004     -0.009     -0.024      0.077      0.122      0.127      0.125      0.059      0.097      0.047      0.054      0.038      0.092      0.056      0.041      0.036     -0.010      0.050      0.030     -0.003     -0.103      0.001      0.000      0.000      0.001      0.006      0.000      0.000      0.000     -0.001     -0.027
     0.007      0.033     -0.022      0.012      0.047      0.027      0.014      0.027     -0.016     -0.011      0.027     -0.012      0.008      0.001     -0.010      0.036      0.004      0.023     -0.014     -0.012     -0.004      0.020      0.000     -0.022      0.000      0.011      0.014      0.000     -0.059     -0.033     -0.050     -0.076     -0.024     -0.011     -0.010      0.000     -0.011     -0.008     -0.020     -0.017      0.020      0.036      0.026      0.010     -0.005     -0.584     -0.199      0.001      0.000     -0.001     -0.003      0.000      0.000      0.000     -0.001      0.007
     0.003     -0.018      0.028     -0.020     -0.047     -0.039     -0.004     -0.016      0.011     -0.003     -0.026      0.012      0.005      0.005      0.000     -0.034     -0.006     -0.020      0.010      0.011     -0.004     -0.022      0.000      0.021      0.002     -0.022     -0.013      0.004      0.041      0.031      0.025      0.064      0.032      0.017      0.002      0.001      0.000     -0.018      0.023      0.003     -0.020     -0.029     -0.036     -0.013     -0.002      0.397      0.180     -0.904      0.000      0.000      0.001      0.000      0.000      0.000      0.000     -0.002
     0.030      0.018      0.035     -0.010      0.025     -0.002     -0.003     -0.017     -0.008     -0.010      0.005      0.021      0.006      0.001      0.012     -0.009      0.028     -0.024      0.025     -0.010      0.008      0.015      0.005     -0.004     -0.007     -0.018     -0.012      0.005      0.048      0.016      0.066      0.025      0.010      0.006     -0.009     -0.038     -0.022     -0.031     -0.017     -0.066     -0.055     -0.063     -0.041     -0.008     -0.026      0.238      0.142     -0.219      0.182      0.020      0.007     -0.010      0.000      0.005      0.001      0.038
     0.008     -0.012      0.022     -0.002      0.016     -0.010      0.018      0.017     -0.025     -0.009      0.022      0.014      0.000     -0.009      0.009      0.026     -0.029     -0.003      0.004     -0.026     -0.016      0.009      0.023      0.010      0.014     -0.045     -0.013      0.000      0.060     -0.010      0.038      0.087      0.068      0.012      0.025      0.023      0.040      0.019      0.025     -0.005      0.016     -0.005      0.022     -0.035     -0.018      0.179      0.230     -0.119      0.070      0.054      0.871      0.001      0.000     -0.009      0.000     -0.507
    -0.032     -0.028      0.030      0.006      0.027      0.000     -0.007      0.001      0.037      0.031     -0.011     -0.015      0.006      0.010      0.004     -0.012      0.009     -0.003     -0.002      0.036      0.026     -0.005      0.018      0.004      0.020     -0.017     -0.012     -0.012     -0.020     -0.010     -0.023     -0.002      0.000     -0.020      0.013      0.053      0.042     -0.036      0.013      0.023      0.046      0.037      0.032      0.061      0.038     -0.205     -0.014     -0.044     -0.013     -0.422      0.006      0.029      0.000     -0.001     -0.002     -0.012
     0.002      0.011     -0.052     -0.013     -0.058      0.007     -0.021     -0.032     -0.011     -0.014     -0.034      0.005      0.002     -0.039      0.027      0.008     -0.007      0.014     -0.001     -0.014      0.000      0.009     -0.005      0.012     -0.018      0.030      0.008     -0.018      0.026      0.023      0.068      0.060     -0.017      0.031      0.011     -0.040     -0.006      0.024     -0.002      0.036     -0.031     -0.032     -0.043     -0.050     -0.012      0.442      0.083     -0.398      0.238      0.005      0.064     -0.327      0.000      0.000      0.000      0.000
     0.043      0.004     -0.005     -0.008      0.026     -0.034     -0.029      0.017     -0.026     -0.023     -0.022     -0.036      0.008     -0.015      0.056     -0.007      0.009      0.020      0.013     -0.041     -0.016      0.001      0.022      0.002     -0.021     -0.024      0.012     -0.025     -0.031     -0.039     -0.015     -0.055     -0.008      0.002     -0.007      0.016     -0.008     -0.029      0.000     -0.016     -0.032      0.005     -0.053     -0.017     -0.006     -0.069     -0.087      0.043     -0.009      0.175     -0.051     -0.033      0.035      0.037     -0.001      0.042
    -0.007      0.017     -0.025      0.005     -0.015      0.006      0.006     -0.018     -0.019      0.002      0.042      0.010      0.002     -0.008     -0.032     -0.024      0.012     -0.012      0.007      0.011     -0.008     -0.010      0.003      0.035     -0.019     -0.012     -0.028      0.001      0.034     -0.024     -0.026      0.022     -0.001      0.009      0.010      0.015      0.030     -0.020      0.014     -0.018      0.013      0.000     -0.001     -0.003      0.009      0.140     -0.226     -0.221      0.163      0.087      0.000     -0.152      0.002     -0.028      0.009     -0.024
     0.009      0.010      0.009     -0.007     -0.029      0.013     -0.015      0.024      0.002     -0.022     -0.017     -0.006     -0.010      0.008      0.016      0.010     -0.026     -0.014      0.016      0.025     -0.004      0.002      0.003     -0.009     -0.036     -0.024     -0.022      0.009      0.014     -0.006      0.013      0.004      0.008     -0.011     -0.033      0.008     -0.032     -0.015     -0.001      0.002     -0.020      0.012     -0.005     -0.016      0.016     -0.081     -0.353      0.096     -0.064      0.091     -0.185     -0.025     -0.025      0.074     -0.089      8.636

Derivative matrix of expected statistics X by parameters and
covariance/correlation matrix of X can be found using
summary(ans) within R, or by using the 'verbose' option in Siena07.
 
Total computation time 767.31 seconds.
