

-----------------------------------
New Analysis started.
Date and time: 21/09/2026 14:57:24
New results follow.
-----------------------------------

RSiena version 1.3.10 (28 Apr 22)


@1
Estimation by stochastic approximation algorithm.
=================================================

Current random number seed is 2009304.
Effects object used: bound$effects 
Model Type:
 Initiative model
Behavioral Model Type:
 Standard behavior actor-oriented model ('restrict')
Estimation method: unconditional moment estimation
.

Time duration for simulations in each period is 1.0.
Changing composition.
Joiners/leavers option: 1
Standard errors are estimated with the likelihood ratio method.
Dolby method (regression on scores) is used.
Initial value of gain parameter is  0.2000000.
Reduction factor for gain parameter is  0.5000000.
Number of subphases in Phase 2 is 0.

Initial parameter values are 
  1. rate:  constant dv.net rate (period 1)                 0.0471
  2. rate:  constant dv.net rate (period 2)                 0.1395
  3. rate:  constant dv.net rate (period 3)                 0.4297
  4. rate:  constant dv.net rate (period 4)                 0.3478
  5. rate:  constant dv.net rate (period 5)                 0.3234
  6. rate:  constant dv.net rate (period 6)                 0.3183
  7. rate:  constant dv.net rate (period 7)                 0.3978
  8. rate:  constant dv.net rate (period 8)                 0.3086
  9. rate:  constant dv.net rate (period 9)                 0.3269
 10. rate:  constant dv.net rate (period 10)                0.2745
 11. rate:  constant dv.net rate (period 11)                0.3228
 12. rate:  constant dv.net rate (period 12)                0.4464
 13. rate:  constant dv.net rate (period 13)                0.3539
 14. rate:  constant dv.net rate (period 14)                0.3236
 15. rate:  constant dv.net rate (period 15)                0.2899
 16. rate:  constant dv.net rate (period 16)                0.5159
 17. rate:  constant dv.net rate (period 17)                0.3421
 18. rate:  constant dv.net rate (period 18)                0.3963
 19. eval:  degree (density)                               -5.5374
 20. eval:  transitive triads                               0.1584
 21. eval:  degree act+pop                                  0.0572
 22. eval:  nets.lndistance_d                              -0.8576
 23. eval:  nets.ATOP_d                                     1.0931
 24. eval:  nets.absidealdiff_d                            -0.6065
 25. eval:  nets.lntrade_d                                  0.0709
 26. eval:  nets.NATO_d                                    -3.3897
 27. eval:  milex.beh alter                                -0.0559
 28. eval:  beh.democracy_1 alter                           1.4516
 29. eval:  beh.lncinc_1 alter                              0.7991
 30. rate:  rate milex.beh (period 1)                       0.9340
 31. rate:  rate milex.beh (period 2)                       1.2965
 32. rate:  rate milex.beh (period 3)                       1.3504
 33. rate:  rate milex.beh (period 4)                       1.1915
 34. rate:  rate milex.beh (period 5)                       0.6969
 35. rate:  rate milex.beh (period 6)                       0.5621
 36. rate:  rate milex.beh (period 7)                       0.4763
 37. rate:  rate milex.beh (period 8)                       0.5215
 38. rate:  rate milex.beh (period 9)                       0.3722
 39. rate:  rate milex.beh (period 10)                      1.7115
 40. rate:  rate milex.beh (period 11)                      0.5829
 41. rate:  rate milex.beh (period 12)                      1.3129
 42. rate:  rate milex.beh (period 13)                      0.3212
 43. rate:  rate milex.beh (period 14)                      0.2948
 44. rate:  rate milex.beh (period 15)                      1.0851
 45. rate:  rate milex.beh (period 16)                      0.4075
 46. rate:  rate milex.beh (period 17)                      0.3524
 47. rate:  rate milex.beh (period 18)                      0.4067
 48. eval:  milex.beh linear shape                         -1.1717
 49. eval:  milex.beh quadratic shape                      -0.0278
 50. eval:  milex.beh degree                                0.0887
 51. eval:  milex.beh dense triads                         -0.0207
 52. eval:  milex.beh: effect from beh.democracy_1         -0.4488
 53. eval:  milex.beh: effect from beh.GDPgrowth_1         -2.2396
 54. eval:  milex.beh: effect from beh.nato_1               0.8752
 55. eval:  milex.beh: effect from beh.allies_1            -0.0109
 56. eval:  milex.beh: effect from beh.military_1           0.2575
 57. eval:  milex.beh: effect from beh.lnmids_1             0.1371
 58. eval:  milex.beh: effect from beh.milexSpLag_1         7.1308


Observed values of target statistics are
  1. Amount of network change in period 1                                10.0000
  2. Amount of network change in period 2                                34.0000
  3. Amount of network change in period 3                                86.0000
  4. Amount of network change in period 4                                94.0000
  5. Amount of network change in period 5                                76.0000
  6. Amount of network change in period 6                                76.0000
  7. Amount of network change in period 7                                94.0000
  8. Amount of network change in period 8                                78.0000
  9. Amount of network change in period 9                                84.0000
 10. Amount of network change in period 10                               72.0000
 11. Amount of network change in period 11                               84.0000
 12. Amount of network change in period 12                              114.0000
 13. Amount of network change in period 13                               94.0000
 14. Amount of network change in period 14                               88.0000
 15. Amount of network change in period 15                               80.0000
 16. Amount of network change in period 16                              138.0000
 17. Amount of network change in period 17                               96.0000
 18. Amount of network change in period 18                              112.0000
 19. Number of edges                                                   5257.0000
 20. Number of transitive triads                                       7339.0000
 21. Sum of squared degrees                                            333172.0000
 22. Sum of ties x nets.lndistance_d                                   -10629.6066
 23. Sum of ties x nets.ATOP_d                                         5960.4379
 24. Sum of ties x nets.absidealdiff_d                                 -2858.5692
 25. Sum of ties x nets.lntrade_d                                      37643.5933
 26. Sum of ties x nets.NATO_d                                         1247.4871
 27. Sum of degrees x milex.beh                                        -136.5119
 28. Sum of degrees x beh.democracy_1                                  2911.8786
 29. Sum of degrees x beh.lncinc_1                                     13015.0208
 30. Amount of behavioral change in period 1 on milex.beh                41.0000
 31. Amount of behavioral change in period 2 on milex.beh                50.0000
 32. Amount of behavioral change in period 3 on milex.beh                57.0000
 33. Amount of behavioral change in period 4 on milex.beh                52.0000
 34. Amount of behavioral change in period 5 on milex.beh                37.0000
 35. Amount of behavioral change in period 6 on milex.beh                32.0000
 36. Amount of behavioral change in period 7 on milex.beh                28.0000
 37. Amount of behavioral change in period 8 on milex.beh                31.0000
 38. Amount of behavioral change in period 9 on milex.beh                24.0000
 39. Amount of behavioral change in period 10 on milex.beh               71.0000
 40. Amount of behavioral change in period 11 on milex.beh               34.0000
 41. Amount of behavioral change in period 12 on milex.beh               55.0000
 42. Amount of behavioral change in period 13 on milex.beh               18.0000
 43. Amount of behavioral change in period 14 on milex.beh               17.0000
 44. Amount of behavioral change in period 15 on milex.beh               48.0000
 45. Amount of behavioral change in period 16 on milex.beh               20.0000
 46. Amount of behavioral change in period 17 on milex.beh               18.0000
 47. Amount of behavioral change in period 18 on milex.beh               21.0000
 48. milex.beh centered sum                                             -69.2728
 49. milex.beh sum of cent. squares                                    5872.2362
 50. milex.beh outdegrees                                              -140.2801
 51. milex.beh dense triads                                            -2487.5508
 52. milex.beh x beh.democracy_1                                       -379.2596
 53. milex.beh x beh.GDPgrowth_1                                         -0.6794
 54. milex.beh x beh.nato_1                                              58.7026
 55. milex.beh x beh.allies_1                                          -4906.7851
 56. milex.beh x beh.military_1                                         125.8892
 57. milex.beh x beh.lnmids_1                                           583.7664
 58. milex.beh x beh.milexSpLag_1                                        23.9632

 58 parameters, 58 statistics

Number of subphases is specified as 0.
Therefore the estimation phase is skipped
 and the program passes on immediately to phase 3
 for checking the current parameter values and calculating standard errors.
Estimation of derivatives by the LR method (type 1).


@2
End of stochastic approximation algorithm, phase 3.
---------------------------------------------------

Total of 3000 iterations.
Parameter estimates based on 0 iterations,
convergence diagnostics, covariance and derivative matrices based on 3000 iterations.

Information for convergence diagnosis.
Averages, standard deviations, and t-ratios for deviations from targets:
  1.   0.1267    4.3412   0.0292 
  2.   0.1273    8.2352   0.0155 
  3.  -0.4200   12.2635  -0.0342 
  4.   0.3447   13.8654   0.0249 
  5.   0.0413   11.8173   0.0035 
  6.  -0.0487   11.8010  -0.0041 
  7.   0.2113   13.3013   0.0159 
  8.  -0.2200   12.0868  -0.0182 
  9.   0.0620   12.4972   0.0050 
 10.  -0.4187   11.4338  -0.0366 
 11.   0.1233   12.5826   0.0098 
 12.  -0.1753   14.4061  -0.0122 
 13.   0.1260   13.6717   0.0092 
 14.   0.3693   12.7637   0.0289 
 15.   0.1833   12.6122   0.0145 
 16.  -0.1287   15.7909  -0.0081 
 17.   0.3227   13.9055   0.0232 
 18.  -0.2840   14.8132  -0.0192 
 19.   1.0393   27.1406   0.0383 
 20.   3.1430   90.2727   0.0348 
 21.  72.2080 2785.4144   0.0259 
 22.  -4.0194   68.2686  -0.0589 
 23.   0.5285   33.2713   0.0159 
 24.   0.0260   47.6057   0.0005 
 25.   2.8880  206.1937   0.0140 
 26.  -0.3342   10.8386  -0.0308 
 27.   1.9538   55.1865   0.0354 
 28.  -0.7596   19.4925  -0.0390 
 29.   3.0981   88.8403   0.0349 
 30.  -0.0057    5.6609  -0.0010 
 31.  -0.0847    5.9983  -0.0141 
 32.  -0.2853    6.4600  -0.0442 
 33.  -0.0643    6.4044  -0.0100 
 34.   0.1193    5.4768   0.0218 
 35.  -0.2343    5.1893  -0.0452 
 36.   0.1563    5.0339   0.0311 
 37.  -0.1373    5.1992  -0.0264 
 38.  -0.0863    4.6228  -0.0187 
 39.   0.0770    7.0206   0.0110 
 40.  -0.0037    5.4078  -0.0007 
 41.  -0.2540    6.2648  -0.0405 
 42.   0.0420    4.0455   0.0104 
 43.  -0.0257    4.0142  -0.0064 
 44.   0.0563    5.9297   0.0095 
 45.  -0.0617    4.1726  -0.0148 
 46.   0.0430    3.9242   0.0110 
 47.   0.1980    4.3029   0.0460 
 48.  -0.0783   24.2749  -0.0032 
 49.  -0.5758   95.2991  -0.0060 
 50.  -0.8453  190.4950  -0.0044 
 51.  -1.5390  518.1932  -0.0030 
 52.  -0.0681   12.5170  -0.0054 
 53.  -0.0881    2.2013  -0.0400 
 54.   0.0401    9.7044   0.0041 
 55.   8.9412  481.7425   0.0186 
 56.  -0.0733    6.7716  -0.0108 
 57.   0.4519   15.8496   0.0285 
 58.   0.0000    0.5108   0.0000 

Good convergence is indicated by the t-ratios being close to zero.

Overall maximum convergence ratio =  0.1951 .



@2
Estimation Results.
-------------------

Regular end of estimation algorithm.
Total of 3000 iteration steps.


@3
Estimates and standard errors
                             
Network Dynamics
 1. rate:  constant dv.net rate (period 1)                         0.0471  (   0.0224)
 2. rate:  constant dv.net rate (period 2)                         0.1395  (   0.0347)
 3. rate:  constant dv.net rate (period 3)                         0.4297  (   0.0780)
 4. rate:  constant dv.net rate (period 4)                         0.3478  (   0.0514)
 5. rate:  constant dv.net rate (period 5)                         0.3234  (   0.0594)
 6. rate:  constant dv.net rate (period 6)                         0.3183  (   0.0580)
 7. rate:  constant dv.net rate (period 7)                         0.3978  (   0.0643)
 8. rate:  constant dv.net rate (period 8)                         0.3086  (   0.0536)
 9. rate:  constant dv.net rate (period 9)                         0.3269  (   0.0541)
10. rate:  constant dv.net rate (period 10)                        0.2745  (   0.0499)
11. rate:  constant dv.net rate (period 11)                        0.3228  (   0.0540)
12. rate:  constant dv.net rate (period 12)                        0.4464  (   0.0643)
13. rate:  constant dv.net rate (period 13)                        0.3539  (   0.0524)
14. rate:  constant dv.net rate (period 14)                        0.3236  (   0.0533)
15. rate:  constant dv.net rate (period 15)                        0.2899  (   0.0473)
16. rate:  constant dv.net rate (period 16)                        0.5159  (   0.0674)
17. rate:  constant dv.net rate (period 17)                        0.3421  (   0.0505)
18. rate:  constant dv.net rate (period 18)                        0.3963  (   0.0556)
19. eval:  degree (density)                                       -5.5374  (   0.2225)
20. eval:  transitive triads                                       0.1584  (   0.0519)
21. eval:  degree act+pop                                          0.0572  (   0.0051)
22. eval:  nets.lndistance_d                                      -0.8576  (   0.0717)
23. eval:  nets.ATOP_d                                             1.0931  (   0.1337)
24. eval:  nets.absidealdiff_d                                    -0.6065  (   0.0699)
25. eval:  nets.lntrade_d                                          0.0709  (   0.0304)
26. eval:  nets.NATO_d                                            -3.3897  (   0.3586)
27. eval:  milex.beh alter                                        -0.0559  (   0.0570)
28. eval:  beh.democracy_1 alter                                   1.4516  (   0.2416)
29. eval:  beh.lncinc_1 alter                                      0.7991  (   0.0684)
Behavior Dynamics

30. rate:  rate milex.beh (period 1)                               0.9340  (   0.1866)
31. rate:  rate milex.beh (period 2)                               1.2965  (   0.2412)
32. rate:  rate milex.beh (period 3)                               1.3504  (   0.2436)
33. rate:  rate milex.beh (period 4)                               1.1915  (   0.2231)
34. rate:  rate milex.beh (period 5)                               0.6969  (   0.1319)
35. rate:  rate milex.beh (period 6)                               0.5621  (   0.1110)
36. rate:  rate milex.beh (period 7)                               0.4763  (   0.0967)
37. rate:  rate milex.beh (period 8)                               0.5215  (   0.1073)
38. rate:  rate milex.beh (period 9)                               0.3722  (   0.0847)
39. rate:  rate milex.beh (period 10)                              1.7115  (   0.3318)
40. rate:  rate milex.beh (period 11)                              0.5829  (   0.1124)
41. rate:  rate milex.beh (period 12)                              1.3129  (   0.2469)
42. rate:  rate milex.beh (period 13)                              0.3212  (   0.0772)
43. rate:  rate milex.beh (period 14)                              0.2948  (   0.0732)
44. rate:  rate milex.beh (period 15)                              1.0851  (   0.2092)
45. rate:  rate milex.beh (period 16)                              0.4075  (   0.1024)
46. rate:  rate milex.beh (period 17)                              0.3524  (   0.0935)
47. rate:  rate milex.beh (period 18)                              0.4067  (   0.0961)
48. eval:  milex.beh linear shape                                 -1.1717  (   0.0770)
49. eval:  milex.beh quadratic shape                              -0.0278  (   0.0233)
50. eval:  milex.beh degree                                        0.0887  (   0.0235)
51. eval:  milex.beh dense triads                                 -0.0207  (   0.0074)
52. eval:  milex.beh: effect from beh.democracy_1                 -0.4488  (   0.1367)
53. eval:  milex.beh: effect from beh.GDPgrowth_1                 -2.2396  (   0.8677)
54. eval:  milex.beh: effect from beh.nato_1                       0.8752  (   0.1616)
55. eval:  milex.beh: effect from beh.allies_1                    -0.0109  (   0.0035)
56. eval:  milex.beh: effect from beh.military_1                   0.2575  (   0.1924)
57. eval:  milex.beh: effect from beh.lnmids_1                     0.1371  (   0.0923)
58. eval:  milex.beh: effect from beh.milexSpLag_1                 7.1308  (   2.9635)


@3
Covariance matrices
                   
Covariance matrix of estimates (correlations below diagonal):
     0.001      0.000      0.000      0.000      0.000      0.000      0.000      0.000      0.000      0.000      0.000      0.000      0.000      0.000      0.000      0.000      0.000      0.000      0.000      0.000      0.000      0.000      0.000      0.000      0.000      0.000      0.000      0.000      0.000      0.000      0.000      0.000      0.000      0.000      0.000      0.000      0.000      0.000      0.000      0.000      0.000      0.000      0.000      0.000      0.000      0.000      0.000      0.000      0.000      0.000      0.000      0.000      0.000      0.000      0.000      0.000      0.000      0.001
     0.012      0.001      0.000      0.000      0.000      0.000      0.000      0.000      0.000      0.000      0.000      0.000      0.000      0.000      0.000      0.000      0.000      0.000      0.000      0.000      0.000      0.000      0.000      0.000      0.000      0.000      0.000      0.000      0.000      0.000      0.000      0.000      0.000      0.000      0.000      0.000      0.000      0.000     -0.001      0.000      0.000      0.000      0.000      0.000      0.000      0.000      0.000      0.000      0.000      0.000      0.000      0.000      0.000      0.000      0.000      0.000      0.000      0.001
     0.025      0.031      0.006      0.000      0.000      0.000      0.000      0.000      0.000      0.000      0.000      0.000      0.000      0.000      0.000      0.000      0.000      0.000      0.000      0.000      0.000      0.001     -0.001      0.000      0.000      0.001      0.000     -0.002     -0.001      0.000      0.000     -0.001      0.000      0.000      0.000      0.000      0.000      0.000      0.000      0.000      0.000      0.000      0.000      0.000      0.000      0.000      0.000      0.000      0.000      0.000      0.000      0.000      0.005      0.000      0.000      0.000      0.000      0.003
     0.010      0.002      0.041      0.003      0.000      0.000      0.000      0.000      0.000      0.000      0.000      0.000      0.000      0.000      0.000      0.000      0.000      0.000     -0.001      0.000      0.000      0.000      0.000      0.000      0.000      0.000      0.000      0.000      0.000      0.000      0.000      0.000     -0.001      0.000      0.000      0.000      0.000      0.000      0.000      0.000      0.000      0.000      0.000      0.000      0.000      0.000      0.000      0.000      0.000      0.000      0.000      0.000      0.002      0.000      0.000      0.000      0.000     -0.002
     0.012      0.035      0.022      0.054      0.004      0.000      0.000      0.000      0.000      0.000      0.000      0.000      0.000      0.000      0.000      0.000      0.000      0.000     -0.001      0.000      0.000      0.000      0.000      0.000      0.000      0.000      0.000     -0.001      0.000      0.000      0.000      0.000      0.000      0.000      0.000      0.000      0.000      0.000      0.001      0.000      0.000      0.000      0.000      0.001      0.000      0.000      0.000      0.000      0.000      0.000      0.000      0.000      0.002      0.000      0.000     -0.001      0.000      0.001
     0.007      0.027      0.040      0.006      0.032      0.003      0.000      0.000      0.000      0.000      0.000      0.000      0.000      0.000      0.000      0.000      0.000      0.000     -0.001      0.000      0.000      0.000      0.000      0.000      0.000      0.001      0.000     -0.001      0.000      0.000      0.000      0.000      0.000      0.000      0.000      0.000      0.000      0.000      0.000      0.000      0.000      0.000      0.000      0.000      0.000      0.000      0.000      0.000      0.000      0.000      0.000      0.000      0.000      0.000      0.000      0.000      0.000      0.001
     0.032      0.014      0.028     -0.002      0.041      0.026      0.004      0.000      0.000      0.000      0.000      0.000      0.000      0.000      0.000      0.000      0.000      0.000      0.000      0.000      0.000      0.000      0.000      0.000      0.000      0.001      0.000     -0.001      0.000      0.000      0.000      0.000      0.000      0.000      0.000      0.000      0.000      0.000      0.000      0.000      0.000      0.000      0.000      0.000      0.000      0.000      0.000      0.000      0.000      0.000      0.000      0.000      0.000      0.000      0.000      0.000      0.000      0.000
     0.009      0.011      0.036      0.040      0.016      0.014      0.015      0.003      0.000      0.000      0.000      0.000      0.000      0.000      0.000      0.000      0.000      0.000      0.000      0.000      0.000      0.000      0.000      0.000      0.000      0.000      0.000     -0.001      0.000      0.000      0.000      0.000      0.000      0.000      0.000      0.000      0.000      0.000      0.000      0.000      0.000      0.000      0.000      0.000      0.000      0.000      0.000      0.000      0.000      0.000      0.000      0.000      0.000      0.000      0.000      0.000      0.000      0.001
     0.018      0.018      0.028      0.026      0.031     -0.001      0.025      0.015      0.003      0.000      0.000      0.000      0.000      0.000      0.000      0.000      0.000      0.000      0.000      0.000      0.000      0.000      0.000      0.000      0.000      0.001      0.000     -0.001      0.000      0.000      0.000     -0.001      0.000      0.000      0.000      0.000      0.000      0.000      0.000      0.000      0.000      0.000      0.000      0.000      0.000      0.000      0.000      0.000      0.000      0.000      0.000      0.000      0.000      0.000      0.000      0.000      0.000      0.000
     0.010      0.006      0.037      0.005      0.025      0.027      0.009     -0.003     -0.040      0.002      0.000      0.000      0.000      0.000      0.000      0.000      0.000      0.000      0.000      0.000      0.000      0.000      0.000      0.000      0.000      0.000      0.000     -0.001      0.000      0.000      0.000      0.000      0.000      0.000      0.000      0.000      0.000      0.000      0.001      0.000      0.000      0.000      0.000      0.000      0.000      0.000      0.000      0.000      0.000      0.000      0.000      0.000      0.000      0.000      0.000      0.000      0.000      0.000
     0.004      0.003     -0.017      0.014      0.002      0.013      0.015      0.036      0.012      0.019      0.003      0.000      0.000      0.000      0.000      0.000      0.000      0.000      0.000      0.000      0.000      0.000      0.000      0.000      0.000      0.000      0.000      0.000      0.000      0.000      0.000      0.000      0.000      0.000      0.000      0.000      0.000      0.000      0.000      0.000      0.000      0.000      0.000      0.000      0.000      0.000      0.000      0.000      0.000      0.000      0.000      0.000     -0.001      0.000      0.000      0.000      0.000     -0.002
    -0.017      0.028      0.028      0.027      0.035     -0.005      0.011      0.011      0.027     -0.024     -0.010      0.004      0.000      0.000      0.000      0.000      0.000      0.000      0.000      0.000      0.000      0.000      0.000      0.000      0.000      0.001      0.000     -0.001      0.000      0.000      0.000      0.001      0.000      0.000      0.000      0.000      0.000      0.000      0.000      0.000      0.001      0.000      0.000      0.000      0.000      0.000      0.000      0.000      0.000      0.000      0.000      0.000      0.000      0.000      0.000     -0.001      0.000     -0.004
    -0.002      0.021     -0.014      0.010     -0.002      0.010      0.003      0.053      0.035     -0.003      0.046      0.015      0.003      0.000      0.000      0.000      0.000      0.000      0.000      0.000      0.000      0.000      0.000      0.000      0.000      0.001      0.000      0.000      0.000      0.000      0.000      0.000      0.000      0.000      0.000      0.000      0.000      0.000      0.001      0.000      0.000      0.000      0.000      0.000      0.000      0.000      0.000      0.000      0.000      0.000      0.000      0.000      0.000      0.000      0.000      0.000      0.000      0.000
     0.015      0.009     -0.016      0.001      0.010      0.008     -0.004     -0.005      0.000      0.002     -0.020     -0.057      0.032      0.003      0.000      0.000      0.000      0.000      0.000      0.000      0.000      0.000      0.000      0.000      0.000     -0.001      0.000      0.000      0.000      0.000      0.000      0.000      0.000      0.000      0.000      0.000      0.000      0.000      0.001      0.000      0.000      0.000      0.000      0.000      0.000      0.000      0.000      0.000      0.000      0.000      0.000      0.000      0.002      0.000      0.000      0.000      0.000      0.003
    -0.012     -0.006      0.026     -0.020      0.007     -0.014      0.022      0.018      0.017      0.025      0.019     -0.030     -0.026      0.025      0.002      0.000      0.000      0.000      0.000      0.000      0.000      0.000      0.000      0.000      0.000      0.000      0.000      0.000      0.000      0.000      0.000      0.000      0.000      0.000      0.000      0.000      0.000      0.000      0.000      0.000      0.000      0.000      0.000      0.000      0.000      0.000      0.000      0.000      0.000      0.000      0.000      0.000      0.000      0.000      0.000      0.000      0.000     -0.002
     0.026      0.022      0.020     -0.008      0.020      0.003      0.009      0.024      0.006      0.035      0.033      0.011     -0.004     -0.017      0.045      0.005      0.000      0.000      0.000      0.000      0.000      0.000      0.000      0.000      0.000      0.000      0.000      0.000      0.000      0.000      0.000      0.000      0.000      0.000      0.000      0.000      0.000      0.000      0.000      0.000      0.000      0.000      0.000      0.000      0.000      0.000      0.000      0.000      0.000      0.000      0.000      0.000      0.002      0.000      0.000      0.000      0.000     -0.009
     0.006      0.010      0.028     -0.006     -0.005      0.038     -0.012      0.001      0.004      0.022      0.022      0.000      0.007     -0.006      0.011      0.031      0.003      0.000      0.000      0.000      0.000      0.000      0.000      0.000      0.000      0.000      0.000      0.000      0.000      0.000      0.000      0.000      0.000      0.000      0.000      0.000      0.000      0.000      0.000      0.000      0.000      0.000      0.000      0.000      0.000      0.000      0.000      0.000      0.000      0.000      0.000      0.000     -0.001      0.000      0.000      0.000      0.000     -0.002
    -0.032      0.009      0.018     -0.020      0.025      0.020     -0.032     -0.026      0.011     -0.021     -0.004     -0.012      0.014      0.004     -0.007     -0.015      0.017      0.003      0.000      0.000      0.000      0.000      0.000      0.000      0.000      0.000      0.000      0.000      0.000      0.000      0.000      0.000      0.000      0.000      0.000      0.000      0.000      0.000      0.000      0.000      0.000      0.000      0.000      0.000      0.000      0.000      0.000      0.000      0.000      0.000      0.000      0.000     -0.001      0.000      0.000      0.000      0.000      0.002
    -0.044     -0.046     -0.023     -0.092     -0.069     -0.070     -0.008     -0.038     -0.027     -0.023     -0.038      0.028     -0.005     -0.029     -0.023     -0.015      0.016      0.022      0.049     -0.004      0.000      0.007     -0.006      0.006      0.000      0.027      0.002     -0.021     -0.009      0.000      0.000      0.000      0.000      0.000      0.000      0.001      0.000      0.000      0.001      0.000     -0.001      0.000     -0.001      0.000      0.001      0.000     -0.001      0.000      0.000      0.000      0.000     -0.001      0.000      0.001      0.000      0.000      0.000      0.005
     0.010     -0.023     -0.010      0.029     -0.004     -0.007     -0.021      0.020     -0.019      0.006     -0.001      0.001      0.015      0.013      0.005      0.057      0.002      0.006     -0.323      0.003      0.000     -0.001      0.000     -0.001      0.000     -0.008      0.000      0.004      0.001      0.000      0.000      0.000      0.000      0.000      0.000      0.000      0.000      0.000      0.000      0.000      0.000      0.000      0.000      0.000      0.000      0.000      0.000      0.000      0.000      0.000      0.000      0.000     -0.001      0.000      0.000      0.000      0.000     -0.005
     0.033      0.101      0.113      0.072      0.075      0.084      0.051      0.021      0.062      0.030      0.048     -0.010     -0.024     -0.002     -0.005     -0.030      0.001     -0.027     -0.247     -0.540      0.000      0.000      0.000      0.000      0.000      0.000      0.000      0.000      0.000      0.000      0.000      0.000      0.000      0.000      0.000      0.000      0.000      0.000      0.000      0.000      0.000      0.000      0.000      0.000      0.000      0.000      0.000      0.000      0.000      0.000      0.000      0.000      0.000      0.000      0.000      0.000      0.000      0.000
     0.002      0.036      0.118      0.030      0.020      0.056      0.072      0.038      0.047      0.042      0.054      0.044      0.015      0.005      0.014      0.030      0.063      0.039      0.424     -0.189      0.073      0.005      0.001      0.001      0.001      0.005      0.000     -0.005     -0.003      0.000      0.000     -0.001      0.000      0.000      0.000      0.000      0.000      0.000      0.000      0.000      0.000      0.000      0.000      0.001      0.000      0.000      0.000      0.000      0.000      0.000      0.000      0.000     -0.001      0.000      0.000     -0.001      0.000      0.002
    -0.009     -0.007     -0.057      0.001     -0.033     -0.015     -0.022     -0.026     -0.014     -0.020      0.021     -0.028     -0.009      0.021     -0.007     -0.029      0.000     -0.005     -0.218      0.043     -0.066      0.153      0.018      0.001     -0.001     -0.007     -0.001      0.009      0.002      0.000      0.001     -0.001      0.000      0.000      0.000      0.000      0.000      0.000     -0.001      0.000      0.000      0.000      0.000      0.000      0.000      0.000      0.000      0.000      0.000      0.000      0.000      0.000     -0.004      0.000      0.000      0.000      0.000      0.003
     0.000      0.032     -0.009      0.013      0.013     -0.009      0.047      0.001      0.038      0.023      0.004      0.052     -0.002     -0.021     -0.001      0.003      0.011      0.047      0.363     -0.180     -0.012      0.118      0.079      0.005      0.000      0.007     -0.001     -0.006     -0.001      0.000      0.000     -0.001      0.000      0.000      0.000      0.000      0.000      0.000      0.000      0.000      0.000      0.000      0.000      0.000      0.000      0.000      0.000      0.000      0.000      0.000      0.000      0.000      0.000      0.000      0.000      0.000      0.000      0.006
     0.052      0.053      0.120      0.035      0.063      0.060      0.081      0.068      0.045      0.053      0.053      0.016     -0.003      0.026      0.037     -0.001      0.018      0.011      0.029     -0.148      0.188      0.448     -0.219     -0.099      0.001     -0.001      0.000     -0.001     -0.001      0.000      0.000      0.000      0.000      0.000      0.000      0.000      0.000      0.000      0.000      0.000      0.000      0.000      0.000      0.000      0.000      0.000      0.000      0.000      0.000      0.000      0.000      0.000      0.001      0.000      0.000      0.000      0.000      0.002
     0.011     -0.013      0.031      0.006      0.021      0.039      0.032      0.005      0.058      0.004     -0.011      0.043      0.031     -0.029     -0.011      0.012      0.024      0.025      0.339     -0.449      0.064      0.181     -0.144      0.287     -0.068      0.129     -0.002     -0.035     -0.005      0.000      0.000      0.000      0.001      0.001      0.001      0.001     -0.001      0.001      0.002      0.000      0.002      0.000     -0.001      0.001      0.001     -0.001      0.000      0.000      0.000      0.000      0.000      0.001      0.001      0.000      0.000      0.002      0.000      0.048
    -0.015     -0.065     -0.021     -0.019     -0.064     -0.083     -0.056     -0.018     -0.070     -0.016     -0.004     -0.034      0.000     -0.002      0.038      0.014      0.017     -0.005      0.147      0.091     -0.212     -0.024     -0.140     -0.342      0.032     -0.113      0.003      0.003     -0.001      0.000      0.000      0.000      0.000      0.000      0.000      0.000      0.000      0.000      0.000      0.000      0.000      0.000      0.000      0.000      0.000      0.000      0.000      0.000      0.000      0.000      0.000      0.000      0.000      0.000      0.000      0.000      0.000     -0.003
    -0.013     -0.045     -0.101     -0.030     -0.044     -0.058     -0.083     -0.049     -0.077     -0.044     -0.022     -0.087     -0.037      0.020      0.005      0.001     -0.028     -0.032     -0.392      0.347     -0.303     -0.270      0.264     -0.332     -0.140     -0.408      0.212      0.058      0.005     -0.001     -0.001      0.001     -0.001      0.000      0.000      0.000      0.000      0.000      0.000      0.000      0.000      0.000      0.000      0.000      0.000      0.000      0.000      0.000      0.000      0.000      0.000      0.001     -0.006      0.000      0.000      0.002      0.000     -0.016
    -0.021     -0.060     -0.123     -0.017     -0.047     -0.031     -0.098     -0.037     -0.050     -0.043     -0.062     -0.045      0.009     -0.001     -0.017     -0.014     -0.051     -0.040     -0.587      0.394     -0.279     -0.608      0.211     -0.276     -0.555     -0.189     -0.132      0.311      0.005      0.000      0.000      0.000      0.000      0.000      0.000      0.000      0.000      0.000      0.000      0.000      0.000      0.000      0.000      0.000      0.000      0.000      0.000      0.000      0.000      0.000      0.000      0.000     -0.002      0.000      0.000      0.000      0.000     -0.007
     0.036      0.015      0.019      0.029      0.013      0.004     -0.002     -0.031      0.022     -0.013      0.000      0.022      0.028     -0.005     -0.032     -0.011     -0.040      0.006      0.004     -0.018      0.014      0.001      0.012     -0.010      0.008      0.004      0.000     -0.024      0.001      0.035      0.001      0.000      0.000      0.000      0.000      0.000      0.000      0.000     -0.001      0.000      0.000      0.000      0.000      0.000      0.001      0.000      0.000      0.000      0.000      0.000      0.000      0.001      0.010     -0.001      0.000     -0.001      0.000      0.029
    -0.005      0.050     -0.013      0.012      0.006      0.003      0.009      0.011      0.024     -0.005     -0.002      0.028      0.010      0.000     -0.028      0.001     -0.022      0.016      0.002      0.014     -0.007      0.015      0.020      0.008     -0.013     -0.002     -0.017     -0.015      0.014      0.027      0.058      0.000      0.000      0.000      0.000      0.001      0.000      0.000      0.001      0.000      0.000      0.000      0.000      0.001      0.000      0.000      0.001      0.001      0.001      0.000      0.000      0.002      0.003      0.000      0.000     -0.002     -0.001      0.013
    -0.024     -0.008     -0.027     -0.037      0.000      0.012     -0.019     -0.022     -0.039      0.022      0.011      0.036     -0.015      0.001      0.014      0.006      0.004     -0.008     -0.005      0.003     -0.016     -0.038     -0.035     -0.031     -0.036     -0.001      0.008      0.025      0.026      0.007     -0.004      0.059      0.002      0.000      0.001      0.000      0.000      0.000      0.002     -0.001     -0.001      0.000      0.000      0.001     -0.001      0.000      0.000      0.000      0.000      0.000      0.000      0.001      0.013      0.000      0.000     -0.002      0.001      0.019
    -0.023     -0.003      0.009     -0.054     -0.015      0.030      0.020     -0.032      0.004     -0.028     -0.027     -0.020     -0.011      0.009      0.010      0.001     -0.005      0.008      0.008      0.027     -0.027     -0.006     -0.009      0.022      0.003      0.017      0.002     -0.015      0.003      0.004      0.008      0.040      0.050      0.001      0.000      0.000      0.000      0.000     -0.002      0.000      0.001      0.000      0.000      0.000      0.000      0.000      0.000      0.000      0.001      0.000      0.000      0.001      0.015      0.000      0.000     -0.002      0.000     -0.004
    -0.003      0.007      0.010      0.008     -0.004     -0.015      0.008     -0.017     -0.027     -0.009     -0.009      0.005      0.016      0.015     -0.008      0.019      0.001      0.024      0.017     -0.027     -0.002      0.002     -0.018     -0.003      0.023      0.015      0.004      0.009     -0.015     -0.002      0.007     -0.003      0.040      0.017      0.000      0.000      0.000      0.000      0.000      0.000     -0.001      0.000      0.000      0.000      0.000      0.000      0.000      0.000      0.000      0.000      0.000      0.000      0.008      0.000      0.000      0.000      0.000      0.003
    -0.019     -0.016     -0.007     -0.022      0.019     -0.035      0.051     -0.001      0.021      0.020      0.017     -0.021     -0.018     -0.037      0.036     -0.021     -0.028     -0.020      0.009     -0.008     -0.014     -0.010      0.004      0.023     -0.007      0.019     -0.004      0.012      0.012      0.005     -0.003      0.023      0.017      0.030      0.012      0.000      0.000      0.000      0.001      0.000      0.000      0.000      0.000     -0.001      0.000      0.000      0.000      0.000      0.000      0.000      0.000      0.000      0.005      0.000      0.000     -0.001      0.000     -0.021
    -0.010      0.015     -0.021     -0.002      0.003      0.019      0.016      0.008      0.002      0.019     -0.009      0.007      0.029      0.011     -0.008      0.002      0.019      0.020      0.052      0.012     -0.054      0.000     -0.035      0.029     -0.024      0.020     -0.012     -0.015      0.004      0.010      0.026      0.008      0.017      0.032      0.007      0.009      0.000      0.000      0.000      0.000      0.000      0.000      0.000      0.000      0.000      0.000      0.000      0.000      0.000      0.000      0.000      0.000      0.000      0.000      0.000      0.000      0.000      0.002
    -0.012     -0.012      0.037      0.004     -0.019     -0.036     -0.003      0.032      0.026     -0.007      0.020      0.022     -0.009     -0.003     -0.004     -0.030     -0.008      0.008     -0.003     -0.002      0.009     -0.020     -0.022      0.007      0.003     -0.020     -0.002      0.004     -0.024      0.013      0.000      0.014      0.012     -0.006      0.001     -0.016      0.012      0.000      0.001      0.000      0.000      0.000      0.000      0.000      0.000      0.000      0.000      0.000      0.000      0.000      0.000     -0.001      0.002      0.001      0.000      0.000      0.000     -0.014
     0.000      0.002      0.007      0.004     -0.008      0.002     -0.001     -0.021      0.044      0.024      0.008      0.008     -0.019      0.046     -0.029      0.002      0.017      0.010     -0.007     -0.017      0.018     -0.005     -0.009      0.028     -0.029      0.018     -0.023     -0.008      0.019     -0.014     -0.015     -0.017     -0.002     -0.012     -0.024     -0.001      0.026      0.007      0.001      0.000      0.000      0.000      0.000     -0.001      0.000      0.000      0.000      0.000      0.000      0.000      0.000      0.000      0.002      0.001      0.000      0.000      0.000     -0.006
    -0.008     -0.045     -0.004      0.027      0.028     -0.004      0.006     -0.018      0.000      0.086      0.007     -0.022      0.034      0.034     -0.006      0.017     -0.029      0.002      0.013     -0.019      0.000      0.012     -0.017     -0.011      0.023      0.021     -0.007      0.000     -0.008     -0.016      0.015      0.019     -0.031      0.000      0.026      0.000      0.017      0.018      0.110      0.000      0.000      0.000      0.000      0.000      0.001      0.000      0.000      0.000      0.001      0.000      0.000     -0.001      0.012      0.001      0.000      0.002      0.000     -0.008
    -0.010     -0.002      0.007      0.046     -0.010     -0.009     -0.005      0.010     -0.002     -0.023      0.001     -0.023      0.033      0.035     -0.016      0.015     -0.034     -0.008      0.009      0.002     -0.004      0.015      0.005      0.001     -0.004      0.004      0.032      0.006     -0.011      0.011     -0.014     -0.029     -0.011     -0.002     -0.007     -0.002      0.000     -0.018     -0.012      0.013      0.000      0.000      0.000      0.000      0.000      0.000      0.000      0.000      0.000      0.000      0.000      0.000      0.004      0.000      0.000      0.000      0.000      0.002
    -0.012      0.013      0.023     -0.018      0.026      0.032     -0.020      0.011     -0.024     -0.028      0.018      0.032     -0.024     -0.018     -0.013     -0.001      0.020      0.021     -0.010     -0.001      0.000     -0.015     -0.006      0.004     -0.013      0.028     -0.020     -0.007      0.012     -0.010      0.005     -0.019      0.013     -0.033      0.018      0.008     -0.007      0.001     -0.002     -0.008      0.061      0.000      0.001      0.001      0.000      0.000      0.001     -0.001      0.000      0.000      0.000     -0.002     -0.002      0.000      0.000      0.000      0.000      0.012
    -0.009      0.003      0.002      0.015     -0.014      0.021      0.014     -0.009      0.012      0.012      0.035     -0.003      0.038      0.027      0.005      0.006      0.011      0.008      0.004     -0.011      0.016     -0.005     -0.004      0.007     -0.002     -0.003      0.015      0.017     -0.018     -0.023      0.011      0.003      0.015      0.006      0.009     -0.012      0.007      0.004     -0.015      0.009     -0.020      0.006      0.000      0.000      0.000      0.000      0.000      0.000      0.000      0.000      0.000      0.000      0.000      0.000      0.000      0.000      0.000      0.001
    -0.024     -0.014      0.015      0.003      0.016      0.021      0.008     -0.009      0.008      0.038      0.017     -0.020     -0.016      0.037      0.009     -0.025     -0.002     -0.006     -0.040      0.015      0.020      0.028      0.027     -0.034      0.030     -0.040     -0.005      0.007      0.029     -0.005     -0.013     -0.021     -0.022      0.013     -0.001      0.008     -0.010      0.024      0.002      0.021      0.031     -0.009      0.005      0.000      0.000      0.000      0.000      0.000      0.000      0.000      0.000     -0.001     -0.001      0.000      0.000      0.000      0.000     -0.001
     0.014     -0.013      0.011      0.026      0.045      0.005      0.003      0.002     -0.007      0.018     -0.013     -0.027     -0.002      0.002      0.019      0.006      0.012      0.027     -0.006      0.007      0.000      0.035      0.018     -0.023      0.006      0.010      0.014     -0.007     -0.008     -0.001      0.012      0.011     -0.001      0.006     -0.024     -0.006     -0.014     -0.038     -0.007      0.001      0.019     -0.018      0.000      0.044      0.000     -0.001      0.000     -0.001      0.000      0.000      0.000     -0.002      0.000      0.000      0.000     -0.001      0.000      0.015
    -0.017      0.008      0.019      0.024     -0.004     -0.010      0.019     -0.027      0.020      0.013     -0.008     -0.035     -0.009     -0.047     -0.012     -0.028      0.012     -0.012      0.024     -0.022      0.015      0.022     -0.022      0.028      0.016      0.017      0.006     -0.008     -0.043      0.027      0.002     -0.043      0.008      0.002      0.011     -0.007      0.021      0.034      0.023     -0.015     -0.014     -0.015      0.007     -0.018      0.010      0.000      0.000      0.000      0.000      0.000      0.000      0.001     -0.003      0.000      0.000      0.001      0.000     -0.002
     0.008      0.002      0.007      0.003     -0.019      0.030      0.012      0.014     -0.035     -0.007      0.024      0.018      0.005      0.004      0.021     -0.001      0.056     -0.033      0.006     -0.021      0.026      0.029      0.009      0.009      0.028     -0.027      0.011      0.011     -0.035      0.028     -0.002      0.005     -0.006      0.007     -0.039     -0.006      0.001      0.021     -0.013     -0.015     -0.018     -0.041      0.029     -0.027     -0.030      0.009      0.000      0.000      0.000      0.000      0.000      0.000      0.000      0.000      0.000      0.000      0.000     -0.010
     0.026      0.005      0.033     -0.005      0.025      0.015     -0.005      0.031     -0.010      0.032      0.000      0.015      0.007      0.018      0.018     -0.002     -0.017      0.007     -0.038     -0.010      0.027     -0.011      0.025     -0.004     -0.023     -0.005     -0.011     -0.014      0.034      0.011      0.032      0.000      0.009      0.006     -0.005     -0.014      0.007     -0.022      0.011     -0.002      0.025     -0.016     -0.009      0.007      0.010     -0.022      0.009      0.000      0.000      0.000      0.000      0.000     -0.003      0.001      0.000      0.000      0.000      0.007
    -0.018      0.029      0.001     -0.016      0.011      0.016     -0.014     -0.007     -0.032     -0.021      0.017      0.018     -0.004      0.004     -0.025      0.027     -0.025      0.026      0.015      0.028     -0.028      0.013     -0.007     -0.016      0.034     -0.007      0.019      0.025     -0.018      0.003      0.029     -0.023     -0.010     -0.032     -0.025     -0.045     -0.050     -0.014     -0.008     -0.020     -0.039     -0.042     -0.067     -0.044     -0.050     -0.049     -0.061      0.006      0.000     -0.001      0.000      0.002      0.011     -0.002      0.000     -0.001      0.001     -0.028
     0.023      0.004     -0.017      0.029      0.000      0.002      0.011     -0.011      0.000      0.034      0.018      0.011     -0.015      0.003     -0.015      0.027      0.009     -0.003     -0.014      0.021     -0.006     -0.017     -0.019     -0.013     -0.027     -0.025      0.004      0.013      0.017      0.073      0.115      0.087      0.128      0.033      0.095      0.075      0.070      0.053      0.072      0.003      0.042      0.036      0.014      0.035      0.028      0.033      0.013     -0.121      0.001      0.000      0.000      0.001      0.004      0.000      0.000      0.000      0.000     -0.021
     0.013      0.003     -0.017      0.014     -0.001      0.007      0.019      0.029      0.022     -0.024     -0.021      0.001     -0.003      0.019      0.005     -0.025      0.001     -0.036     -0.009     -0.052      0.042      0.027      0.025     -0.005      0.004      0.011     -0.024     -0.024     -0.005     -0.025     -0.056     -0.012     -0.063     -0.032     -0.028     -0.005      0.013     -0.001     -0.003      0.020      0.005      0.000      0.033      0.039      0.036      0.006      0.010     -0.586     -0.150      0.001      0.000     -0.001     -0.002      0.000      0.000      0.000     -0.001      0.009
    -0.018      0.000      0.031     -0.013      0.002     -0.011     -0.014     -0.023     -0.004      0.021      0.017      0.001      0.012     -0.025      0.014      0.020      0.016      0.037      0.012      0.043     -0.036     -0.031     -0.030      0.011     -0.009     -0.010      0.020      0.016      0.002      0.022      0.041      0.007      0.058      0.042      0.028      0.005     -0.025     -0.009     -0.039     -0.014     -0.008      0.012     -0.031     -0.048     -0.042     -0.015      0.003      0.399      0.127     -0.905      0.000      0.000      0.000      0.000      0.000      0.000      0.000     -0.002
    -0.005     -0.029     -0.001      0.033      0.002      0.028      0.014      0.003     -0.003      0.008      0.010     -0.021     -0.033     -0.003      0.019     -0.011     -0.036      0.005     -0.042     -0.012      0.020     -0.014      0.009     -0.023      0.007      0.014      0.011      0.016      0.015      0.050      0.055      0.029      0.023      0.004      0.025      0.015     -0.038     -0.024     -0.020     -0.028     -0.062     -0.041     -0.052     -0.053      0.036     -0.005     -0.010      0.220      0.182     -0.212      0.157      0.019      0.007     -0.009      0.000      0.005      0.001      0.028
     0.022     -0.004      0.067      0.040      0.035     -0.003      0.004     -0.008      0.008     -0.004     -0.031     -0.004     -0.009      0.044     -0.008      0.036     -0.013     -0.016     -0.001     -0.013      0.031     -0.015     -0.035      0.005      0.024      0.002      0.008     -0.029     -0.030      0.062      0.013      0.061      0.076      0.071      0.051      0.001      0.021      0.021      0.041      0.042     -0.008     -0.003     -0.022     -0.002     -0.036     -0.004     -0.033      0.171      0.220     -0.095      0.039      0.058      0.753      0.003      0.000     -0.011      0.001     -0.372
     0.008     -0.015      0.014     -0.002     -0.020     -0.026     -0.039     -0.003     -0.006      0.019      0.001     -0.005      0.008      0.010     -0.010      0.001      0.022     -0.035      0.024     -0.009     -0.018     -0.012     -0.016     -0.002     -0.016     -0.008      0.026     -0.001      0.010     -0.022     -0.002      0.012      0.005      0.018     -0.007      0.005      0.082      0.045      0.016      0.008     -0.006      0.028      0.040     -0.015      0.022      0.001      0.037     -0.158     -0.022     -0.050     -0.002     -0.413      0.018      0.026      0.000      0.000     -0.002     -0.030
    -0.005      0.038      0.008     -0.017      0.040      0.025      0.018      0.016     -0.014      0.014      0.014     -0.018      0.016      0.019     -0.021      0.030     -0.014      0.020      0.013      0.032     -0.026      0.004     -0.014      0.028      0.019     -0.008     -0.027      0.003     -0.028      0.000      0.012     -0.024      0.024      0.014     -0.005      0.024     -0.018     -0.024      0.017      0.001      0.027     -0.022     -0.040      0.003     -0.058     -0.009     -0.047      0.411      0.048     -0.384      0.239      0.021      0.027     -0.333      0.000      0.000      0.000      0.000
    -0.028     -0.021      0.006     -0.002     -0.046     -0.008     -0.024      0.020      0.011      0.010     -0.021     -0.042      0.015     -0.012     -0.005      0.006      0.013     -0.004     -0.005     -0.005     -0.002     -0.045      0.010      0.003     -0.025      0.027      0.023      0.036      0.001     -0.030     -0.035     -0.042     -0.048     -0.007     -0.050      0.009     -0.005      0.010      0.025      0.012     -0.010     -0.029      0.007     -0.013      0.035     -0.007      0.017     -0.062     -0.066      0.009      0.001      0.184     -0.063      0.004      0.066      0.037      0.000      0.034
    -0.017     -0.005     -0.005     -0.010      0.000     -0.029      0.017      0.004     -0.005      0.028     -0.015     -0.005     -0.012     -0.029      0.010      0.012      0.000      0.005      0.018      0.010     -0.007     -0.016     -0.034     -0.023      0.002     -0.009      0.015      0.005     -0.006     -0.007     -0.038      0.033      0.016      0.006      0.004     -0.004      0.015     -0.005     -0.016     -0.010     -0.012     -0.007     -0.005      0.010     -0.023      0.023     -0.001      0.139     -0.169     -0.294      0.234      0.100      0.018     -0.151      0.039      0.001      0.009     -0.037
     0.015      0.009      0.011     -0.014      0.006      0.004      0.002      0.008      0.003      0.001     -0.014     -0.023      0.002      0.016     -0.017     -0.047     -0.015      0.014      0.008     -0.033      0.024      0.008      0.007      0.028      0.022      0.045     -0.017     -0.023     -0.033      0.053      0.018      0.026     -0.007      0.008     -0.063      0.007     -0.043     -0.023     -0.008      0.007      0.017      0.006     -0.005      0.024     -0.005     -0.036      0.025     -0.122     -0.309      0.125     -0.086      0.070     -0.145     -0.064      0.008      0.059     -0.137      8.783

Derivative matrix of expected statistics X by parameters and
covariance/correlation matrix of X can be found using
summary(ans) within R, or by using the 'verbose' option in Siena07.
 
Total computation time 471.68 seconds.
