

-----------------------------------
New Analysis started.
Date and time: 21/09/2026 17:27:35
New results follow.
-----------------------------------

RSiena version 1.3.10 (28 Apr 22)


@1
Estimation by stochastic approximation algorithm.
=================================================

Current random number seed is 52020092.
Effects object used: bound$effects 
Model Type:
 Initiative model
Behavioral Model Type:
 Standard behavior actor-oriented model ('restrict')
Estimation method: unconditional moment estimation
.

Time duration for simulations in each period is 1.0.
Changing composition.
Joiners/leavers option: 1
Standard errors are estimated with the likelihood ratio method.
Dolby method (regression on scores) is used.
Initial value of gain parameter is  0.2000000.
Reduction factor for gain parameter is  0.5000000.
Number of subphases in Phase 2 is 0.

Initial parameter values are 
  1. rate:  constant dv.net rate (period 1)                 0.0564
  2. rate:  constant dv.net rate (period 2)                 0.1649
  3. rate:  constant dv.net rate (period 3)                 0.5544
  4. rate:  constant dv.net rate (period 4)                 0.3935
  5. rate:  constant dv.net rate (period 5)                 0.3792
  6. rate:  constant dv.net rate (period 6)                 0.3710
  7. rate:  constant dv.net rate (period 7)                 0.4597
  8. rate:  constant dv.net rate (period 8)                 0.3531
  9. rate:  constant dv.net rate (period 9)                 0.3730
 10. rate:  constant dv.net rate (period 10)                0.3132
 11. rate:  constant dv.net rate (period 11)                0.3656
 12. rate:  constant dv.net rate (period 12)                0.5056
 13. rate:  constant dv.net rate (period 13)                0.3908
 14. rate:  constant dv.net rate (period 14)                0.3575
 15. rate:  constant dv.net rate (period 15)                0.3170
 16. rate:  constant dv.net rate (period 16)                0.5719
 17. rate:  constant dv.net rate (period 17)                0.3707
 18. rate:  constant dv.net rate (period 18)                0.4278
 19. eval:  degree (density)                               -6.0113
 20. eval:  GWESP (69)                                      2.1871
 21. eval:  degree act+pop                                  0.0291
 22. eval:  nets.lndistance_d                              -0.8015
 23. eval:  nets.ATOP_d                                     0.8761
 24. eval:  nets.absidealdiff_d                            -0.5055
 25. eval:  nets.lntrade_d                                  0.0331
 26. eval:  nets.NATO_d                                    -3.5258
 27. eval:  milex.beh alter                                -0.0643
 28. eval:  beh.democracy_1 alter                           1.3101
 29. eval:  beh.lncinc_1 alter                              0.7867
 30. rate:  rate milex.beh (period 1)                       0.9325
 31. rate:  rate milex.beh (period 2)                       1.2973
 32. rate:  rate milex.beh (period 3)                       1.3475
 33. rate:  rate milex.beh (period 4)                       1.1925
 34. rate:  rate milex.beh (period 5)                       0.6923
 35. rate:  rate milex.beh (period 6)                       0.5703
 36. rate:  rate milex.beh (period 7)                       0.4741
 37. rate:  rate milex.beh (period 8)                       0.5197
 38. rate:  rate milex.beh (period 9)                       0.3764
 39. rate:  rate milex.beh (period 10)                      1.7193
 40. rate:  rate milex.beh (period 11)                      0.5914
 41. rate:  rate milex.beh (period 12)                      1.3169
 42. rate:  rate milex.beh (period 13)                      0.3248
 43. rate:  rate milex.beh (period 14)                      0.2961
 44. rate:  rate milex.beh (period 15)                      1.0869
 45. rate:  rate milex.beh (period 16)                      0.4101
 46. rate:  rate milex.beh (period 17)                      0.3553
 47. rate:  rate milex.beh (period 18)                      0.4081
 48. eval:  milex.beh linear shape                         -1.1725
 49. eval:  milex.beh quadratic shape                      -0.0275
 50. eval:  milex.beh degree                                0.0911
 51. eval:  milex.beh dense triads                         -0.0212
 52. eval:  milex.beh: effect from beh.democracy_1         -0.4472
 53. eval:  milex.beh: effect from beh.GDPgrowth_1         -2.2324
 54. eval:  milex.beh: effect from beh.nato_1               0.8703
 55. eval:  milex.beh: effect from beh.allies_1            -0.0108
 56. eval:  milex.beh: effect from beh.military_1           0.2646
 57. eval:  milex.beh: effect from beh.lnmids_1             0.1390
 58. eval:  milex.beh: effect from beh.milexSpLag_1         7.1200


Observed values of target statistics are
  1. Amount of network change in period 1                                10.0000
  2. Amount of network change in period 2                                34.0000
  3. Amount of network change in period 3                                86.0000
  4. Amount of network change in period 4                                94.0000
  5. Amount of network change in period 5                                76.0000
  6. Amount of network change in period 6                                76.0000
  7. Amount of network change in period 7                                94.0000
  8. Amount of network change in period 8                                78.0000
  9. Amount of network change in period 9                                84.0000
 10. Amount of network change in period 10                               72.0000
 11. Amount of network change in period 11                               84.0000
 12. Amount of network change in period 12                              114.0000
 13. Amount of network change in period 13                               94.0000
 14. Amount of network change in period 14                               88.0000
 15. Amount of network change in period 15                               80.0000
 16. Amount of network change in period 16                              138.0000
 17. Amount of network change in period 17                               96.0000
 18. Amount of network change in period 18                              112.0000
 19. Number of edges                                                   5257.0000
 20. Numb. edgew. shrd prtns.(69)                                      15264.4804
 21. Sum of squared degrees                                            333172.0000
 22. Sum of ties x nets.lndistance_d                                   -10629.6066
 23. Sum of ties x nets.ATOP_d                                         5960.4379
 24. Sum of ties x nets.absidealdiff_d                                 -2858.5692
 25. Sum of ties x nets.lntrade_d                                      37643.5933
 26. Sum of ties x nets.NATO_d                                         1247.4871
 27. Sum of degrees x milex.beh                                        -136.5119
 28. Sum of degrees x beh.democracy_1                                  2911.8786
 29. Sum of degrees x beh.lncinc_1                                     13015.0208
 30. Amount of behavioral change in period 1 on milex.beh                41.0000
 31. Amount of behavioral change in period 2 on milex.beh                50.0000
 32. Amount of behavioral change in period 3 on milex.beh                57.0000
 33. Amount of behavioral change in period 4 on milex.beh                52.0000
 34. Amount of behavioral change in period 5 on milex.beh                37.0000
 35. Amount of behavioral change in period 6 on milex.beh                32.0000
 36. Amount of behavioral change in period 7 on milex.beh                28.0000
 37. Amount of behavioral change in period 8 on milex.beh                31.0000
 38. Amount of behavioral change in period 9 on milex.beh                24.0000
 39. Amount of behavioral change in period 10 on milex.beh               71.0000
 40. Amount of behavioral change in period 11 on milex.beh               34.0000
 41. Amount of behavioral change in period 12 on milex.beh               55.0000
 42. Amount of behavioral change in period 13 on milex.beh               18.0000
 43. Amount of behavioral change in period 14 on milex.beh               17.0000
 44. Amount of behavioral change in period 15 on milex.beh               48.0000
 45. Amount of behavioral change in period 16 on milex.beh               20.0000
 46. Amount of behavioral change in period 17 on milex.beh               18.0000
 47. Amount of behavioral change in period 18 on milex.beh               21.0000
 48. milex.beh centered sum                                             -69.2728
 49. milex.beh sum of cent. squares                                    5872.2362
 50. milex.beh outdegrees                                              -140.2801
 51. milex.beh dense triads                                            -2487.5508
 52. milex.beh x beh.democracy_1                                       -379.2596
 53. milex.beh x beh.GDPgrowth_1                                         -0.6794
 54. milex.beh x beh.nato_1                                              58.7026
 55. milex.beh x beh.allies_1                                          -4906.7851
 56. milex.beh x beh.military_1                                         125.8892
 57. milex.beh x beh.lnmids_1                                           583.7664
 58. milex.beh x beh.milexSpLag_1                                        23.9632

 58 parameters, 58 statistics

Number of subphases is specified as 0.
Therefore the estimation phase is skipped
 and the program passes on immediately to phase 3
 for checking the current parameter values and calculating standard errors.
Estimation of derivatives by the LR method (type 1).


@2
End of stochastic approximation algorithm, phase 3.
---------------------------------------------------

Total of 3000 iterations.
Parameter estimates based on 0 iterations,
convergence diagnostics, covariance and derivative matrices based on 3000 iterations.

Information for convergence diagnosis.
Averages, standard deviations, and t-ratios for deviations from targets:
  1.  -0.0033    4.4775  -0.0007 
  2.   0.0987    8.2577   0.0119 
  3.   0.6233   12.2970   0.0507 
  4.  -0.1040   14.1568  -0.0073 
  5.  -0.2373   11.7579  -0.0202 
  6.  -0.0907   11.6858  -0.0078 
  7.  -0.3047   13.1046  -0.0232 
  8.   0.2020   11.9603   0.0169 
  9.   0.0607   12.4038   0.0049 
 10.   0.3973   11.6679   0.0341 
 11.   0.2873   12.4662   0.0230 
 12.   0.2180   14.4280   0.0151 
 13.  -0.1013   12.9925  -0.0078 
 14.  -0.1247   12.8577  -0.0097 
 15.  -0.1387   12.3574  -0.0112 
 16.   0.3440   16.4240   0.0209 
 17.  -0.1813   13.3181  -0.0136 
 18.   0.1313   14.5212   0.0090 
 19.   0.0817   27.9441   0.0029 
 20.   0.9065  104.2258   0.0087 
 21.   7.7880 2712.8070   0.0029 
 22.  -0.9367   68.7870  -0.0136 
 23.   0.4854   33.8542   0.0143 
 24.  -0.7183   46.1283  -0.0156 
 25.  -2.9990  207.3862  -0.0145 
 26.   0.2437   10.1929   0.0239 
 27.   0.8442   52.3982   0.0161 
 28.   0.0454   19.9790   0.0023 
 29.  -0.1572   92.4317  -0.0017 
 30.   0.2310    5.7336   0.0403 
 31.  -0.0023    6.0769  -0.0004 
 32.  -0.3393    6.5611  -0.0517 
 33.   0.2130    6.3684   0.0334 
 34.  -0.2973    5.5155  -0.0539 
 35.   0.1553    5.2617   0.0295 
 36.  -0.1000    4.9294  -0.0203 
 37.  -0.1583    5.1218  -0.0309 
 38.  -0.0493    4.7040  -0.0105 
 39.  -0.0643    6.9980  -0.0092 
 40.   0.2733    5.4169   0.0505 
 41.  -0.1173    6.1951  -0.0189 
 42.   0.1733    3.9988   0.0433 
 43.  -0.0560    3.9591  -0.0141 
 44.   0.2020    6.0962   0.0331 
 45.   0.1673    4.2451   0.0394 
 46.   0.1257    3.9134   0.0321 
 47.   0.0890    4.2325   0.0210 
 48.  -0.8563   24.6678  -0.0347 
 49.  -0.6142   95.9681  -0.0064 
 50.  -4.2623  190.4129  -0.0224 
 51. -11.2943  507.5663  -0.0223 
 52.  -0.2344   12.4161  -0.0189 
 53.   0.0050    2.1954   0.0023 
 54.   0.1574    9.7068   0.0162 
 55.  15.5384  488.4151   0.0318 
 56.   0.2887    6.7020   0.0431 
 57.   0.2264   15.8433   0.0143 
 58.   0.0005    0.5184   0.0010 

Good convergence is indicated by the t-ratios being close to zero.

Overall maximum convergence ratio =  0.1955 .



@2
Estimation Results.
-------------------

Regular end of estimation algorithm.
Total of 3000 iteration steps.


@3
Estimates and standard errors
                             
Network Dynamics
 1. rate:  constant dv.net rate (period 1)                         0.0564  (   0.0250)
 2. rate:  constant dv.net rate (period 2)                         0.1649  (   0.0405)
 3. rate:  constant dv.net rate (period 3)                         0.5544  (   0.1082)
 4. rate:  constant dv.net rate (period 4)                         0.3935  (   0.0574)
 5. rate:  constant dv.net rate (period 5)                         0.3792  (   0.0713)
 6. rate:  constant dv.net rate (period 6)                         0.3710  (   0.0692)
 7. rate:  constant dv.net rate (period 7)                         0.4597  (   0.0786)
 8. rate:  constant dv.net rate (period 8)                         0.3531  (   0.0637)
 9. rate:  constant dv.net rate (period 9)                         0.3730  (   0.0634)
10. rate:  constant dv.net rate (period 10)                        0.3132  (   0.0566)
11. rate:  constant dv.net rate (period 11)                        0.3656  (   0.0624)
12. rate:  constant dv.net rate (period 12)                        0.5056  (   0.0728)
13. rate:  constant dv.net rate (period 13)                        0.3908  (   0.0633)
14. rate:  constant dv.net rate (period 14)                        0.3575  (   0.0575)
15. rate:  constant dv.net rate (period 15)                        0.3170  (   0.0537)
16. rate:  constant dv.net rate (period 16)                        0.5719  (   0.0740)
17. rate:  constant dv.net rate (period 17)                        0.3707  (   0.0585)
18. rate:  constant dv.net rate (period 18)                        0.4278  (   0.0620)
19. eval:  degree (density)                                       -6.0113  (   0.2290)
20. eval:  GWESP (69)                                              2.1871  (   0.1956)
21. eval:  degree act+pop                                          0.0291  (   0.0047)
22. eval:  nets.lndistance_d                                      -0.8015  (   0.0691)
23. eval:  nets.ATOP_d                                             0.8761  (   0.1393)
24. eval:  nets.absidealdiff_d                                    -0.5055  (   0.0711)
25. eval:  nets.lntrade_d                                          0.0331  (   0.0301)
26. eval:  nets.NATO_d                                            -3.5258  (   0.3546)
27. eval:  milex.beh alter                                        -0.0643  (   0.0605)
28. eval:  beh.democracy_1 alter                                   1.3101  (   0.2185)
29. eval:  beh.lncinc_1 alter                                      0.7867  (   0.0645)
Behavior Dynamics

30. rate:  rate milex.beh (period 1)                               0.9325  (   0.1829)
31. rate:  rate milex.beh (period 2)                               1.2973  (   0.2432)
32. rate:  rate milex.beh (period 3)                               1.3475  (   0.2294)
33. rate:  rate milex.beh (period 4)                               1.1925  (   0.2253)
34. rate:  rate milex.beh (period 5)                               0.6923  (   0.1396)
35. rate:  rate milex.beh (period 6)                               0.5703  (   0.1131)
36. rate:  rate milex.beh (period 7)                               0.4741  (   0.0993)
37. rate:  rate milex.beh (period 8)                               0.5197  (   0.1101)
38. rate:  rate milex.beh (period 9)                               0.3764  (   0.0879)
39. rate:  rate milex.beh (period 10)                              1.7193  (   0.3318)
40. rate:  rate milex.beh (period 11)                              0.5914  (   0.1086)
41. rate:  rate milex.beh (period 12)                              1.3169  (   0.2668)
42. rate:  rate milex.beh (period 13)                              0.3248  (   0.0804)
43. rate:  rate milex.beh (period 14)                              0.2961  (   0.0789)
44. rate:  rate milex.beh (period 15)                              1.0869  (   0.2046)
45. rate:  rate milex.beh (period 16)                              0.4101  (   0.1009)
46. rate:  rate milex.beh (period 17)                              0.3553  (   0.0965)
47. rate:  rate milex.beh (period 18)                              0.4081  (   0.1001)
48. eval:  milex.beh linear shape                                 -1.1725  (   0.0773)
49. eval:  milex.beh quadratic shape                              -0.0275  (   0.0232)
50. eval:  milex.beh degree                                        0.0911  (   0.0239)
51. eval:  milex.beh dense triads                                 -0.0212  (   0.0076)
52. eval:  milex.beh: effect from beh.democracy_1                 -0.4472  (   0.1315)
53. eval:  milex.beh: effect from beh.GDPgrowth_1                 -2.2324  (   0.8822)
54. eval:  milex.beh: effect from beh.nato_1                       0.8703  (   0.1641)
55. eval:  milex.beh: effect from beh.allies_1                    -0.0108  (   0.0035)
56. eval:  milex.beh: effect from beh.military_1                   0.2646  (   0.1882)
57. eval:  milex.beh: effect from beh.lnmids_1                     0.1390  (   0.0908)
58. eval:  milex.beh: effect from beh.milexSpLag_1                 7.1200  (   2.8045)


@3
Covariance matrices
                   
Covariance matrix of estimates (correlations below diagonal):
     0.001      0.000      0.000      0.000      0.000      0.000      0.000      0.000      0.000      0.000      0.000      0.000      0.000      0.000      0.000      0.000      0.000      0.000      0.000      0.000      0.000      0.000      0.000      0.000      0.000      0.000      0.000      0.000      0.000      0.000      0.000      0.000      0.000      0.000      0.000      0.000      0.000      0.000      0.000      0.000      0.000      0.000      0.000      0.000      0.000      0.000      0.000      0.000      0.000      0.000      0.000      0.000      0.000      0.000      0.000      0.000      0.000      0.000
     0.023      0.002      0.000      0.000      0.000      0.000      0.000      0.000      0.000      0.000      0.000      0.000      0.000      0.000      0.000      0.000      0.000      0.000     -0.001      0.000      0.000      0.000      0.000      0.000      0.000     -0.001      0.000      0.000      0.000      0.000     -0.001      0.000      0.000      0.000      0.000      0.000      0.000      0.000      0.000      0.000      0.000      0.000      0.000      0.000      0.000      0.000      0.000      0.000      0.000      0.000      0.000      0.000     -0.001      0.000      0.000      0.000      0.000      0.003
     0.014      0.053      0.012      0.000      0.000      0.000      0.000      0.000      0.000      0.000      0.000      0.000      0.000      0.000      0.000      0.000      0.000      0.000     -0.002      0.001      0.000      0.000      0.000      0.000      0.000      0.000      0.000     -0.002     -0.001      0.000      0.000      0.000      0.000      0.000      0.000      0.000      0.000      0.000      0.000      0.000      0.000      0.000      0.000      0.000      0.000      0.000      0.000      0.000      0.000      0.000      0.000      0.000      0.000      0.000      0.000     -0.001      0.000     -0.004
     0.044      0.047      0.034      0.003      0.000      0.000      0.000      0.000      0.000      0.000      0.000      0.000      0.000      0.000      0.000      0.000      0.000      0.000     -0.001      0.001      0.000      0.000      0.000      0.000      0.000     -0.001      0.000      0.000      0.000      0.000      0.000      0.000      0.000      0.000      0.000      0.000      0.000      0.000      0.000      0.000      0.000      0.000      0.000      0.000      0.000      0.000      0.000      0.000      0.000      0.000      0.000      0.000     -0.001      0.000      0.000      0.000      0.000     -0.002
     0.007      0.048      0.045      0.021      0.005      0.000      0.000      0.000      0.000      0.000      0.000      0.000      0.000      0.000      0.000      0.000      0.000      0.000     -0.001      0.000      0.000      0.000      0.000      0.000      0.000      0.000      0.000     -0.001      0.000      0.000      0.000      0.001      0.000      0.000      0.000      0.000      0.000      0.000      0.001      0.000      0.000      0.000      0.000      0.000      0.000      0.000      0.000      0.000      0.000      0.000      0.000      0.000      0.000      0.000      0.000      0.000      0.000     -0.010
     0.018      0.001      0.013      0.010      0.035      0.005      0.000      0.000      0.000      0.000      0.000      0.000      0.000      0.000      0.000      0.000      0.000      0.000     -0.001      0.000      0.000      0.000      0.000      0.000      0.000      0.000      0.000      0.000      0.000      0.000      0.000      0.000      0.000      0.000      0.000      0.000      0.000      0.000      0.000      0.000      0.000      0.000      0.000      0.000      0.000      0.000      0.000      0.000      0.000      0.000      0.000      0.000     -0.002      0.000      0.000      0.000      0.000     -0.001
    -0.005      0.033      0.037      0.039      0.046      0.039      0.006      0.000      0.000      0.000      0.000      0.000      0.000      0.000      0.000      0.000      0.000      0.000     -0.001      0.000      0.000      0.000      0.000      0.000      0.000      0.000      0.000     -0.001      0.000      0.000      0.000      0.000      0.000      0.000      0.000      0.000      0.000      0.000      0.000      0.000      0.000      0.000      0.000      0.000      0.000      0.000      0.000      0.000      0.000      0.000      0.000      0.000     -0.003      0.000      0.000      0.000      0.000      0.001
    -0.006      0.050      0.061      0.032      0.037      0.021     -0.002      0.004      0.000      0.000      0.000      0.000      0.000      0.000      0.000      0.000      0.000      0.000      0.000      0.001      0.000      0.000      0.000      0.000      0.000      0.000      0.000     -0.001      0.000      0.000      0.000      0.000      0.000      0.000      0.000      0.000      0.000      0.000      0.001      0.000      0.000      0.000      0.000      0.000      0.000      0.000      0.000      0.000      0.000      0.000      0.000      0.000      0.001      0.000      0.000      0.000      0.000      0.006
     0.017      0.035      0.025      0.028      0.035      0.026     -0.003      0.038      0.004      0.000      0.000      0.000      0.000      0.000      0.000      0.000      0.000      0.000      0.000      0.000      0.000      0.000      0.000      0.000      0.000      0.001      0.000      0.000      0.000      0.000      0.000      0.000      0.000      0.000      0.000      0.000      0.000      0.000      0.000      0.000      0.000      0.000      0.000      0.000      0.000      0.000      0.000      0.000      0.000      0.000      0.000      0.000      0.000      0.000      0.000      0.000      0.000      0.000
     0.041      0.026      0.014      0.051      0.038      0.032     -0.018      0.006      0.011      0.003      0.000      0.000      0.000      0.000      0.000      0.000      0.000      0.000     -0.001      0.001      0.000      0.000      0.000      0.000      0.000      0.000      0.000      0.000      0.000      0.000      0.000      0.000      0.000      0.000      0.000      0.000      0.000      0.000      0.000      0.000      0.000      0.000      0.000      0.000      0.000      0.000      0.000      0.000      0.000      0.000      0.000      0.000      0.002      0.000      0.000      0.000      0.000     -0.002
    -0.008      0.028      0.031      0.023      0.047      0.036     -0.008     -0.005      0.026     -0.010      0.004      0.000      0.000      0.000      0.000      0.000      0.000      0.000     -0.001      0.001      0.000      0.000      0.000      0.000      0.000      0.000      0.000     -0.001      0.000      0.000      0.000      0.000      0.000      0.000      0.000      0.000      0.000      0.000      0.000      0.000      0.000      0.000      0.000      0.000      0.000      0.000      0.000      0.000      0.000      0.000      0.000      0.000      0.000      0.000      0.000      0.000      0.000     -0.003
     0.012      0.001      0.039      0.039      0.010      0.003      0.009      0.022      0.012      0.038      0.061      0.005      0.000      0.000      0.000      0.000      0.000      0.000     -0.001      0.001      0.000      0.000      0.000      0.000      0.000      0.000      0.000      0.000      0.000      0.000      0.000      0.000      0.000      0.000      0.000      0.000      0.000      0.000      0.000      0.000     -0.001      0.000      0.000      0.000      0.000      0.000      0.000      0.000      0.000      0.000      0.000      0.000     -0.001      0.000      0.000      0.000      0.000     -0.002
    -0.016      0.007      0.013      0.036     -0.008      0.017      0.040      0.020      0.022     -0.007     -0.029     -0.014      0.004      0.000      0.000      0.000      0.000      0.000     -0.001      0.001      0.000      0.000      0.000      0.000      0.000     -0.001      0.000      0.000      0.000      0.000      0.000      0.000      0.001      0.000      0.000      0.000      0.000      0.000      0.000      0.000      0.000      0.000      0.000      0.000      0.000      0.000      0.000      0.000      0.000      0.000      0.000      0.000      0.000      0.000      0.000      0.000      0.000      0.000
     0.022     -0.012     -0.009      0.024      0.028      0.024      0.000      0.008      0.018     -0.002      0.055      0.012      0.022      0.003      0.000      0.000      0.000      0.000      0.000      0.000      0.000      0.000      0.000      0.000      0.000      0.000      0.000      0.000      0.000      0.000      0.000      0.000      0.000      0.000      0.000      0.000      0.000      0.000      0.000      0.000      0.000      0.000      0.000      0.000      0.000      0.000      0.000      0.000      0.000      0.000      0.000      0.000      0.001      0.000      0.000      0.000      0.000      0.004
     0.023      0.012      0.010     -0.012      0.007      0.028     -0.022      0.020      0.019      0.010      0.023     -0.006      0.017      0.001      0.003      0.000      0.000      0.000      0.000      0.000      0.000      0.000      0.000      0.000      0.000      0.000      0.000      0.000      0.000      0.000      0.000      0.000      0.000      0.000      0.000      0.000      0.000      0.000      0.000      0.000      0.000      0.000      0.000      0.000      0.000      0.000      0.000      0.000      0.000      0.000      0.000      0.000     -0.001      0.000      0.000      0.000      0.000      0.000
     0.003      0.029      0.045      0.024      0.013     -0.012      0.025     -0.002     -0.001      0.002      0.018      0.041      0.049     -0.016      0.027      0.005      0.000      0.000      0.000      0.000      0.000      0.000      0.000      0.000      0.000      0.000      0.000      0.000      0.000      0.000      0.000      0.000      0.000      0.000      0.000      0.000      0.000      0.000      0.000      0.000      0.000      0.000      0.000      0.000      0.000      0.000      0.000      0.000      0.000      0.000      0.000      0.000      0.002      0.000      0.000      0.000      0.000     -0.002
     0.019     -0.009      0.017      0.034      0.023     -0.014      0.004     -0.005      0.027      0.017      0.002     -0.001      0.006     -0.001     -0.022     -0.014      0.003      0.000     -0.001      0.001      0.000      0.000      0.000      0.000      0.000      0.000      0.000      0.000      0.000     -0.001      0.001      0.000      0.000      0.000      0.000      0.000      0.000      0.000      0.000      0.000      0.000      0.000      0.000      0.000      0.000      0.000      0.000      0.000      0.000      0.000      0.000      0.000      0.000      0.000      0.000      0.000      0.000     -0.001
    -0.021     -0.011     -0.006      0.013     -0.010     -0.020      0.004     -0.003      0.009     -0.019      0.039      0.020      0.009     -0.005     -0.021      0.009     -0.004      0.004     -0.001      0.001      0.000      0.000      0.000      0.000      0.000      0.000      0.000      0.000      0.000      0.000      0.000      0.000      0.000      0.000      0.000      0.000      0.000      0.000      0.001      0.000      0.000      0.000      0.000      0.000      0.000      0.000      0.000      0.000      0.000      0.000      0.000      0.000      0.000      0.000      0.000      0.000      0.000     -0.003
    -0.053     -0.116     -0.062     -0.106     -0.045     -0.065     -0.036     -0.034     -0.030     -0.080     -0.058     -0.060     -0.037     -0.033     -0.035      0.026     -0.046     -0.036      0.052     -0.025      0.000      0.006     -0.006      0.005      0.001      0.024      0.002     -0.020     -0.009      0.001      0.001      0.001      0.000      0.000     -0.001      0.000      0.000      0.000      0.001     -0.001      0.002      0.000      0.000     -0.001      0.000      0.001      0.000      0.000      0.000      0.000      0.000      0.001      0.002      0.000      0.000      0.000      0.000     -0.017
     0.012      0.063      0.035      0.062      0.015      0.036      0.011      0.042      0.031      0.059      0.073      0.046      0.046      0.022      0.042      0.031      0.069      0.052     -0.563      0.038      0.000     -0.003      0.003     -0.002     -0.002     -0.020      0.001      0.010      0.006     -0.001      0.000     -0.001      0.000      0.000      0.001      0.000      0.001      0.000      0.001      0.000     -0.001      0.000      0.001      0.001      0.000      0.000      0.000      0.000      0.000      0.000      0.000      0.000     -0.001      0.000      0.000      0.001      0.000      0.007
     0.067      0.070      0.106      0.049      0.052      0.040      0.051      0.030      0.003      0.009     -0.004     -0.001     -0.006      0.017     -0.010     -0.055     -0.014     -0.039     -0.098     -0.504      0.000      0.000      0.000      0.000      0.000      0.000      0.000      0.000      0.000      0.000      0.000      0.000      0.000      0.000      0.000      0.000      0.000      0.000      0.000      0.000      0.000      0.000      0.000      0.000      0.000      0.000      0.000      0.000      0.000      0.000      0.000      0.000      0.000      0.000      0.000      0.000      0.000      0.000
     0.024      0.022      0.066      0.030      0.068      0.034      0.051      0.064      0.028      0.000      0.028      0.014     -0.002      0.018     -0.004      0.055      0.007     -0.015      0.397     -0.245      0.071      0.005      0.002      0.000      0.001      0.003      0.000     -0.003     -0.002      0.000      0.000      0.000      0.000      0.000      0.000      0.000      0.000      0.000      0.000      0.000      0.000      0.000      0.000      0.000      0.000      0.000      0.000      0.000      0.000      0.000      0.000      0.000     -0.001      0.000      0.000      0.000      0.000     -0.006
    -0.005     -0.022     -0.025      0.002     -0.022     -0.010     -0.036     -0.021     -0.012     -0.005     -0.008     -0.021     -0.036      0.003     -0.021     -0.034     -0.009     -0.020     -0.187      0.094     -0.045      0.238      0.019      0.001     -0.001     -0.006     -0.002      0.006      0.002      0.000     -0.001     -0.001     -0.002      0.000      0.000      0.000      0.000      0.000     -0.001      0.000     -0.001      0.000      0.000      0.001      0.000      0.000      0.000     -0.001      0.000      0.000      0.000      0.000     -0.007     -0.001      0.000      0.001      0.000     -0.001
    -0.020      0.012      0.015     -0.021      0.040      0.000      0.015      0.050      0.005     -0.012     -0.005      0.016     -0.008     -0.004      0.001      0.015      0.003      0.000      0.318     -0.160     -0.036      0.088      0.120      0.005      0.000      0.006     -0.002     -0.005     -0.001      0.000     -0.001      0.001      0.000      0.000      0.000      0.000      0.000      0.000      0.000      0.000      0.000      0.000      0.000      0.000      0.000      0.000      0.000      0.000      0.000      0.000      0.000      0.000     -0.001      0.000      0.000      0.000      0.000      0.005
     0.025      0.037      0.086      0.063      0.096      0.036      0.051      0.072      0.026      0.009      0.008      0.047      0.008      0.001      0.016      0.031      0.001     -0.010      0.203     -0.328      0.189      0.433     -0.235     -0.030      0.001      0.000      0.000     -0.001     -0.001      0.000      0.000      0.000      0.000      0.000      0.000      0.000      0.000      0.000      0.000      0.000      0.000      0.000      0.000      0.000      0.000      0.000      0.000      0.000      0.000      0.000      0.000      0.000      0.000      0.000      0.000      0.000      0.000     -0.001
    -0.015     -0.042      0.008     -0.048      0.018     -0.015      0.015     -0.021      0.044     -0.009     -0.003      0.011     -0.056     -0.023     -0.001      0.006     -0.020      0.022      0.297     -0.293     -0.031      0.125     -0.122      0.228     -0.018      0.126     -0.001     -0.017     -0.002      0.001      0.001      0.002     -0.001      0.000      0.000      0.000     -0.001      0.000      0.000     -0.002      0.002      0.000      0.001     -0.001     -0.001      0.000      0.001      0.000      0.000      0.000      0.000      0.001     -0.004     -0.001      0.000      0.000      0.000     -0.018
     0.023     -0.049      0.007     -0.008     -0.071     -0.056     -0.036     -0.064     -0.010     -0.021     -0.029     -0.048     -0.011     -0.004     -0.018      0.005      0.020      0.007      0.144      0.048     -0.115     -0.047     -0.212     -0.352      0.008     -0.069      0.004      0.002     -0.001      0.000      0.000     -0.001      0.000      0.000      0.000      0.000      0.000      0.000      0.000      0.000      0.000      0.000      0.000      0.000      0.000      0.000      0.000      0.000      0.000      0.000      0.000      0.000      0.001      0.000      0.000      0.000      0.000      0.001
     0.007      0.018     -0.087     -0.016     -0.072     -0.023     -0.055     -0.043     -0.024      0.015     -0.057     -0.005      0.032      0.004     -0.008     -0.018      0.007     -0.007     -0.398      0.224     -0.175     -0.186      0.205     -0.297     -0.155     -0.225      0.120      0.048      0.003     -0.002     -0.001     -0.001     -0.001      0.000      0.001      0.000      0.001      0.000     -0.001      0.001     -0.001      0.000      0.000      0.001     -0.001     -0.001      0.000      0.000      0.000      0.000      0.000      0.000     -0.007      0.001      0.000      0.001      0.000      0.016
    -0.026     -0.009     -0.107     -0.015     -0.061     -0.020     -0.061     -0.075     -0.033      0.001     -0.005     -0.022     -0.015     -0.010     -0.009     -0.068     -0.001      0.013     -0.639      0.446     -0.255     -0.539      0.173     -0.255     -0.603     -0.103     -0.163      0.220      0.004      0.000      0.000      0.000      0.000      0.000      0.000      0.000      0.000      0.000      0.000      0.000      0.000      0.000      0.000      0.001      0.000      0.000      0.000      0.000      0.000      0.000      0.000      0.000      0.000      0.000      0.000      0.000      0.000      0.002
    -0.050     -0.012      0.014     -0.011     -0.013     -0.019      0.031     -0.011      0.007      0.035     -0.019      0.006      0.019      0.007      0.026      0.001     -0.055      0.003      0.019     -0.020      0.020      0.006      0.006      0.029     -0.004      0.013      0.001     -0.046     -0.024      0.033      0.002      0.000      0.002      0.001      0.000      0.000      0.000      0.000      0.001      0.000      0.000      0.000      0.000      0.000      0.001      0.000      0.000      0.000      0.000      0.000      0.000      0.002      0.007      0.000      0.000     -0.001      0.000      0.004
    -0.014     -0.063      0.009      0.008      0.010      0.010     -0.003     -0.002     -0.029     -0.006     -0.029      0.011      0.023     -0.001     -0.023      0.008      0.050      0.023      0.012     -0.004      0.015     -0.003     -0.032     -0.031      0.013      0.006     -0.009     -0.026     -0.018      0.049      0.059      0.002      0.000     -0.001      0.000     -0.001      0.000      0.000      0.001     -0.001      0.000      0.000      0.000      0.000     -0.001      0.000      0.000      0.000      0.001      0.000      0.000      0.001      0.007      0.001      0.000      0.000     -0.001     -0.010
     0.007     -0.012     -0.006      0.015      0.032      0.015     -0.011      0.000      0.006     -0.007     -0.013      0.008     -0.013      0.019     -0.002     -0.015     -0.006      0.008      0.014     -0.018      0.013      0.022     -0.018      0.046      0.021      0.027     -0.049     -0.028     -0.030      0.009      0.027      0.053      0.001     -0.001      0.001      0.001      0.000      0.000      0.001      0.000      0.001      0.000      0.000      0.000      0.000      0.000      0.000      0.000      0.001      0.000      0.000      0.002      0.022      0.000      0.000      0.000      0.000     -0.009
    -0.010      0.006      0.015      0.009     -0.004     -0.025      0.006      0.006      0.017     -0.009      0.005      0.026      0.042      0.003      0.004     -0.017      0.009      0.006     -0.007     -0.008      0.014     -0.029     -0.058     -0.025     -0.003     -0.016     -0.006     -0.014      0.019      0.050      0.005      0.010      0.051      0.000      0.001      0.001      0.000      0.000      0.002      0.000      0.001      0.000      0.000      0.001      0.000      0.000      0.000      0.000      0.001      0.000      0.000      0.001      0.010      0.000      0.000     -0.002      0.000      0.025
     0.002     -0.019     -0.012     -0.034      0.031      0.001      0.004     -0.011      0.011      0.019      0.000     -0.038      0.001     -0.029     -0.037     -0.007      0.004      0.019      0.014     -0.013      0.004      0.003     -0.007      0.029      0.020     -0.003     -0.023     -0.010     -0.012      0.051     -0.022     -0.016      0.013      0.020      0.000      0.000      0.000      0.000      0.000      0.000      0.000      0.000      0.000      0.000      0.000      0.000      0.000      0.000      0.000      0.000      0.000      0.000      0.008     -0.001      0.000      0.000      0.001      0.007
     0.013      0.028     -0.013      0.001     -0.031     -0.039     -0.008      0.004     -0.022      0.004      0.006      0.000      0.007     -0.020      0.010     -0.006      0.032     -0.001     -0.050      0.026      0.029     -0.006      0.020      0.004     -0.010      0.000     -0.030      0.034      0.017      0.020      0.014      0.041      0.034      0.022      0.013      0.000      0.000      0.000     -0.001      0.000      0.000      0.000      0.000      0.001      0.000      0.000      0.000      0.000      0.000      0.000      0.000      0.000      0.001      0.000      0.000      0.000      0.000     -0.008
     0.005      0.015      0.000      0.006     -0.003      0.007     -0.003      0.002      0.000      0.014      0.003     -0.011      0.009      0.018     -0.003     -0.003      0.019      0.020     -0.016      0.007      0.002      0.002     -0.017      0.002      0.013     -0.013     -0.015     -0.015      0.001     -0.016     -0.022      0.047      0.023     -0.005      0.029      0.010      0.000      0.000      0.001      0.000      0.000      0.000      0.000      0.000      0.000      0.000      0.000      0.000      0.000      0.000      0.000      0.001      0.001      0.000      0.000      0.000      0.000      0.003
     0.003      0.011      0.008     -0.014      0.010      0.009      0.007      0.022     -0.006      0.001     -0.008     -0.014      0.000      0.012      0.012      0.014      0.002      0.007     -0.018      0.044     -0.026      0.005     -0.008     -0.022      0.001     -0.015     -0.012      0.037      0.006      0.019      0.010      0.010      0.005      0.006     -0.008     -0.021      0.012      0.000     -0.002      0.000      0.000      0.000      0.000     -0.001      0.000      0.000      0.000      0.000      0.000      0.000      0.000      0.000      0.001      0.001      0.000      0.000      0.000      0.002
     0.028      0.009      0.024      0.012      0.025      0.005      0.000      0.031     -0.013      0.009     -0.004      0.009      0.003     -0.005      0.059      0.038     -0.026      0.000      0.007      0.020     -0.009      0.024     -0.030      0.015      0.023      0.002     -0.010     -0.004     -0.039      0.012     -0.002      0.001      0.013     -0.005     -0.004     -0.011      0.007      0.008      0.001      0.000     -0.001      0.000      0.000      0.000      0.000      0.000      0.000      0.000      0.000      0.000      0.000      0.000      0.002      0.000      0.000      0.000      0.000      0.003
    -0.011     -0.029      0.003     -0.010      0.023      0.003     -0.013      0.033     -0.012     -0.006      0.003     -0.009     -0.015     -0.023     -0.001     -0.012     -0.021      0.037      0.018      0.023     -0.043     -0.018     -0.016      0.010      0.000      0.001      0.010     -0.017      0.009      0.009      0.013      0.011      0.023     -0.005     -0.017      0.045     -0.045      0.020      0.110      0.000      0.000      0.000      0.000      0.001      0.001      0.000     -0.001      0.000      0.001      0.000      0.000     -0.003      0.010     -0.001      0.000      0.003     -0.001      0.019
    -0.019      0.017     -0.010     -0.019     -0.006     -0.002     -0.035      0.000     -0.023     -0.021      0.030      0.024     -0.027      0.015      0.004      0.007      0.032     -0.016     -0.037      0.017      0.029     -0.009      0.023     -0.017     -0.042     -0.040     -0.002      0.027      0.026      0.014     -0.021     -0.001     -0.005      0.013      0.017      0.007      0.003     -0.004      0.014      0.012      0.000      0.000      0.000      0.000      0.000      0.000      0.000      0.000      0.000      0.000      0.000      0.000      0.002      0.000      0.000      0.000      0.000      0.005
    -0.014      0.003      0.013     -0.020      0.010      0.014      0.006     -0.024     -0.014     -0.020      0.011     -0.054      0.014      0.000     -0.020      0.007     -0.002     -0.012      0.025     -0.020     -0.017      0.011     -0.017      0.016      0.014      0.017     -0.006     -0.015     -0.012      0.005     -0.005      0.012      0.010      0.005     -0.017      0.006      0.012     -0.023      0.002      0.016      0.071      0.000      0.000      0.000      0.000      0.000      0.000     -0.001      0.001      0.000      0.000     -0.001      0.009     -0.001      0.000      0.000      0.000      0.023
    -0.002      0.007      0.002      0.020     -0.011     -0.032     -0.010     -0.010      0.004      0.009      0.001     -0.004      0.051     -0.003      0.031     -0.005     -0.012     -0.004      0.005     -0.009      0.011     -0.029     -0.004      0.016     -0.025     -0.006      0.023     -0.001     -0.005      0.021      0.004     -0.019     -0.007      0.020      0.008      0.041     -0.013     -0.017     -0.016     -0.030      0.002      0.006      0.000      0.000      0.000      0.000      0.000      0.000      0.000      0.000      0.000      0.000      0.001      0.001      0.000      0.000      0.000      0.002
    -0.016      0.037      0.021     -0.009      0.024      0.025      0.009      0.018     -0.003     -0.029     -0.014      0.019      0.023     -0.070      0.001     -0.018     -0.002      0.008      0.010      0.040     -0.016      0.014      0.002      0.011     -0.011      0.018      0.006     -0.020     -0.001     -0.034      0.015      0.004      0.008     -0.031     -0.021     -0.011      0.027     -0.014     -0.004     -0.003      0.015      0.011      0.006      0.000      0.000      0.000      0.000      0.000      0.000      0.000      0.000      0.000      0.001      0.000      0.000      0.000      0.000      0.000
    -0.017      0.015     -0.013     -0.011     -0.007     -0.011      0.005     -0.007      0.005      0.004      0.020     -0.023     -0.006      0.006     -0.029      0.001     -0.001      0.010     -0.031      0.014     -0.008     -0.028      0.052     -0.009     -0.016     -0.011     -0.034      0.016      0.048     -0.003      0.001     -0.006      0.013      0.017      0.022     -0.012     -0.046     -0.020      0.016      0.019     -0.007      0.022     -0.009      0.042      0.000     -0.001      0.000     -0.001      0.000      0.000      0.000     -0.002     -0.003     -0.001      0.000      0.000      0.000      0.006
     0.021     -0.002      0.024      0.017     -0.003      0.042      0.013     -0.018      0.005      0.001     -0.012     -0.004      0.006      0.026     -0.001     -0.024     -0.013     -0.010      0.004     -0.017      0.038     -0.006     -0.018     -0.006      0.018     -0.040     -0.011     -0.045     -0.020      0.031     -0.029     -0.014      0.008      0.014      0.012      0.002     -0.008      0.001      0.041      0.019     -0.015      0.004      0.007      0.007      0.010      0.000      0.000     -0.001      0.000      0.000      0.000     -0.001     -0.003      0.001      0.000      0.000      0.000      0.000
    -0.014      0.002      0.016     -0.001      0.000     -0.008     -0.003     -0.003     -0.018      0.014      0.026     -0.001     -0.036      0.022     -0.006      0.011      0.009     -0.002      0.041      0.007     -0.017     -0.004     -0.003     -0.002     -0.002     -0.005      0.002     -0.030      0.006     -0.001     -0.016     -0.004      0.017      0.009      0.008     -0.004     -0.007      0.040      0.008     -0.009      0.003      0.022      0.020     -0.034     -0.016      0.009      0.000      0.000      0.000      0.000      0.000      0.000     -0.001      0.000      0.000      0.000      0.000      0.004
     0.006      0.017     -0.023     -0.012     -0.023     -0.012     -0.015      0.034      0.001      0.020     -0.020     -0.022     -0.021      0.039      0.001     -0.021     -0.025      0.044     -0.001      0.001     -0.031      0.002     -0.002      0.001      0.018      0.034      0.009      0.014      0.019     -0.006      0.010     -0.004      0.002     -0.021     -0.028     -0.013     -0.002      0.002     -0.022     -0.008      0.011     -0.001      0.014     -0.021     -0.044     -0.026      0.010      0.000      0.000      0.000      0.000      0.000     -0.005      0.001      0.000      0.000      0.000      0.007
     0.007     -0.010      0.022     -0.054     -0.006     -0.006     -0.048      0.017      0.014     -0.017      0.021     -0.006      0.024     -0.014      0.025      0.010      0.032     -0.022      0.025     -0.009      0.012      0.016     -0.047     -0.003      0.001     -0.008      0.002     -0.010     -0.026      0.011     -0.005     -0.006      0.001     -0.016     -0.021     -0.032     -0.002     -0.003      0.016     -0.002     -0.066     -0.041     -0.030     -0.035     -0.070     -0.065     -0.039      0.006      0.000     -0.001      0.000      0.002      0.013     -0.002      0.000     -0.001      0.001     -0.020
    -0.027     -0.021     -0.004      0.045      0.038      0.004     -0.014     -0.004      0.020      0.012     -0.035      0.022      0.020     -0.021     -0.003      0.004     -0.002      0.011      0.016      0.022     -0.034      0.025     -0.010      0.021      0.027      0.006      0.005     -0.020     -0.024      0.098      0.128      0.139      0.133      0.069      0.082      0.043      0.029      0.051      0.074      0.006      0.101      0.024      0.014      0.000      0.024      0.021      0.012     -0.131      0.001      0.000      0.000      0.000      0.004      0.000      0.000      0.000      0.000     -0.020
    -0.018     -0.014     -0.004      0.016     -0.016      0.001      0.026     -0.019     -0.026      0.025     -0.004     -0.023     -0.029      0.024     -0.021      0.000     -0.026     -0.002     -0.003     -0.011     -0.006     -0.026      0.039      0.001     -0.037      0.030      0.001      0.008      0.036     -0.031     -0.033     -0.041     -0.089     -0.040     -0.044      0.004     -0.040     -0.008      0.008      0.006      0.027     -0.002      0.009      0.023      0.036      0.028      0.004     -0.542     -0.171      0.001      0.000     -0.001     -0.003      0.000      0.000      0.000      0.000      0.007
     0.022      0.012      0.000     -0.010      0.004      0.012     -0.014      0.028      0.026     -0.027      0.005      0.027      0.040     -0.012      0.020     -0.006      0.018      0.000     -0.008      0.011      0.016      0.026     -0.020      0.000      0.033     -0.024     -0.002     -0.003     -0.030      0.028      0.018      0.034      0.073      0.030      0.036     -0.004      0.021     -0.015     -0.027     -0.016     -0.017      0.007     -0.011     -0.017     -0.038     -0.036     -0.004      0.365      0.138     -0.908      0.000      0.000      0.001      0.000      0.000      0.000      0.000     -0.001
    -0.009     -0.014     -0.012     -0.014      0.004     -0.004     -0.005      0.011      0.039     -0.024      0.003     -0.009      0.005      0.000      0.014      0.013     -0.004     -0.008      0.032     -0.009      0.017      0.013     -0.005      0.039      0.002      0.017     -0.013     -0.011     -0.033      0.076      0.020      0.062      0.018      0.016     -0.024      0.044     -0.030      0.015     -0.079     -0.032     -0.032     -0.029     -0.018     -0.059     -0.041      0.006      0.000      0.218      0.135     -0.205      0.178      0.017      0.004     -0.009      0.000      0.004      0.001      0.033
    -0.014     -0.033      0.001     -0.017     -0.006     -0.031     -0.046      0.018     -0.007      0.031      0.000     -0.017     -0.003      0.010     -0.022      0.035      0.007      0.005      0.009     -0.007      0.006     -0.020     -0.054     -0.017     -0.001     -0.011      0.011     -0.037      0.006      0.045      0.034      0.108      0.049      0.062      0.011      0.008      0.010      0.020      0.035      0.025      0.037      0.015      0.020     -0.016     -0.038     -0.016     -0.052      0.190      0.192     -0.123      0.082      0.038      0.778      0.006      0.000     -0.009     -0.002     -0.162
     0.021      0.030     -0.012     -0.003     -0.012     -0.024     -0.016      0.000     -0.029      0.014     -0.027      0.025     -0.033     -0.001     -0.014     -0.031      0.000     -0.005     -0.010     -0.005     -0.005     -0.018     -0.030     -0.038      0.008     -0.010      0.042      0.038      0.014     -0.006      0.033     -0.002      0.010     -0.029      0.025      0.014      0.040      0.012     -0.011     -0.019     -0.029      0.048      0.001     -0.021      0.031      0.012      0.046     -0.155      0.006     -0.097      0.026     -0.403      0.041      0.027      0.000      0.000     -0.002     -0.028
    -0.016      0.004      0.023     -0.015     -0.005     -0.004     -0.018     -0.012      0.008     -0.009     -0.009      0.004      0.031     -0.017      0.012      0.026      0.012      0.016     -0.015      0.027      0.002     -0.014     -0.022     -0.008      0.014     -0.040     -0.008     -0.003     -0.009     -0.019      0.033     -0.019      0.072      0.038      0.012     -0.035      0.035     -0.001      0.022      0.015     -0.039     -0.067      0.015      0.001     -0.066     -0.026     -0.039      0.400      0.069     -0.335      0.189      0.007      0.026     -0.330      0.000      0.000      0.000      0.000
     0.019     -0.010     -0.055      0.007     -0.001     -0.005     -0.001      0.001      0.009      0.006     -0.002     -0.008     -0.022      0.015     -0.012     -0.026      0.000      0.005     -0.010      0.027     -0.019     -0.027      0.022      0.011     -0.025     -0.003     -0.004      0.033      0.010     -0.018     -0.007     -0.005     -0.047     -0.010     -0.023      0.021      0.000      0.001      0.048      0.005     -0.008     -0.028     -0.003      0.012      0.007      0.008      0.005     -0.083     -0.046      0.038     -0.023      0.175     -0.052     -0.013      0.062      0.035      0.000      0.025
     0.032      0.012      0.010     -0.006      0.043     -0.029      0.015     -0.001     -0.007     -0.012      0.026     -0.010      0.018     -0.014     -0.009     -0.013      0.020     -0.001      0.021     -0.005     -0.038      0.021      0.003      0.005      0.018      0.005     -0.025     -0.007     -0.009      0.004     -0.042     -0.002     -0.002      0.055      0.031      0.022      0.035      0.004     -0.032     -0.001      0.004      0.001     -0.016      0.002     -0.015     -0.004     -0.019      0.083     -0.211     -0.209      0.154      0.092     -0.021     -0.135      0.017     -0.017      0.008     -0.020
     0.005      0.028     -0.014     -0.011     -0.048     -0.006      0.005      0.033      0.002     -0.012     -0.015     -0.010      0.002      0.028      0.002     -0.008     -0.005     -0.018     -0.026      0.013      0.011     -0.030     -0.002      0.024     -0.007     -0.018      0.003      0.026      0.013      0.008     -0.015     -0.015      0.040      0.018     -0.024      0.012      0.005      0.012      0.020      0.015      0.031      0.011      0.000      0.010      0.000      0.016      0.027     -0.091     -0.310      0.104     -0.060      0.091     -0.066     -0.061     -0.011      0.047     -0.080      7.865

Derivative matrix of expected statistics X by parameters and
covariance/correlation matrix of X can be found using
summary(ans) within R, or by using the 'verbose' option in Siena07.
 
Total computation time 852.96 seconds.
