

-----------------------------------
New Analysis started.
Date and time: 21/09/2026 14:57:29
New results follow.
-----------------------------------

RSiena version 1.3.10 (28 Apr 22)


@1
Estimation by stochastic approximation algorithm.
=================================================

Current random number seed is 2009402.
Effects object used: bound$effects 
Model Type:
 Initiative model
Behavioral Model Type:
 Standard behavior actor-oriented model ('restrict')
Estimation method: unconditional moment estimation
.

Time duration for simulations in each period is 1.0.
Changing composition.
Joiners/leavers option: 1
Standard errors are estimated with the likelihood ratio method.
Dolby method (regression on scores) is used.
Initial value of gain parameter is  0.2000000.
Reduction factor for gain parameter is  0.5000000.
Number of subphases in Phase 2 is 0.

Initial parameter values are 
  1. rate:  constant dv.net rate (period 1)                 0.0472
  2. rate:  constant dv.net rate (period 2)                 0.1389
  3. rate:  constant dv.net rate (period 3)                 0.4314
  4. rate:  constant dv.net rate (period 4)                 0.3485
  5. rate:  constant dv.net rate (period 5)                 0.3233
  6. rate:  constant dv.net rate (period 6)                 0.3194
  7. rate:  constant dv.net rate (period 7)                 0.3979
  8. rate:  constant dv.net rate (period 8)                 0.3093
  9. rate:  constant dv.net rate (period 9)                 0.3269
 10. rate:  constant dv.net rate (period 10)                0.2749
 11. rate:  constant dv.net rate (period 11)                0.3220
 12. rate:  constant dv.net rate (period 12)                0.4463
 13. rate:  constant dv.net rate (period 13)                0.3536
 14. rate:  constant dv.net rate (period 14)                0.3234
 15. rate:  constant dv.net rate (period 15)                0.2895
 16. rate:  constant dv.net rate (period 16)                0.5157
 17. rate:  constant dv.net rate (period 17)                0.3412
 18. rate:  constant dv.net rate (period 18)                0.3965
 19. eval:  degree (density)                               -5.5318
 20. eval:  transitive triads                               0.1572
 21. eval:  degree act+pop                                  0.0572
 22. eval:  nets.lndistance_d                              -0.8546
 23. eval:  nets.ATOP_d                                     1.0961
 24. eval:  nets.absidealdiff_d                            -0.6046
 25. eval:  nets.lntrade_d                                  0.0714
 26. eval:  nets.NATO_d                                    -3.3720
 27. eval:  milex.beh alter                                -0.0567
 28. eval:  beh.democracy_1 alter                           1.4529
 29. eval:  beh.lncinc_1 alter                              0.7970
 30. rate:  rate milex.beh (period 1)                       0.9319
 31. rate:  rate milex.beh (period 2)                       1.3030
 32. rate:  rate milex.beh (period 3)                       1.3565
 33. rate:  rate milex.beh (period 4)                       1.1874
 34. rate:  rate milex.beh (period 5)                       0.6937
 35. rate:  rate milex.beh (period 6)                       0.5667
 36. rate:  rate milex.beh (period 7)                       0.4755
 37. rate:  rate milex.beh (period 8)                       0.5216
 38. rate:  rate milex.beh (period 9)                       0.3751
 39. rate:  rate milex.beh (period 10)                      1.7195
 40. rate:  rate milex.beh (period 11)                      0.5863
 41. rate:  rate milex.beh (period 12)                      1.3256
 42. rate:  rate milex.beh (period 13)                      0.3229
 43. rate:  rate milex.beh (period 14)                      0.2974
 44. rate:  rate milex.beh (period 15)                      1.0852
 45. rate:  rate milex.beh (period 16)                      0.4083
 46. rate:  rate milex.beh (period 17)                      0.3554
 47. rate:  rate milex.beh (period 18)                      0.4065
 48. eval:  milex.beh linear shape                         -1.1722
 49. eval:  milex.beh quadratic shape                      -0.0274
 50. eval:  milex.beh degree                                0.0893
 51. eval:  milex.beh dense triads                         -0.0208
 52. eval:  milex.beh: effect from beh.democracy_1         -0.4483
 53. eval:  milex.beh: effect from beh.GDPgrowth_1         -2.2277
 54. eval:  milex.beh: effect from beh.nato_1               0.8732
 55. eval:  milex.beh: effect from beh.allies_1            -0.0110
 56. eval:  milex.beh: effect from beh.military_1           0.2596
 57. eval:  milex.beh: effect from beh.lnmids_1             0.1351
 58. eval:  milex.beh: effect from beh.milexSpLag_1         7.1303


Observed values of target statistics are
  1. Amount of network change in period 1                                10.0000
  2. Amount of network change in period 2                                34.0000
  3. Amount of network change in period 3                                86.0000
  4. Amount of network change in period 4                                94.0000
  5. Amount of network change in period 5                                76.0000
  6. Amount of network change in period 6                                76.0000
  7. Amount of network change in period 7                                94.0000
  8. Amount of network change in period 8                                78.0000
  9. Amount of network change in period 9                                84.0000
 10. Amount of network change in period 10                               72.0000
 11. Amount of network change in period 11                               84.0000
 12. Amount of network change in period 12                              114.0000
 13. Amount of network change in period 13                               94.0000
 14. Amount of network change in period 14                               88.0000
 15. Amount of network change in period 15                               80.0000
 16. Amount of network change in period 16                              138.0000
 17. Amount of network change in period 17                               96.0000
 18. Amount of network change in period 18                              112.0000
 19. Number of edges                                                   5257.0000
 20. Number of transitive triads                                       7339.0000
 21. Sum of squared degrees                                            333172.0000
 22. Sum of ties x nets.lndistance_d                                   -10629.6066
 23. Sum of ties x nets.ATOP_d                                         5960.4379
 24. Sum of ties x nets.absidealdiff_d                                 -2858.5692
 25. Sum of ties x nets.lntrade_d                                      37643.5933
 26. Sum of ties x nets.NATO_d                                         1247.4871
 27. Sum of degrees x milex.beh                                        -136.5119
 28. Sum of degrees x beh.democracy_1                                  2911.8786
 29. Sum of degrees x beh.lncinc_1                                     13015.0208
 30. Amount of behavioral change in period 1 on milex.beh                41.0000
 31. Amount of behavioral change in period 2 on milex.beh                50.0000
 32. Amount of behavioral change in period 3 on milex.beh                57.0000
 33. Amount of behavioral change in period 4 on milex.beh                52.0000
 34. Amount of behavioral change in period 5 on milex.beh                37.0000
 35. Amount of behavioral change in period 6 on milex.beh                32.0000
 36. Amount of behavioral change in period 7 on milex.beh                28.0000
 37. Amount of behavioral change in period 8 on milex.beh                31.0000
 38. Amount of behavioral change in period 9 on milex.beh                24.0000
 39. Amount of behavioral change in period 10 on milex.beh               71.0000
 40. Amount of behavioral change in period 11 on milex.beh               34.0000
 41. Amount of behavioral change in period 12 on milex.beh               55.0000
 42. Amount of behavioral change in period 13 on milex.beh               18.0000
 43. Amount of behavioral change in period 14 on milex.beh               17.0000
 44. Amount of behavioral change in period 15 on milex.beh               48.0000
 45. Amount of behavioral change in period 16 on milex.beh               20.0000
 46. Amount of behavioral change in period 17 on milex.beh               18.0000
 47. Amount of behavioral change in period 18 on milex.beh               21.0000
 48. milex.beh centered sum                                             -69.2728
 49. milex.beh sum of cent. squares                                    5872.2362
 50. milex.beh outdegrees                                              -140.2801
 51. milex.beh dense triads                                            -2487.5508
 52. milex.beh x beh.democracy_1                                       -379.2596
 53. milex.beh x beh.GDPgrowth_1                                         -0.6794
 54. milex.beh x beh.nato_1                                              58.7026
 55. milex.beh x beh.allies_1                                          -4906.7851
 56. milex.beh x beh.military_1                                         125.8892
 57. milex.beh x beh.lnmids_1                                           583.7664
 58. milex.beh x beh.milexSpLag_1                                        23.9632

 58 parameters, 58 statistics

Number of subphases is specified as 0.
Therefore the estimation phase is skipped
 and the program passes on immediately to phase 3
 for checking the current parameter values and calculating standard errors.
Estimation of derivatives by the LR method (type 1).


@2
End of stochastic approximation algorithm, phase 3.
---------------------------------------------------

Total of 3000 iterations.
Parameter estimates based on 0 iterations,
convergence diagnostics, covariance and derivative matrices based on 3000 iterations.

Information for convergence diagnosis.
Averages, standard deviations, and t-ratios for deviations from targets:
  1.  -0.0567    4.3151  -0.0131 
  2.  -0.1240    8.3447  -0.0149 
  3.   0.4727   12.2048   0.0387 
  4.   0.3100   14.0209   0.0221 
  5.  -0.2373   11.5176  -0.0206 
  6.   0.1560   11.6520   0.0134 
  7.   0.1920   13.0820   0.0147 
  8.  -0.1727   12.2469  -0.0141 
  9.   0.3100   12.3840   0.0250 
 10.  -0.0973   11.6529  -0.0084 
 11.   0.1587   12.3985   0.0128 
 12.   0.0613   14.4479   0.0042 
 13.  -0.8093   13.1441  -0.0616 
 14.   0.1553   12.9791   0.0120 
 15.  -0.2140   12.1238  -0.0177 
 16.   0.3467   16.2812   0.0213 
 17.  -0.1920   13.5159  -0.0142 
 18.   0.1620   14.7102   0.0110 
 19.   0.4887   27.1424   0.0180 
 20.   1.1633   90.3224   0.0129 
 21.  35.3560 2818.9267   0.0125 
 22.  -0.8497   67.7271  -0.0125 
 23.  -0.1485   33.1376  -0.0045 
 24.   0.2521   46.8741   0.0054 
 25.  -2.0251  203.7149  -0.0099 
 26.  -0.1973   10.7114  -0.0184 
 27.   0.6306   55.2615   0.0114 
 28.  -0.0859   19.5666  -0.0044 
 29.   0.5366   88.5828   0.0061 
 30.  -0.1607    5.7345  -0.0280 
 31.   0.0200    6.2220   0.0032 
 32.   0.1693    6.4488   0.0263 
 33.   0.1183    6.5621   0.0180 
 34.  -0.1257    5.4562  -0.0230 
 35.  -0.0633    5.2501  -0.0121 
 36.   0.0393    4.9019   0.0080 
 37.  -0.1377    5.1665  -0.0266 
 38.   0.0253    4.5922   0.0055 
 39.   0.0647    6.9748   0.0093 
 40.   0.0253    5.3477   0.0047 
 41.   0.0680    6.3281   0.0107 
 42.  -0.0537    4.0774  -0.0132 
 43.   0.1113    3.9533   0.0282 
 44.   0.2737    6.1419   0.0446 
 45.   0.0443    4.2519   0.0104 
 46.  -0.1213    3.9897  -0.0304 
 47.  -0.0437    4.2296  -0.0103 
 48.  -0.1130   23.8956  -0.0047 
 49.   2.3044   96.3383   0.0239 
 50.   2.6443  188.2239   0.0140 
 51.  12.0003  509.4743   0.0236 
 52.   0.3127   12.1636   0.0257 
 53.   0.0027    2.2040   0.0012 
 54.   0.3399    9.4577   0.0359 
 55.   9.5131  484.7751   0.0196 
 56.   0.0511    6.7071   0.0076 
 57.  -0.1619   15.8262  -0.0102 
 58.   0.0036    0.5017   0.0071 

Good convergence is indicated by the t-ratios being close to zero.

Overall maximum convergence ratio =  0.1548 .



@2
Estimation Results.
-------------------

Regular end of estimation algorithm.
Total of 3000 iteration steps.


@3
Estimates and standard errors
                             
Network Dynamics
 1. rate:  constant dv.net rate (period 1)                         0.0472  (   0.0223)
 2. rate:  constant dv.net rate (period 2)                         0.1389  (   0.0342)
 3. rate:  constant dv.net rate (period 3)                         0.4314  (   0.0831)
 4. rate:  constant dv.net rate (period 4)                         0.3485  (   0.0513)
 5. rate:  constant dv.net rate (period 5)                         0.3233  (   0.0596)
 6. rate:  constant dv.net rate (period 6)                         0.3194  (   0.0558)
 7. rate:  constant dv.net rate (period 7)                         0.3979  (   0.0644)
 8. rate:  constant dv.net rate (period 8)                         0.3093  (   0.0526)
 9. rate:  constant dv.net rate (period 9)                         0.3269  (   0.0544)
10. rate:  constant dv.net rate (period 10)                        0.2749  (   0.0489)
11. rate:  constant dv.net rate (period 11)                        0.3220  (   0.0536)
12. rate:  constant dv.net rate (period 12)                        0.4463  (   0.0661)
13. rate:  constant dv.net rate (period 13)                        0.3536  (   0.0560)
14. rate:  constant dv.net rate (period 14)                        0.3234  (   0.0513)
15. rate:  constant dv.net rate (period 15)                        0.2895  (   0.0492)
16. rate:  constant dv.net rate (period 16)                        0.5157  (   0.0666)
17. rate:  constant dv.net rate (period 17)                        0.3412  (   0.0517)
18. rate:  constant dv.net rate (period 18)                        0.3965  (   0.0553)
19. eval:  degree (density)                                       -5.5318  (   0.2203)
20. eval:  transitive triads                                       0.1572  (   0.0512)
21. eval:  degree act+pop                                          0.0572  (   0.0051)
22. eval:  nets.lndistance_d                                      -0.8546  (   0.0698)
23. eval:  nets.ATOP_d                                             1.0961  (   0.1346)
24. eval:  nets.absidealdiff_d                                    -0.6046  (   0.0708)
25. eval:  nets.lntrade_d                                          0.0714  (   0.0298)
26. eval:  nets.NATO_d                                            -3.3720  (   0.3461)
27. eval:  milex.beh alter                                        -0.0567  (   0.0573)
28. eval:  beh.democracy_1 alter                                   1.4529  (   0.2397)
29. eval:  beh.lncinc_1 alter                                      0.7970  (   0.0662)
Behavior Dynamics

30. rate:  rate milex.beh (period 1)                               0.9319  (   0.1814)
31. rate:  rate milex.beh (period 2)                               1.3030  (   0.2493)
32. rate:  rate milex.beh (period 3)                               1.3565  (   0.2479)
33. rate:  rate milex.beh (period 4)                               1.1874  (   0.2082)
34. rate:  rate milex.beh (period 5)                               0.6937  (   0.1287)
35. rate:  rate milex.beh (period 6)                               0.5667  (   0.1134)
36. rate:  rate milex.beh (period 7)                               0.4755  (   0.1048)
37. rate:  rate milex.beh (period 8)                               0.5216  (   0.1016)
38. rate:  rate milex.beh (period 9)                               0.3751  (   0.0828)
39. rate:  rate milex.beh (period 10)                              1.7195  (   0.3448)
40. rate:  rate milex.beh (period 11)                              0.5863  (   0.1198)
41. rate:  rate milex.beh (period 12)                              1.3256  (   0.2676)
42. rate:  rate milex.beh (period 13)                              0.3229  (   0.0777)
43. rate:  rate milex.beh (period 14)                              0.2974  (   0.0741)
44. rate:  rate milex.beh (period 15)                              1.0852  (   0.2054)
45. rate:  rate milex.beh (period 16)                              0.4083  (   0.1063)
46. rate:  rate milex.beh (period 17)                              0.3554  (   0.0987)
47. rate:  rate milex.beh (period 18)                              0.4065  (   0.0982)
48. eval:  milex.beh linear shape                                 -1.1722  (   0.0776)
49. eval:  milex.beh quadratic shape                              -0.0274  (   0.0239)
50. eval:  milex.beh degree                                        0.0893  (   0.0236)
51. eval:  milex.beh dense triads                                 -0.0208  (   0.0073)
52. eval:  milex.beh: effect from beh.democracy_1                 -0.4483  (   0.1321)
53. eval:  milex.beh: effect from beh.GDPgrowth_1                 -2.2277  (   0.8871)
54. eval:  milex.beh: effect from beh.nato_1                       0.8732  (   0.1600)
55. eval:  milex.beh: effect from beh.allies_1                    -0.0110  (   0.0035)
56. eval:  milex.beh: effect from beh.military_1                   0.2596  (   0.1888)
57. eval:  milex.beh: effect from beh.lnmids_1                     0.1351  (   0.0910)
58. eval:  milex.beh: effect from beh.milexSpLag_1                 7.1303  (   2.7931)


@3
Covariance matrices
                   
Covariance matrix of estimates (correlations below diagonal):
     0.000      0.000      0.000      0.000      0.000      0.000      0.000      0.000      0.000      0.000      0.000      0.000      0.000      0.000      0.000      0.000      0.000      0.000      0.000      0.000      0.000      0.000      0.000      0.000      0.000      0.000      0.000      0.000      0.000      0.000      0.000      0.000      0.000      0.000      0.000      0.000      0.000      0.000      0.000      0.000      0.000      0.000      0.000      0.000      0.000      0.000      0.000      0.000      0.000      0.000      0.000      0.000      0.000      0.000      0.000      0.000      0.000     -0.001
    -0.019      0.001      0.000      0.000      0.000      0.000      0.000      0.000      0.000      0.000      0.000      0.000      0.000      0.000      0.000      0.000      0.000      0.000      0.000      0.000      0.000      0.000      0.000      0.000      0.000      0.000      0.000      0.000      0.000      0.000     -0.001      0.000      0.000      0.000      0.000      0.000      0.000      0.000      0.000      0.000      0.000      0.000      0.000      0.000      0.000      0.000      0.000      0.000      0.000      0.000      0.000      0.000      0.000      0.000      0.000      0.000      0.000     -0.002
     0.030     -0.001      0.007      0.000      0.000      0.000      0.000      0.000      0.000      0.000      0.000      0.000      0.000      0.000      0.000      0.000      0.000      0.000     -0.001      0.000      0.000      0.001      0.000      0.000      0.000      0.002      0.000     -0.002     -0.001     -0.001      0.000      0.000      0.000      0.000      0.000      0.000      0.000      0.000      0.000      0.000      0.000      0.000      0.000      0.000      0.000      0.000      0.000      0.000      0.000      0.000      0.000      0.000     -0.001      0.000      0.000      0.000      0.000      0.002
     0.025     -0.005      0.047      0.003      0.000      0.000      0.000      0.000      0.000      0.000      0.000      0.000      0.000      0.000      0.000      0.000      0.000      0.000     -0.001      0.000      0.000      0.000      0.000      0.000      0.000      0.000      0.000     -0.001      0.000      0.000      0.000      0.000      0.000      0.000      0.000      0.000      0.000      0.000      0.000      0.000      0.000      0.000      0.000      0.000      0.000      0.000      0.000      0.000      0.000      0.000      0.000      0.000      0.000      0.000      0.000      0.000      0.000      0.001
     0.027     -0.009      0.028      0.039      0.004      0.000      0.000      0.000      0.000      0.000      0.000      0.000      0.000      0.000      0.000      0.000      0.000      0.000      0.000      0.000      0.000      0.000      0.000      0.000      0.000      0.001      0.000     -0.001      0.000      0.000      0.000      0.000      0.000      0.000      0.000      0.000      0.000      0.000      0.000      0.000      0.000      0.000      0.000      0.000      0.000      0.000      0.000      0.000      0.000      0.000      0.000      0.000     -0.001      0.000      0.000     -0.001      0.000     -0.002
     0.016      0.010      0.031      0.017      0.016      0.003      0.000      0.000      0.000      0.000      0.000      0.000      0.000      0.000      0.000      0.000      0.000      0.000      0.000      0.000      0.000      0.000      0.000      0.000      0.000      0.000      0.000     -0.001      0.000      0.000      0.000      0.000      0.000      0.000      0.000      0.000      0.000      0.000      0.000      0.000      0.000      0.000      0.000      0.000      0.000      0.000      0.000      0.000      0.000      0.000      0.000      0.000      0.001      0.000      0.000      0.000      0.000      0.000
    -0.009      0.033      0.070      0.038      0.033      0.052      0.004      0.000      0.000      0.000      0.000      0.000      0.000      0.000      0.000      0.000      0.000      0.000     -0.001      0.000      0.000      0.000      0.000      0.000      0.000      0.000      0.000     -0.002      0.000      0.000      0.000      0.000      0.001      0.000      0.000      0.000      0.000      0.000      0.001      0.000      0.000      0.000      0.000      0.000      0.000      0.000      0.000      0.000      0.000      0.000      0.000      0.000      0.001      0.000      0.000      0.000      0.000      0.001
    -0.008      0.003      0.032      0.055     -0.001      0.020      0.009      0.003      0.000      0.000      0.000      0.000      0.000      0.000      0.000      0.000      0.000      0.000      0.000      0.000      0.000      0.000      0.000      0.000      0.000      0.000      0.000     -0.001      0.000      0.000      0.000      0.000      0.000      0.000      0.000      0.000      0.000      0.000      0.000      0.000      0.000      0.000      0.000      0.000      0.000      0.000      0.000      0.000      0.000      0.000      0.000      0.000      0.001      0.000      0.000      0.000      0.000     -0.001
     0.009     -0.002      0.028     -0.011      0.020      0.034      0.006      0.028      0.003      0.000      0.000      0.000      0.000      0.000      0.000      0.000      0.000      0.000      0.000      0.000      0.000      0.000      0.000      0.000      0.000      0.000      0.000      0.000      0.000      0.000      0.000      0.000      0.000      0.000      0.000      0.000      0.000      0.000      0.000      0.000      0.000      0.000      0.000      0.000      0.000      0.000      0.000      0.000      0.000      0.000      0.000      0.000      0.000      0.000      0.000      0.000      0.000      0.003
    -0.013      0.004      0.027      0.024      0.016      0.013      0.033      0.010      0.008      0.002      0.000      0.000      0.000      0.000      0.000      0.000      0.000      0.000      0.000      0.000      0.000      0.000      0.000      0.000      0.000      0.001      0.000     -0.001      0.000      0.000      0.000      0.000      0.000      0.000      0.000      0.000      0.000      0.000     -0.001      0.000      0.000      0.000      0.000      0.000      0.000      0.000      0.000      0.000      0.000      0.000      0.000      0.000      0.002      0.000      0.000      0.000      0.000      0.001
    -0.009      0.018      0.026      0.029      0.015     -0.003      0.008      0.009      0.027     -0.015      0.003      0.000      0.000      0.000      0.000      0.000      0.000      0.000      0.000      0.000      0.000      0.000      0.000      0.000      0.000      0.000      0.000     -0.001      0.000      0.000      0.000      0.001      0.000      0.000      0.000      0.000      0.000      0.000      0.000      0.000      0.000      0.000      0.000      0.000      0.000      0.000      0.000      0.000      0.000      0.000      0.000      0.000      0.000      0.000      0.000      0.000      0.000     -0.004
     0.010      0.014      0.043      0.009      0.032     -0.012     -0.001      0.006      0.002      0.006      0.008      0.004      0.000      0.000      0.000      0.000      0.000      0.000      0.000      0.000      0.000      0.000      0.000      0.000      0.000      0.000      0.000     -0.001      0.000      0.000      0.000      0.000      0.000      0.000      0.000      0.000      0.000      0.000      0.000      0.000      0.000      0.000      0.000      0.000      0.000      0.000      0.000      0.000      0.000      0.000      0.000      0.000     -0.001      0.000      0.000      0.000      0.000     -0.003
    -0.009      0.024     -0.002     -0.013      0.031      0.030      0.043     -0.006     -0.013     -0.012     -0.014      0.005      0.003      0.000      0.000      0.000      0.000      0.000      0.000      0.000      0.000      0.000      0.000      0.000      0.000      0.000      0.000     -0.001      0.000      0.000      0.000      0.000      0.000      0.000      0.000      0.000      0.000      0.000      0.000      0.000      0.000      0.000      0.000      0.000      0.000      0.000      0.000      0.000      0.000      0.000      0.000      0.000     -0.001      0.000      0.000      0.000      0.000      0.003
     0.018      0.027      0.023     -0.021      0.028      0.026      0.036     -0.013      0.023      0.005      0.011      0.007      0.028      0.003      0.000      0.000      0.000      0.000      0.000      0.000      0.000      0.000      0.000      0.000      0.000      0.000      0.000      0.000      0.000      0.000      0.000      0.000      0.000      0.000      0.000      0.000      0.000      0.000      0.000      0.000      0.000      0.000      0.000      0.000      0.000      0.000      0.000      0.000      0.000      0.000      0.000      0.000      0.000      0.000      0.000      0.000      0.000      0.005
     0.008      0.005      0.021      0.024      0.005     -0.030      0.012      0.015      0.017      0.020     -0.004      0.002     -0.002      0.000      0.002      0.000      0.000      0.000      0.000      0.000      0.000      0.000      0.000      0.000      0.000      0.001      0.000      0.000      0.000      0.000      0.000      0.000      0.000      0.000      0.000      0.000      0.000      0.000      0.000      0.000      0.000      0.000      0.000      0.000      0.000      0.000      0.000      0.000      0.000      0.000      0.000      0.000      0.001      0.000      0.000      0.000      0.000      0.004
    -0.024      0.008      0.003     -0.023     -0.021     -0.022     -0.016     -0.037      0.034      0.029     -0.037     -0.002      0.015      0.002     -0.025      0.004      0.000      0.000      0.000      0.000      0.000      0.000     -0.001      0.000      0.000      0.001      0.000     -0.001      0.000      0.000      0.000      0.000      0.000      0.000      0.000      0.000      0.000      0.000      0.000      0.000      0.000      0.000      0.000      0.000      0.000      0.000      0.000      0.000      0.000      0.000      0.000      0.000     -0.001      0.000      0.000      0.000      0.000      0.000
    -0.050      0.039      0.003      0.000     -0.004     -0.017      0.013     -0.016      0.019      0.011     -0.020     -0.023      0.024     -0.017     -0.008      0.006      0.003      0.000      0.000      0.000      0.000      0.000      0.000      0.000      0.000      0.000      0.000      0.000      0.000      0.000      0.000      0.000      0.000      0.000      0.000      0.000      0.000      0.000      0.000      0.000      0.000      0.000      0.000      0.000      0.000      0.000      0.000      0.000      0.000      0.000      0.000      0.000      0.000      0.000      0.000      0.000      0.000      0.003
     0.033      0.016      0.026      0.007      0.008     -0.028      0.013     -0.021      0.006     -0.001      0.015      0.003     -0.013     -0.023     -0.014     -0.017     -0.001      0.003      0.000      0.000      0.000      0.000      0.000      0.000      0.000      0.001      0.000      0.000      0.000      0.001      0.000      0.000      0.000      0.000      0.000      0.000      0.000      0.000      0.001      0.000      0.000      0.000      0.000      0.000      0.000      0.000      0.000      0.000      0.000      0.000      0.000      0.000     -0.001      0.000      0.000      0.000      0.000      0.000
    -0.068     -0.065     -0.057     -0.094      0.006     -0.009     -0.045     -0.009     -0.013      0.002     -0.001     -0.003      0.017     -0.023      0.025      0.015      0.012      0.015      0.049     -0.004      0.000      0.006     -0.007      0.006      0.000      0.025      0.001     -0.020     -0.008      0.001     -0.001      0.003     -0.001      0.000      0.000      0.000      0.000     -0.001     -0.005     -0.001     -0.001      0.000      0.000      0.001      0.000      0.000     -0.001      0.000      0.000      0.000      0.000      0.000     -0.001     -0.001      0.000      0.001      0.000      0.010
     0.028      0.008     -0.066      0.021     -0.006     -0.022     -0.012      0.020      0.003      0.007     -0.018     -0.024     -0.005      0.007     -0.035     -0.035      0.011      0.023     -0.312      0.003      0.000     -0.001      0.000     -0.001      0.000     -0.008      0.000      0.004      0.001      0.000      0.000      0.000      0.000      0.000      0.000      0.000      0.000      0.000      0.001      0.000      0.000      0.000      0.000      0.000      0.000      0.000      0.000      0.000      0.000      0.000      0.000      0.000      0.001      0.000      0.000      0.000      0.000     -0.001
     0.013      0.053      0.158      0.088      0.052      0.045      0.081      0.021      0.016      0.021      0.031      0.047      0.004     -0.002      0.001      0.017      0.006     -0.057     -0.297     -0.511      0.000      0.000      0.000      0.000      0.000      0.000      0.000      0.000      0.000      0.000      0.000      0.000      0.000      0.000      0.000      0.000      0.000      0.000      0.000      0.000      0.000      0.000      0.000      0.000      0.000      0.000      0.000      0.000      0.000      0.000      0.000      0.000      0.000      0.000      0.000      0.000      0.000      0.000
     0.005      0.032      0.112      0.032      0.062      0.081      0.072      0.030      0.016      0.036      0.058      0.051      0.026      0.040      0.039      0.009      0.029     -0.025      0.394     -0.229      0.112      0.005      0.001      0.000      0.001      0.003      0.000     -0.004     -0.003      0.000     -0.001      0.000      0.000      0.000      0.000      0.000      0.000      0.000      0.000      0.000      0.000      0.000      0.000      0.000      0.000      0.000      0.000      0.000      0.000      0.000      0.000      0.000      0.000      0.000      0.000      0.000      0.000      0.004
     0.001      0.014     -0.043     -0.042     -0.046     -0.039     -0.033     -0.034     -0.010     -0.042     -0.028     -0.038     -0.035     -0.026      0.001     -0.056     -0.025     -0.043     -0.235      0.012     -0.026      0.158      0.018      0.001     -0.001     -0.007     -0.001      0.010      0.002      0.001     -0.001     -0.001      0.000      0.000      0.000      0.000      0.000      0.000      0.001      0.000      0.001      0.000      0.000     -0.001      0.000      0.000      0.000      0.000      0.000      0.000      0.000      0.000      0.003      0.000      0.000      0.000      0.000     -0.004
    -0.018      0.020      0.045     -0.001      0.041     -0.012      0.020      0.000     -0.008      0.003      0.031      0.015      0.019     -0.034      0.014      0.017      0.030      0.016      0.358     -0.177     -0.005      0.099      0.067      0.005      0.000      0.007     -0.001     -0.006     -0.001      0.000      0.000      0.001      0.000      0.000      0.000      0.000      0.000      0.000      0.000      0.000      0.000      0.000      0.000      0.000      0.000      0.000      0.000      0.000      0.000      0.000      0.000      0.000     -0.001      0.000      0.000      0.000      0.000      0.005
     0.019      0.074      0.118      0.077      0.065      0.076      0.106      0.043      0.032      0.028      0.048      0.073      0.031      0.026      0.013      0.031      0.017     -0.013     -0.010     -0.141      0.220      0.432     -0.203     -0.112      0.001     -0.001      0.000     -0.001     -0.001      0.000      0.000      0.000      0.000      0.000      0.000      0.000      0.000      0.000      0.000      0.000      0.000      0.000      0.000      0.000      0.000      0.000      0.000      0.000      0.000      0.000      0.000      0.000      0.000      0.000      0.000      0.000      0.000     -0.001
    -0.008     -0.004      0.070      0.001      0.041      0.024     -0.002      0.003      0.015      0.061      0.015      0.005      0.013      0.021      0.045      0.030      0.017      0.028      0.324     -0.440      0.043      0.131     -0.156      0.295     -0.108      0.120     -0.003     -0.030     -0.004      0.001      0.003      0.006     -0.001     -0.001     -0.001      0.000      0.000      0.000     -0.005     -0.001     -0.002      0.000      0.000      0.000     -0.001      0.000     -0.002      0.001      0.000      0.000      0.000     -0.001      0.003      0.000      0.000      0.000     -0.001      0.037
     0.005     -0.008     -0.038     -0.019     -0.005     -0.032     -0.073     -0.005      0.008      0.011      0.007      0.017      0.001      0.022      0.008     -0.013     -0.012      0.026      0.110      0.147     -0.208     -0.022     -0.165     -0.366      0.066     -0.129      0.003      0.003      0.000      0.000      0.000      0.000      0.000      0.000      0.000      0.000      0.000      0.000      0.000      0.000      0.000      0.000      0.000      0.000      0.000      0.000      0.000      0.000      0.000      0.000      0.000      0.000      0.000      0.000      0.000      0.000      0.000     -0.001
     0.023     -0.027     -0.103     -0.049     -0.078     -0.070     -0.098     -0.050     -0.022     -0.055     -0.076     -0.067     -0.062     -0.003     -0.005     -0.032     -0.038      0.004     -0.384      0.341     -0.307     -0.239      0.304     -0.345     -0.141     -0.358      0.194      0.057      0.005      0.001      0.000     -0.001      0.000      0.000      0.000      0.001      0.001      0.000      0.007      0.001      0.003      0.000      0.000     -0.002      0.000     -0.001      0.001      0.000      0.000      0.000      0.000      0.000      0.003      0.001      0.000     -0.001      0.001     -0.011
     0.015     -0.042     -0.144     -0.054     -0.116     -0.071     -0.069     -0.039     -0.024     -0.040     -0.041     -0.072     -0.046     -0.014     -0.049     -0.055     -0.039     -0.003     -0.540      0.383     -0.279     -0.606      0.207     -0.263     -0.569     -0.165     -0.130      0.320      0.004      0.000      0.000     -0.001      0.000      0.000      0.000      0.000      0.000      0.000      0.001      0.000      0.001      0.000      0.000      0.000      0.000      0.000      0.000      0.000      0.000      0.000      0.000      0.000      0.002      0.000      0.000      0.000      0.000     -0.004
     0.040      0.026     -0.043     -0.026     -0.022      0.005     -0.023     -0.020      0.032     -0.027      0.011      0.010     -0.004      0.022      0.032     -0.012      0.016      0.051      0.022      0.009     -0.026     -0.013      0.021      0.004     -0.034      0.010      0.025      0.013      0.022      0.033      0.000      0.000      0.000      0.000      0.001      0.000      0.000      0.000     -0.001      0.000      0.001      0.000      0.000      0.000     -0.001     -0.001      0.000      0.000      0.000      0.000      0.000      0.001      0.001     -0.001      0.000      0.001      0.000      0.015
     0.018     -0.063      0.004      0.032      0.009     -0.002      0.011     -0.007      0.024      0.022     -0.002      0.015     -0.024      0.022      0.010      0.008      0.027      0.011     -0.016      0.013     -0.004     -0.032     -0.018      0.001     -0.032      0.032      0.030     -0.001      0.026     -0.002      0.062      0.002      0.002      0.000      0.000      0.000      0.000      0.000      0.000      0.000      0.000      0.000      0.000      0.000     -0.001     -0.001      0.000      0.000      0.001      0.000      0.000      0.003     -0.004     -0.002      0.000      0.001      0.000      0.004
    -0.015      0.000     -0.004     -0.031      0.003     -0.004      0.011      0.018      0.007     -0.019      0.042      0.006      0.005      0.009     -0.015      0.021      0.002     -0.006      0.061     -0.039     -0.023     -0.004     -0.035      0.038      0.017      0.071      0.016     -0.024     -0.038      0.009      0.026      0.061      0.001      0.001      0.000      0.000      0.000      0.000      0.001     -0.001      0.001      0.000      0.000      0.000     -0.001      0.000      0.000      0.001      0.000      0.000      0.000      0.002      0.008      0.000      0.000     -0.001      0.000      0.033
     0.006      0.035      0.011      0.008     -0.003      0.017      0.041     -0.009      0.019      0.025     -0.013     -0.017     -0.037      0.009      0.028      0.015      0.005      0.008     -0.021      0.024      0.009     -0.015     -0.013      0.023      0.016     -0.017     -0.003     -0.007      0.002     -0.012      0.035      0.019      0.043      0.000      0.001      0.000      0.000      0.000      0.000      0.001     -0.001      0.000      0.000      0.000      0.000      0.000      0.000     -0.001      0.001      0.000      0.000      0.001      0.014      0.000      0.000     -0.001      0.000      0.003
    -0.016     -0.019     -0.033      0.010     -0.055     -0.016      0.006     -0.018     -0.012      0.017     -0.023     -0.011     -0.032     -0.012      0.005      0.020      0.009      0.003     -0.013      0.021     -0.017     -0.028     -0.013     -0.013     -0.031     -0.015      0.002      0.016      0.030      0.019      0.012      0.038     -0.003      0.017      0.000     -0.001      0.000      0.000      0.000      0.000      0.000      0.000      0.000      0.000      0.000      0.000      0.000      0.000      0.000      0.000      0.000      0.000      0.006      0.000      0.000      0.001      0.000      0.020
     0.034     -0.010     -0.011     -0.008     -0.006      0.008      0.018     -0.015     -0.005     -0.007     -0.012      0.009     -0.013      0.013      0.002     -0.021      0.009     -0.006     -0.004      0.029     -0.007      0.002      0.013      0.004     -0.036     -0.020     -0.013      0.004      0.028      0.052     -0.013     -0.004      0.032     -0.008      0.013      0.000      0.000      0.000      0.002      0.000      0.001      0.000      0.000      0.000      0.000      0.000      0.000      0.000      0.000      0.000      0.000      0.000      0.005      0.000      0.000     -0.001      0.000     -0.011
    -0.007     -0.024     -0.028     -0.028     -0.016     -0.012      0.000      0.019     -0.008     -0.008     -0.056     -0.008     -0.020     -0.013      0.042      0.027     -0.004      0.015      0.001      0.015     -0.035     -0.027     -0.004     -0.026      0.001     -0.013      0.016      0.026      0.004      0.013     -0.013     -0.006      0.003     -0.038      0.014      0.011      0.000      0.000      0.000      0.000     -0.001      0.000      0.000      0.000      0.000      0.000      0.000      0.000      0.000      0.000      0.000      0.000     -0.001      0.000      0.000      0.000      0.000      0.006
     0.001      0.003      0.028     -0.030      0.005     -0.015     -0.007     -0.016      0.039     -0.002     -0.021      0.018      0.020      0.012      0.012     -0.005      0.020      0.000     -0.020      0.000      0.006     -0.013     -0.005     -0.017      0.005     -0.009      0.031      0.025      0.007     -0.019      0.012      0.003      0.003      0.005     -0.011      0.008      0.010      0.000      0.000      0.000      0.001      0.000      0.000      0.000      0.000      0.000      0.000      0.000      0.000      0.000      0.000      0.000      0.000      0.000      0.000      0.001      0.000     -0.002
     0.014     -0.010     -0.004      0.012      0.033      0.005      0.010      0.050      0.020      0.020     -0.008      0.007     -0.014     -0.018     -0.022     -0.004      0.019     -0.013     -0.043      0.010     -0.020     -0.029      0.027     -0.012     -0.013     -0.006      0.003      0.011      0.053     -0.005     -0.001      0.003     -0.003     -0.003      0.006     -0.003     -0.002      0.007      0.000      0.000      0.000      0.000      0.000      0.000      0.000      0.000      0.000      0.000      0.000      0.000      0.000      0.000      0.003      0.000      0.000     -0.001      0.000     -0.002
     0.040      0.002      0.004     -0.016     -0.017     -0.004      0.026     -0.013     -0.002     -0.084      0.000      0.021     -0.009      0.004      0.026     -0.015     -0.010      0.045     -0.061      0.035     -0.012     -0.003      0.031      0.006      0.008     -0.040     -0.010      0.079      0.024     -0.010      0.002      0.008      0.004     -0.002      0.043      0.001      0.006      0.007      0.119      0.001      0.001      0.001      0.000     -0.001     -0.001      0.000      0.000      0.001      0.000      0.000      0.000     -0.002     -0.001      0.000      0.000      0.001      0.001     -0.010
     0.022      0.000     -0.009     -0.007     -0.010      0.010      0.005     -0.009     -0.013     -0.007     -0.062      0.002      0.009     -0.019     -0.016     -0.007      0.012     -0.010     -0.031      0.016     -0.007     -0.012      0.009     -0.017     -0.010     -0.028      0.005      0.034      0.032     -0.008     -0.011     -0.019      0.050      0.022     -0.010      0.019     -0.012      0.007      0.033      0.014      0.000      0.000      0.000      0.001      0.000      0.000      0.000      0.000      0.000      0.000      0.000      0.000      0.003      0.000      0.000      0.001      0.000      0.011
     0.002     -0.009     -0.016      0.016      0.009      0.002      0.005     -0.008      0.005     -0.003     -0.030      0.006      0.025     -0.010      0.025      0.006     -0.008     -0.002     -0.019      0.036     -0.049     -0.018      0.041     -0.021     -0.012     -0.025      0.012      0.043      0.045      0.029      0.000      0.016     -0.011      0.005      0.019     -0.019      0.020      0.020      0.008      0.004      0.072      0.000      0.000     -0.002      0.000     -0.001      0.000      0.000      0.000      0.000      0.000     -0.001      0.010     -0.002      0.000      0.000     -0.001      0.012
     0.010     -0.004      0.021     -0.019     -0.016     -0.035     -0.037     -0.024     -0.016     -0.026     -0.022     -0.017     -0.039     -0.014      0.015      0.012     -0.002      0.018      0.010     -0.035      0.005     -0.011      0.019      0.038     -0.007      0.014     -0.021      0.010      0.015      0.013     -0.013      0.020     -0.002      0.009     -0.001      0.012      0.025     -0.002      0.026      0.010     -0.009      0.006      0.000      0.000      0.000      0.000      0.000      0.000      0.000      0.000      0.000      0.000     -0.002      0.000      0.000      0.000      0.000      0.003
     0.000      0.052      0.000     -0.011     -0.026     -0.010      0.006      0.015      0.018      0.001     -0.004      0.009     -0.012     -0.013      0.008      0.019      0.010     -0.031     -0.015      0.031     -0.008     -0.008      0.010     -0.007      0.010      0.003      0.008      0.004      0.021      0.005     -0.005      0.023      0.007      0.014     -0.010     -0.011      0.028     -0.010     -0.015      0.034      0.001     -0.011      0.005      0.000      0.000      0.000      0.000      0.000      0.000      0.000      0.000      0.000      0.000      0.001      0.000      0.000      0.000      0.003
     0.020      0.001      0.000      0.014     -0.004      0.014      0.025     -0.005     -0.030     -0.032      0.003      0.006      0.012     -0.008     -0.044     -0.019     -0.013      0.013      0.011      0.038     -0.004      0.003     -0.019      0.030     -0.009     -0.001     -0.009     -0.047      0.003      0.013      0.001     -0.009     -0.009      0.009     -0.005      0.010     -0.003     -0.001     -0.008      0.025     -0.027     -0.011     -0.014      0.042      0.000      0.000      0.000     -0.001      0.000      0.000      0.000     -0.002      0.003      0.000      0.000      0.001      0.000     -0.003
     0.015      0.004      0.008      0.013     -0.011     -0.017      0.017      0.004      0.026     -0.007     -0.004      0.029     -0.010      0.019      0.004     -0.004     -0.001     -0.001     -0.006      0.005     -0.005      0.025      0.000     -0.033      0.022     -0.016      0.013      0.017      0.001     -0.037     -0.022     -0.025      0.015     -0.004     -0.024      0.026     -0.017     -0.018     -0.015     -0.018      0.000     -0.015     -0.002     -0.009      0.011      0.000      0.000     -0.001      0.000      0.000      0.000      0.000     -0.004      0.001      0.000      0.000      0.000      0.001
    -0.014     -0.027      0.021      0.021      0.009      0.005      0.007      0.010      0.011     -0.013      0.017     -0.016     -0.011     -0.042     -0.014      0.019     -0.076     -0.013     -0.003     -0.028      0.046      0.027     -0.019     -0.003      0.040      0.008     -0.015     -0.032     -0.035     -0.037     -0.031      0.010     -0.018     -0.017      0.010      0.015     -0.026     -0.010     -0.009      0.012     -0.020      0.021      0.006      0.022      0.019      0.010      0.000      0.000      0.000      0.000      0.000      0.000     -0.001      0.001      0.000      0.000      0.000     -0.010
     0.017      0.014      0.006     -0.004      0.020      0.013      0.024     -0.006     -0.006      0.007     -0.009      0.002     -0.005      0.021     -0.035      0.027     -0.017     -0.036     -0.030      0.033     -0.002      0.009     -0.009     -0.018      0.034     -0.053     -0.009      0.022     -0.008     -0.023      0.013     -0.010     -0.002     -0.007     -0.022     -0.001     -0.012      0.001      0.009     -0.010      0.015      0.001      0.014     -0.017     -0.018      0.011      0.010      0.000      0.000      0.000      0.000      0.000     -0.003      0.001      0.000      0.000      0.000      0.006
     0.016      0.009     -0.011     -0.007      0.011      0.009     -0.018     -0.001     -0.016      0.008      0.014      0.038      0.034      0.023      0.008     -0.008     -0.038     -0.002      0.013     -0.009     -0.010      0.012     -0.017     -0.008      0.030      0.019      0.013     -0.013     -0.025      0.005     -0.006      0.062     -0.056     -0.045     -0.035     -0.024     -0.006     -0.005      0.021     -0.006     -0.018     -0.063     -0.022     -0.044     -0.074     -0.052     -0.042      0.006      0.000     -0.001      0.000      0.002      0.013     -0.002      0.000     -0.001      0.001     -0.020
    -0.003      0.002      0.014      0.033      0.005      0.006      0.023      0.024      0.010      0.003     -0.001     -0.014      0.015      0.004      0.017     -0.006     -0.028     -0.003     -0.007      0.029     -0.005     -0.011     -0.012     -0.008     -0.035     -0.011      0.004      0.005      0.014      0.103      0.123      0.067      0.133      0.047      0.101      0.038      0.047      0.020      0.030      0.033      0.067      0.005      0.019      0.044     -0.002      0.007      0.000     -0.112      0.001      0.000      0.000      0.001      0.005      0.000      0.000      0.000      0.000     -0.023
    -0.010     -0.014      0.017     -0.014      0.018     -0.020      0.008      0.010      0.008     -0.013      0.007     -0.036     -0.006      0.000     -0.006      0.006      0.014      0.011      0.005     -0.004      0.013      0.005      0.019      0.022     -0.013      0.014      0.003     -0.008      0.001     -0.052     -0.031     -0.039     -0.034     -0.013     -0.033     -0.014     -0.007     -0.015     -0.022      0.011      0.012      0.034     -0.029      0.016      0.050      0.037      0.011     -0.584     -0.165      0.001      0.000     -0.001     -0.002      0.000      0.000      0.000     -0.001      0.007
     0.008      0.009     -0.011      0.012     -0.011      0.010     -0.004     -0.014     -0.009      0.023      0.001      0.017      0.006     -0.004      0.004      0.000     -0.002     -0.012     -0.009      0.000     -0.009      0.002      0.000     -0.021      0.010     -0.032     -0.009      0.013      0.002      0.045      0.028      0.011      0.028      0.019      0.030      0.009      0.005      0.006     -0.005     -0.023     -0.013     -0.021      0.025     -0.003     -0.067     -0.029     -0.013      0.393      0.150     -0.905      0.000      0.000      0.000      0.000      0.000      0.000      0.000     -0.001
    -0.016      0.001     -0.023     -0.019     -0.021     -0.008      0.000      0.033      0.008      0.017     -0.023     -0.011      0.029      0.022      0.035      0.014     -0.007      0.005      0.015      0.038     -0.050      0.011      0.015     -0.011     -0.024     -0.012      0.015      0.012      0.016      0.054      0.091      0.062      0.028      0.015      0.010     -0.011      0.009      0.018     -0.037     -0.015     -0.026     -0.021     -0.027     -0.057     -0.023     -0.025     -0.017      0.243      0.165     -0.210      0.161      0.017      0.004     -0.009      0.000      0.004      0.001      0.040
     0.013      0.010     -0.010     -0.006     -0.012      0.016      0.020      0.014     -0.006      0.036      0.006     -0.021     -0.012     -0.006      0.013     -0.014     -0.002     -0.013     -0.007      0.030     -0.025     -0.003      0.024     -0.022     -0.016      0.011     -0.002      0.016      0.031      0.003     -0.016      0.038      0.073      0.052      0.049     -0.010      0.002      0.035     -0.002      0.028      0.043     -0.024     -0.006      0.016     -0.037     -0.009     -0.032      0.193      0.223     -0.111      0.065      0.038      0.787      0.001      0.000     -0.016     -0.001     -0.269
     0.017      0.012      0.031      0.017     -0.005      0.000     -0.030     -0.012     -0.027     -0.017     -0.016      0.003     -0.027     -0.021     -0.011      0.016      0.028      0.000     -0.035     -0.001      0.019     -0.021     -0.016     -0.009     -0.010     -0.007     -0.008      0.025      0.017     -0.038     -0.057     -0.007      0.002      0.019      0.014      0.001      0.023      0.021      0.004     -0.007     -0.049     -0.002      0.047      0.004      0.060      0.044      0.034     -0.143     -0.026     -0.092      0.031     -0.420      0.007      0.026      0.000      0.000     -0.002     -0.023
     0.022     -0.004     -0.028      0.022     -0.024      0.012     -0.023     -0.003      0.021      0.032      0.020      0.020      0.000      0.003     -0.022     -0.015     -0.018     -0.005      0.015     -0.005     -0.006     -0.012     -0.001     -0.004     -0.006      0.020      0.023     -0.019      0.001      0.048      0.049      0.046      0.053      0.021     -0.018     -0.014     -0.007     -0.019     -0.013      0.027      0.016     -0.030      0.000     -0.004     -0.064     -0.075     -0.036      0.427      0.057     -0.380      0.237      0.016      0.066     -0.320      0.000      0.000      0.000      0.000
    -0.002     -0.037      0.014      0.013     -0.048     -0.004     -0.010      0.013      0.007     -0.012     -0.008     -0.018     -0.016      0.008     -0.017      0.021      0.041      0.033      0.023      0.007     -0.024      0.003      0.008      0.007     -0.027     -0.002      0.005     -0.014      0.027      0.018      0.024     -0.012     -0.028      0.044     -0.037      0.018      0.045     -0.034      0.016      0.032      0.007      0.018      0.003      0.015     -0.005     -0.001      0.005     -0.066     -0.064      0.046     -0.032      0.166     -0.095     -0.010      0.050      0.036     -0.001      0.050
     0.005      0.014     -0.019     -0.012     -0.025      0.005     -0.006     -0.026      0.018      0.015     -0.022      0.022      0.008     -0.033     -0.005     -0.011      0.006     -0.001     -0.017      0.022     -0.021     -0.008      0.005     -0.026      0.010     -0.034      0.002      0.036      0.033      0.016     -0.005      0.018      0.007      0.022      0.016      0.014     -0.001      0.016      0.020     -0.018     -0.022      0.006      0.026      0.004     -0.043      0.009      0.041      0.111     -0.216     -0.242      0.188      0.092     -0.010     -0.128      0.026     -0.032      0.008     -0.017
    -0.017     -0.023      0.006      0.006     -0.013      0.000      0.007     -0.008      0.017      0.009     -0.027     -0.018      0.019      0.034      0.031     -0.002      0.022     -0.003      0.017     -0.004     -0.009      0.021     -0.011      0.025     -0.007      0.039     -0.008     -0.017     -0.020      0.030      0.005      0.048      0.005      0.054     -0.035      0.021     -0.006     -0.007     -0.011      0.032      0.016      0.014      0.013     -0.006      0.002     -0.038      0.022     -0.093     -0.337      0.101     -0.068      0.107     -0.108     -0.051     -0.004      0.094     -0.069      7.802

Derivative matrix of expected statistics X by parameters and
covariance/correlation matrix of X can be found using
summary(ans) within R, or by using the 'verbose' option in Siena07.
 
Total computation time 785.95 seconds.
