

-----------------------------------
New Analysis started.
Date and time: 21/09/2026 14:57:23
New results follow.
-----------------------------------

RSiena version 1.3.10 (28 Apr 22)


@1
Estimation by stochastic approximation algorithm.
=================================================

Current random number seed is 2009305.
Effects object used: bound$effects 
Model Type:
 Initiative model
Behavioral Model Type:
 Standard behavior actor-oriented model ('restrict')
Estimation method: unconditional moment estimation
.

Time duration for simulations in each period is 1.0.
Changing composition.
Joiners/leavers option: 1
Standard errors are estimated with the likelihood ratio method.
Dolby method (regression on scores) is used.
Initial value of gain parameter is  0.2000000.
Reduction factor for gain parameter is  0.5000000.
Number of subphases in Phase 2 is 0.

Initial parameter values are 
  1. rate:  constant dv.net rate (period 1)                 0.0471
  2. rate:  constant dv.net rate (period 2)                 0.1395
  3. rate:  constant dv.net rate (period 3)                 0.4297
  4. rate:  constant dv.net rate (period 4)                 0.3478
  5. rate:  constant dv.net rate (period 5)                 0.3234
  6. rate:  constant dv.net rate (period 6)                 0.3183
  7. rate:  constant dv.net rate (period 7)                 0.3978
  8. rate:  constant dv.net rate (period 8)                 0.3086
  9. rate:  constant dv.net rate (period 9)                 0.3269
 10. rate:  constant dv.net rate (period 10)                0.2745
 11. rate:  constant dv.net rate (period 11)                0.3228
 12. rate:  constant dv.net rate (period 12)                0.4464
 13. rate:  constant dv.net rate (period 13)                0.3539
 14. rate:  constant dv.net rate (period 14)                0.3236
 15. rate:  constant dv.net rate (period 15)                0.2899
 16. rate:  constant dv.net rate (period 16)                0.5159
 17. rate:  constant dv.net rate (period 17)                0.3421
 18. rate:  constant dv.net rate (period 18)                0.3963
 19. eval:  degree (density)                               -5.5374
 20. eval:  transitive triads                               0.1584
 21. eval:  degree act+pop                                  0.0572
 22. eval:  nets.lndistance_d                              -0.8576
 23. eval:  nets.ATOP_d                                     1.0931
 24. eval:  nets.absidealdiff_d                            -0.6065
 25. eval:  nets.lntrade_d                                  0.0709
 26. eval:  nets.NATO_d                                    -3.3897
 27. eval:  milex.beh alter                                -0.0559
 28. eval:  beh.democracy_1 alter                           1.4516
 29. eval:  beh.lncinc_1 alter                              0.7991
 30. rate:  rate milex.beh (period 1)                       0.9340
 31. rate:  rate milex.beh (period 2)                       1.2965
 32. rate:  rate milex.beh (period 3)                       1.3504
 33. rate:  rate milex.beh (period 4)                       1.1915
 34. rate:  rate milex.beh (period 5)                       0.6969
 35. rate:  rate milex.beh (period 6)                       0.5621
 36. rate:  rate milex.beh (period 7)                       0.4763
 37. rate:  rate milex.beh (period 8)                       0.5215
 38. rate:  rate milex.beh (period 9)                       0.3722
 39. rate:  rate milex.beh (period 10)                      1.7115
 40. rate:  rate milex.beh (period 11)                      0.5829
 41. rate:  rate milex.beh (period 12)                      1.3129
 42. rate:  rate milex.beh (period 13)                      0.3212
 43. rate:  rate milex.beh (period 14)                      0.2948
 44. rate:  rate milex.beh (period 15)                      1.0851
 45. rate:  rate milex.beh (period 16)                      0.4075
 46. rate:  rate milex.beh (period 17)                      0.3524
 47. rate:  rate milex.beh (period 18)                      0.4067
 48. eval:  milex.beh linear shape                         -1.1717
 49. eval:  milex.beh quadratic shape                      -0.0278
 50. eval:  milex.beh degree                                0.0887
 51. eval:  milex.beh dense triads                         -0.0207
 52. eval:  milex.beh: effect from beh.democracy_1         -0.4488
 53. eval:  milex.beh: effect from beh.GDPgrowth_1         -2.2396
 54. eval:  milex.beh: effect from beh.nato_1               0.8752
 55. eval:  milex.beh: effect from beh.allies_1            -0.0109
 56. eval:  milex.beh: effect from beh.military_1           0.2575
 57. eval:  milex.beh: effect from beh.lnmids_1             0.1371
 58. eval:  milex.beh: effect from beh.milexSpLag_1         7.1308


Observed values of target statistics are
  1. Amount of network change in period 1                                10.0000
  2. Amount of network change in period 2                                34.0000
  3. Amount of network change in period 3                                86.0000
  4. Amount of network change in period 4                                94.0000
  5. Amount of network change in period 5                                76.0000
  6. Amount of network change in period 6                                76.0000
  7. Amount of network change in period 7                                94.0000
  8. Amount of network change in period 8                                78.0000
  9. Amount of network change in period 9                                84.0000
 10. Amount of network change in period 10                               72.0000
 11. Amount of network change in period 11                               84.0000
 12. Amount of network change in period 12                              114.0000
 13. Amount of network change in period 13                               94.0000
 14. Amount of network change in period 14                               88.0000
 15. Amount of network change in period 15                               80.0000
 16. Amount of network change in period 16                              138.0000
 17. Amount of network change in period 17                               96.0000
 18. Amount of network change in period 18                              112.0000
 19. Number of edges                                                   5257.0000
 20. Number of transitive triads                                       7339.0000
 21. Sum of squared degrees                                            333172.0000
 22. Sum of ties x nets.lndistance_d                                   -10629.6066
 23. Sum of ties x nets.ATOP_d                                         5960.4379
 24. Sum of ties x nets.absidealdiff_d                                 -2858.5692
 25. Sum of ties x nets.lntrade_d                                      37643.5933
 26. Sum of ties x nets.NATO_d                                         1247.4871
 27. Sum of degrees x milex.beh                                        -136.5119
 28. Sum of degrees x beh.democracy_1                                  2911.8786
 29. Sum of degrees x beh.lncinc_1                                     13015.0208
 30. Amount of behavioral change in period 1 on milex.beh                41.0000
 31. Amount of behavioral change in period 2 on milex.beh                50.0000
 32. Amount of behavioral change in period 3 on milex.beh                57.0000
 33. Amount of behavioral change in period 4 on milex.beh                52.0000
 34. Amount of behavioral change in period 5 on milex.beh                37.0000
 35. Amount of behavioral change in period 6 on milex.beh                32.0000
 36. Amount of behavioral change in period 7 on milex.beh                28.0000
 37. Amount of behavioral change in period 8 on milex.beh                31.0000
 38. Amount of behavioral change in period 9 on milex.beh                24.0000
 39. Amount of behavioral change in period 10 on milex.beh               71.0000
 40. Amount of behavioral change in period 11 on milex.beh               34.0000
 41. Amount of behavioral change in period 12 on milex.beh               55.0000
 42. Amount of behavioral change in period 13 on milex.beh               18.0000
 43. Amount of behavioral change in period 14 on milex.beh               17.0000
 44. Amount of behavioral change in period 15 on milex.beh               48.0000
 45. Amount of behavioral change in period 16 on milex.beh               20.0000
 46. Amount of behavioral change in period 17 on milex.beh               18.0000
 47. Amount of behavioral change in period 18 on milex.beh               21.0000
 48. milex.beh centered sum                                             -69.2728
 49. milex.beh sum of cent. squares                                    5872.2362
 50. milex.beh outdegrees                                              -140.2801
 51. milex.beh dense triads                                            -2487.5508
 52. milex.beh x beh.democracy_1                                       -379.2596
 53. milex.beh x beh.GDPgrowth_1                                         -0.6794
 54. milex.beh x beh.nato_1                                              58.7026
 55. milex.beh x beh.allies_1                                          -4906.7851
 56. milex.beh x beh.military_1                                         125.8892
 57. milex.beh x beh.lnmids_1                                           583.7664
 58. milex.beh x beh.milexSpLag_1                                        23.9632

 58 parameters, 58 statistics

Number of subphases is specified as 0.
Therefore the estimation phase is skipped
 and the program passes on immediately to phase 3
 for checking the current parameter values and calculating standard errors.
Estimation of derivatives by the LR method (type 1).


@2
End of stochastic approximation algorithm, phase 3.
---------------------------------------------------

Total of 3000 iterations.
Parameter estimates based on 0 iterations,
convergence diagnostics, covariance and derivative matrices based on 3000 iterations.

Information for convergence diagnosis.
Averages, standard deviations, and t-ratios for deviations from targets:
  1.   0.0727    4.3229   0.0168 
  2.   0.2013    8.3922   0.0240 
  3.  -0.7387   12.1201  -0.0609 
  4.  -0.2707   13.6748  -0.0198 
  5.   0.2493   11.7357   0.0212 
  6.  -0.1833   11.6135  -0.0158 
  7.   0.0900   13.1991   0.0068 
  8.  -0.0553   12.0731  -0.0046 
  9.   0.3660   12.3886   0.0295 
 10.  -0.5793   11.4480  -0.0506 
 11.  -0.2840   12.5670  -0.0226 
 12.   0.0433   14.4053   0.0030 
 13.   0.3260   13.6225   0.0239 
 14.  -0.1140   13.0463  -0.0087 
 15.   0.0040   12.2403   0.0003 
 16.   0.3167   16.1891   0.0196 
 17.  -0.0620   13.4080  -0.0046 
 18.  -0.0693   14.7967  -0.0047 
 19.   0.2003   27.1455   0.0074 
 20.   3.9037   91.0109   0.0429 
 21.  92.7920 2826.4697   0.0328 
 22.  -1.3216   69.0223  -0.0191 
 23.   0.4252   34.0229   0.0125 
 24.  -1.1728   46.4494  -0.0252 
 25.  -3.5431  203.6480  -0.0174 
 26.  -0.4895   10.8035  -0.0453 
 27.   0.4371   55.9444   0.0078 
 28.  -0.3113   19.7587  -0.0158 
 29.   1.1764   87.5505   0.0134 
 30.   0.0800    5.7347   0.0140 
 31.  -0.1360    6.0528  -0.0225 
 32.  -0.0553    6.6069  -0.0084 
 33.   0.0730    6.3486   0.0115 
 34.   0.1207    5.6576   0.0213 
 35.  -0.2080    5.1484  -0.0404 
 36.   0.1667    4.8302   0.0345 
 37.   0.0790    5.0525   0.0156 
 38.  -0.2363    4.5393  -0.0521 
 39.  -0.0603    7.1176  -0.0085 
 40.  -0.0440    5.3409  -0.0082 
 41.  -0.1730    6.2389  -0.0277 
 42.  -0.0993    4.0743  -0.0244 
 43.  -0.1270    3.9780  -0.0319 
 44.  -0.0100    5.8619  -0.0017 
 45.  -0.1980    4.1904  -0.0473 
 46.  -0.1403    3.9909  -0.0352 
 47.   0.0497    4.2529   0.0117 
 48.   0.2867   24.1981   0.0118 
 49.  -0.1416   97.1377  -0.0015 
 50.  -0.2913  190.0705  -0.0015 
 51.   1.8127  516.3854   0.0035 
 52.  -0.3035   12.4886  -0.0243 
 53.  -0.0757    2.1785  -0.0347 
 54.   0.0259    9.7156   0.0027 
 55.  -4.4675  485.3685  -0.0092 
 56.   0.0132    6.7658   0.0020 
 57.   0.5350   15.9349   0.0336 
 58.   0.0076    0.5015   0.0151 

Good convergence is indicated by the t-ratios being close to zero.

Overall maximum convergence ratio =  0.2038 .



@2
Estimation Results.
-------------------

Regular end of estimation algorithm.
Total of 3000 iteration steps.


@3
Estimates and standard errors
                             
Network Dynamics
 1. rate:  constant dv.net rate (period 1)                         0.0471  (   0.0220)
 2. rate:  constant dv.net rate (period 2)                         0.1395  (   0.0334)
 3. rate:  constant dv.net rate (period 3)                         0.4297  (   0.0811)
 4. rate:  constant dv.net rate (period 4)                         0.3478  (   0.0518)
 5. rate:  constant dv.net rate (period 5)                         0.3234  (   0.0584)
 6. rate:  constant dv.net rate (period 6)                         0.3183  (   0.0577)
 7. rate:  constant dv.net rate (period 7)                         0.3978  (   0.0644)
 8. rate:  constant dv.net rate (period 8)                         0.3086  (   0.0533)
 9. rate:  constant dv.net rate (period 9)                         0.3269  (   0.0558)
10. rate:  constant dv.net rate (period 10)                        0.2745  (   0.0487)
11. rate:  constant dv.net rate (period 11)                        0.3228  (   0.0530)
12. rate:  constant dv.net rate (period 12)                        0.4464  (   0.0655)
13. rate:  constant dv.net rate (period 13)                        0.3539  (   0.0544)
14. rate:  constant dv.net rate (period 14)                        0.3236  (   0.0508)
15. rate:  constant dv.net rate (period 15)                        0.2899  (   0.0487)
16. rate:  constant dv.net rate (period 16)                        0.5159  (   0.0665)
17. rate:  constant dv.net rate (period 17)                        0.3421  (   0.0520)
18. rate:  constant dv.net rate (period 18)                        0.3963  (   0.0553)
19. eval:  degree (density)                                       -5.5374  (   0.2221)
20. eval:  transitive triads                                       0.1584  (   0.0519)
21. eval:  degree act+pop                                          0.0572  (   0.0052)
22. eval:  nets.lndistance_d                                      -0.8576  (   0.0715)
23. eval:  nets.ATOP_d                                             1.0931  (   0.1342)
24. eval:  nets.absidealdiff_d                                    -0.6065  (   0.0702)
25. eval:  nets.lntrade_d                                          0.0709  (   0.0295)
26. eval:  nets.NATO_d                                            -3.3897  (   0.3514)
27. eval:  milex.beh alter                                        -0.0559  (   0.0593)
28. eval:  beh.democracy_1 alter                                   1.4516  (   0.2427)
29. eval:  beh.lncinc_1 alter                                      0.7991  (   0.0656)
Behavior Dynamics

30. rate:  rate milex.beh (period 1)                               0.9340  (   0.1771)
31. rate:  rate milex.beh (period 2)                               1.2965  (   0.2536)
32. rate:  rate milex.beh (period 3)                               1.3504  (   0.2173)
33. rate:  rate milex.beh (period 4)                               1.1915  (   0.2220)
34. rate:  rate milex.beh (period 5)                               0.6969  (   0.1357)
35. rate:  rate milex.beh (period 6)                               0.5621  (   0.1195)
36. rate:  rate milex.beh (period 7)                               0.4763  (   0.0991)
37. rate:  rate milex.beh (period 8)                               0.5215  (   0.1059)
38. rate:  rate milex.beh (period 9)                               0.3722  (   0.0849)
39. rate:  rate milex.beh (period 10)                              1.7115  (   0.3317)
40. rate:  rate milex.beh (period 11)                              0.5829  (   0.1153)
41. rate:  rate milex.beh (period 12)                              1.3129  (   0.2428)
42. rate:  rate milex.beh (period 13)                              0.3212  (   0.0793)
43. rate:  rate milex.beh (period 14)                              0.2948  (   0.0752)
44. rate:  rate milex.beh (period 15)                              1.0851  (   0.2133)
45. rate:  rate milex.beh (period 16)                              0.4075  (   0.1020)
46. rate:  rate milex.beh (period 17)                              0.3524  (   0.0888)
47. rate:  rate milex.beh (period 18)                              0.4067  (   0.1013)
48. eval:  milex.beh linear shape                                 -1.1717  (   0.0763)
49. eval:  milex.beh quadratic shape                              -0.0278  (   0.0241)
50. eval:  milex.beh degree                                        0.0887  (   0.0232)
51. eval:  milex.beh dense triads                                 -0.0207  (   0.0073)
52. eval:  milex.beh: effect from beh.democracy_1                 -0.4488  (   0.1355)
53. eval:  milex.beh: effect from beh.GDPgrowth_1                 -2.2396  (   0.8673)
54. eval:  milex.beh: effect from beh.nato_1                       0.8752  (   0.1674)
55. eval:  milex.beh: effect from beh.allies_1                    -0.0109  (   0.0034)
56. eval:  milex.beh: effect from beh.military_1                   0.2575  (   0.1921)
57. eval:  milex.beh: effect from beh.lnmids_1                     0.1371  (   0.0919)
58. eval:  milex.beh: effect from beh.milexSpLag_1                 7.1308  (   2.7776)


@3
Covariance matrices
                   
Covariance matrix of estimates (correlations below diagonal):
     0.000      0.000      0.000      0.000      0.000      0.000      0.000      0.000      0.000      0.000      0.000      0.000      0.000      0.000      0.000      0.000      0.000      0.000      0.000      0.000      0.000      0.000      0.000      0.000      0.000      0.000      0.000      0.000      0.000      0.000      0.000      0.000      0.000      0.000      0.000      0.000      0.000      0.000      0.000      0.000      0.000      0.000      0.000      0.000      0.000      0.000      0.000      0.000      0.000      0.000      0.000      0.000      0.000      0.000      0.000      0.000      0.000     -0.003
     0.013      0.001      0.000      0.000      0.000      0.000      0.000      0.000      0.000      0.000      0.000      0.000      0.000      0.000      0.000      0.000      0.000      0.000     -0.001      0.000      0.000      0.000      0.000      0.000      0.000      0.000      0.000      0.000      0.000      0.000      0.000      0.000      0.000      0.000      0.000      0.000      0.000      0.000      0.000      0.000      0.000      0.000      0.000      0.000      0.000      0.000      0.000      0.000      0.000      0.000      0.000      0.000      0.000      0.000      0.000      0.000      0.000     -0.004
     0.023      0.003      0.007      0.000      0.000      0.000      0.000      0.000      0.000      0.000      0.000      0.000      0.000      0.000      0.000      0.000      0.000      0.000     -0.001      0.000      0.000      0.001     -0.001      0.000      0.000      0.002      0.000     -0.001     -0.001      0.000      0.000      0.000      0.000      0.000      0.000      0.000      0.000      0.000      0.000      0.000      0.000      0.000      0.000      0.000      0.000      0.000      0.000      0.000      0.000      0.000      0.000      0.000      0.001      0.000      0.000      0.000      0.000      0.000
    -0.001      0.035      0.027      0.003      0.000      0.000      0.000      0.000      0.000      0.000      0.000      0.000      0.000      0.000      0.000      0.000      0.000      0.000     -0.001      0.000      0.000      0.000      0.000      0.000      0.000      0.000      0.000      0.000      0.000      0.000      0.000      0.000     -0.001      0.000      0.000      0.000      0.000      0.000      0.000      0.000      0.000      0.000      0.000      0.000      0.000      0.000      0.000      0.000      0.000      0.000      0.000      0.000     -0.002      0.000      0.000      0.000      0.000     -0.002
    -0.007      0.020      0.043      0.025      0.003      0.000      0.000      0.000      0.000      0.000      0.000      0.000      0.000      0.000      0.000      0.000      0.000      0.000      0.000      0.000      0.000      0.000      0.000      0.000      0.000      0.000      0.000     -0.001      0.000      0.000      0.000      0.000      0.000      0.000      0.000      0.000      0.000      0.000      0.000      0.000      0.000      0.000      0.000      0.000      0.000      0.000      0.000      0.000      0.000      0.000      0.000      0.000      0.000      0.000      0.000      0.000      0.000     -0.001
     0.015     -0.032      0.038      0.033      0.033      0.003      0.000      0.000      0.000      0.000      0.000      0.000      0.000      0.000      0.000      0.000      0.000      0.000      0.000      0.000      0.000      0.000      0.000      0.000      0.000      0.001      0.000     -0.001      0.000      0.000      0.000      0.000      0.000      0.000      0.000      0.000      0.000      0.000      0.000      0.000      0.001      0.000      0.000      0.000      0.000      0.000      0.000      0.000      0.000      0.000      0.000      0.000     -0.001      0.000      0.000      0.000      0.000      0.001
     0.007      0.024      0.043      0.003      0.021      0.024      0.004      0.000      0.000      0.000      0.000      0.000      0.000      0.000      0.000      0.000      0.000      0.000      0.000      0.000      0.000      0.000      0.000      0.000      0.000      0.000      0.000     -0.001      0.000      0.000      0.000      0.000      0.000      0.000      0.000      0.000      0.000      0.000      0.000      0.000      0.000      0.000      0.000      0.000      0.000      0.000      0.000      0.000      0.000      0.000      0.000      0.000      0.001      0.000      0.000      0.000      0.000      0.000
     0.010      0.032      0.013      0.048      0.018      0.008      0.018      0.003      0.000      0.000      0.000      0.000      0.000      0.000      0.000      0.000      0.000      0.000      0.000      0.000      0.000      0.000      0.000      0.000      0.000      0.001      0.000     -0.001      0.000      0.000      0.000      0.000      0.000      0.000      0.000      0.000      0.000      0.000      0.000      0.000      0.000      0.000      0.000      0.000      0.000      0.000      0.000      0.000      0.000      0.000      0.000      0.000      0.000      0.000      0.000      0.000      0.000     -0.004
    -0.003      0.007      0.024      0.047      0.012      0.018     -0.002     -0.006      0.003      0.000      0.000      0.000      0.000      0.000      0.000      0.000      0.000      0.000      0.000      0.000      0.000      0.000      0.000      0.000      0.000      0.000      0.000      0.000      0.000      0.000      0.000      0.000      0.000      0.000      0.000      0.000      0.000      0.000      0.000      0.000      0.001      0.000      0.000      0.000      0.000      0.000      0.000      0.000      0.000      0.000      0.000      0.000      0.001      0.000      0.000      0.000      0.000      0.000
     0.015      0.040      0.052      0.030      0.002      0.001      0.024     -0.004     -0.025      0.002      0.000      0.000      0.000      0.000      0.000      0.000      0.000      0.000      0.000      0.000      0.000      0.000      0.000      0.000      0.000      0.000      0.000      0.000      0.000      0.000      0.000      0.000      0.000      0.000      0.000      0.000      0.000      0.000     -0.001      0.000      0.000      0.000      0.000      0.000      0.000      0.000      0.000      0.000      0.000      0.000      0.000      0.000      0.000      0.000      0.000      0.000      0.000     -0.005
     0.007     -0.008     -0.003      0.015      0.004     -0.001      0.029     -0.008      0.002     -0.008      0.003      0.000      0.000      0.000      0.000      0.000      0.000      0.000      0.000      0.000      0.000      0.000      0.000      0.000      0.000      0.000      0.000     -0.001      0.000      0.000      0.000      0.000      0.000      0.000      0.000      0.000      0.000      0.000      0.000      0.000      0.000      0.000      0.000      0.000      0.000      0.000      0.000      0.000      0.000      0.000      0.000      0.000      0.001      0.000      0.000      0.000      0.000      0.002
     0.009     -0.006      0.018      0.025      0.002     -0.006      0.042     -0.012      0.027      0.023      0.029      0.004      0.000      0.000      0.000      0.000      0.000      0.000      0.001      0.000      0.000      0.000      0.000      0.000      0.000      0.001      0.000     -0.001      0.000      0.000      0.000      0.000      0.000      0.000      0.000      0.000      0.000      0.000      0.000      0.000      0.000      0.000      0.000      0.000      0.000      0.000      0.000      0.000      0.000      0.000      0.000      0.000     -0.001      0.000      0.000      0.000      0.000      0.002
     0.021     -0.001      0.030      0.023      0.017      0.035     -0.002      0.008     -0.025      0.012      0.003      0.009      0.003      0.000      0.000      0.000      0.000      0.000      0.000      0.000      0.000      0.000      0.000      0.000      0.000      0.001      0.000      0.000      0.000      0.000      0.000      0.000      0.000      0.000      0.000      0.000      0.000      0.000      0.001      0.000      0.000      0.000      0.000     -0.001      0.000      0.000      0.000      0.000      0.000      0.000      0.000      0.000      0.001      0.000      0.000      0.000      0.000     -0.002
     0.011     -0.002      0.014     -0.021      0.004     -0.010      0.024      0.013     -0.003      0.041      0.010     -0.039     -0.031      0.003      0.000      0.000      0.000      0.000      0.000      0.000      0.000      0.000      0.000      0.000      0.000      0.001      0.000      0.000      0.000      0.000      0.000      0.000      0.000      0.000      0.000      0.000      0.000      0.000      0.000      0.000      0.000      0.000      0.000      0.000      0.000      0.000      0.000      0.000      0.000      0.000      0.000      0.000      0.000      0.000      0.000      0.000      0.000     -0.002
    -0.021     -0.001      0.028      0.010     -0.005     -0.011     -0.010      0.001      0.006      0.017     -0.025     -0.027      0.014     -0.037      0.002      0.000      0.000      0.000      0.000      0.000      0.000      0.000      0.000      0.000      0.000      0.000      0.000      0.000      0.000      0.000      0.000      0.000      0.000      0.000      0.000      0.000      0.000      0.000      0.000      0.000      0.000      0.000      0.000      0.000      0.000      0.000      0.000      0.000      0.000      0.000      0.000      0.000     -0.001      0.000      0.000      0.000      0.000      0.002
    -0.025     -0.003      0.009      0.026      0.011      0.012      0.011      0.045      0.038      0.035      0.030      0.019     -0.001      0.002     -0.032      0.004      0.000      0.000      0.000      0.000      0.000      0.000      0.000      0.000      0.000      0.001      0.000      0.000      0.000      0.000      0.000      0.000      0.000      0.000      0.000      0.000      0.000      0.000      0.000      0.000      0.000      0.000      0.000      0.000      0.000      0.000      0.000      0.000      0.000      0.000      0.000      0.000     -0.001      0.000      0.000      0.000      0.000     -0.003
    -0.008     -0.008      0.012      0.003      0.025     -0.015      0.005      0.022     -0.015      0.000     -0.039      0.004      0.007      0.008      0.014      0.009      0.003      0.000      0.000      0.000      0.000      0.000      0.000      0.000      0.000      0.000      0.000      0.000      0.000      0.000      0.000      0.000      0.000      0.000      0.000      0.000      0.000      0.000      0.000      0.000      0.000      0.000      0.000      0.000      0.000      0.000      0.000      0.000      0.000      0.000      0.000      0.000      0.000      0.000      0.000      0.000      0.000     -0.002
    -0.007      0.044     -0.026      0.010     -0.005      0.002     -0.007      0.016      0.024      0.024     -0.014      0.038      0.022     -0.013      0.004      0.004     -0.007      0.003      0.000      0.000      0.000      0.000      0.000      0.000      0.000      0.000      0.000      0.000      0.000      0.000      0.000      0.000      0.000      0.000      0.000      0.000      0.000      0.000      0.000      0.000      0.000      0.000      0.000      0.000      0.000      0.000      0.000      0.000      0.000      0.000      0.000      0.000      0.001      0.000      0.000      0.000      0.000     -0.001
    -0.051     -0.090     -0.060     -0.059     -0.031     -0.026     -0.019      0.002     -0.028     -0.002     -0.021      0.047     -0.013     -0.011     -0.028      0.014     -0.002      0.010      0.049     -0.003      0.000      0.006     -0.007      0.006      0.000      0.026      0.001     -0.022     -0.008      0.001      0.000      0.000     -0.001      0.000      0.000      0.001      0.000      0.000      0.000      0.000      0.001      0.000      0.000     -0.001      0.000     -0.001      0.000      0.000      0.000      0.000      0.000     -0.001      0.001      0.000      0.000     -0.001     -0.001     -0.007
     0.022     -0.013     -0.023     -0.013     -0.013      0.001     -0.040     -0.019      0.031      0.011      0.006     -0.038     -0.023     -0.019      0.036      0.011     -0.022      0.047     -0.299      0.003      0.000     -0.001      0.000     -0.001      0.000     -0.009      0.000      0.004      0.001      0.000      0.000      0.000      0.000      0.000      0.000      0.000      0.000      0.000      0.000      0.000      0.000      0.000      0.000      0.000      0.000      0.000      0.000      0.000      0.000      0.000      0.000      0.000      0.000      0.000      0.000      0.000      0.000      0.002
     0.047      0.100      0.099      0.086      0.062      0.046      0.073      0.038      0.015      0.008      0.029      0.010      0.022      0.008      0.024     -0.016      0.009     -0.046     -0.288     -0.538      0.000      0.000      0.000      0.000      0.000      0.000      0.000      0.000      0.000      0.000      0.000      0.000      0.000      0.000      0.000      0.000      0.000      0.000      0.000      0.000      0.000      0.000      0.000      0.000      0.000      0.000      0.000      0.000      0.000      0.000      0.000      0.000      0.000      0.000      0.000      0.000      0.000      0.000
     0.021      0.004      0.096      0.061      0.046      0.063      0.062      0.049      0.038      0.025      0.010      0.083      0.032      0.001      0.029      0.057      0.016      0.001      0.381     -0.168      0.073      0.005      0.002      0.000      0.001      0.003      0.000     -0.004     -0.003      0.000      0.000      0.000      0.000      0.000      0.000      0.000      0.000      0.000      0.000      0.000      0.001      0.000      0.000      0.000      0.000      0.000      0.000      0.000      0.000      0.000      0.000      0.000      0.000      0.000      0.000      0.000      0.000     -0.002
     0.001     -0.012     -0.055     -0.010     -0.029     -0.025     -0.049      0.000     -0.018     -0.045     -0.042     -0.006     -0.008     -0.042      0.022     -0.045     -0.021     -0.022     -0.226      0.053     -0.056      0.170      0.018      0.001     -0.001     -0.008     -0.001      0.010      0.002      0.000      0.001     -0.001      0.000      0.000      0.000      0.000      0.000      0.000     -0.002      0.000      0.000      0.000      0.000      0.000      0.000      0.001      0.000      0.000      0.000      0.000      0.000      0.000     -0.002     -0.001      0.000      0.000      0.000      0.012
     0.002     -0.006      0.004     -0.012      0.012      0.004      0.023     -0.003     -0.027      0.018     -0.036      0.017      0.005      0.001      0.030     -0.006      0.014     -0.006      0.387     -0.170     -0.045      0.087      0.070      0.005      0.000      0.007     -0.002     -0.005     -0.001      0.000      0.000      0.000      0.000      0.000      0.000      0.000      0.000      0.000     -0.001      0.000     -0.001      0.000      0.000      0.000      0.000      0.000      0.000      0.000      0.000      0.000      0.000      0.000     -0.002      0.000      0.000      0.000      0.000     -0.001
     0.027      0.039      0.115      0.106      0.084      0.061      0.056      0.046      0.060      0.031      0.028      0.068      0.044      0.026      0.014      0.007      0.008      0.014     -0.020     -0.136      0.189      0.440     -0.196     -0.139      0.001     -0.001      0.000     -0.001     -0.001      0.000      0.000      0.000      0.000      0.000      0.000      0.000      0.000      0.000      0.000      0.000      0.000      0.000      0.000      0.000      0.000      0.000      0.000      0.000      0.000      0.000      0.000      0.000      0.000      0.000      0.000      0.000      0.000      0.000
    -0.004     -0.023      0.075     -0.018     -0.023      0.052      0.015      0.036     -0.019      0.008      0.007      0.029      0.051      0.039     -0.029      0.052      0.023     -0.020      0.333     -0.470      0.074      0.134     -0.161      0.297     -0.072      0.123     -0.003     -0.032     -0.004      0.000      0.002      0.000      0.000      0.002      0.000      0.000     -0.001     -0.001      0.001     -0.001     -0.001      0.000      0.000      0.000      0.000      0.000     -0.001      0.000      0.000      0.000      0.000      0.001      0.006     -0.001      0.000     -0.002     -0.001     -0.024
    -0.028     -0.011     -0.011     -0.045     -0.043     -0.005     -0.027      0.004      0.011      0.021      0.016      0.002      0.038     -0.022     -0.038      0.019     -0.010     -0.004      0.091      0.130     -0.177     -0.019     -0.132     -0.383      0.051     -0.130      0.004      0.003     -0.001      0.000      0.000      0.000      0.000      0.000      0.000      0.000      0.000      0.000      0.000      0.000      0.000      0.000      0.000      0.000      0.000      0.000      0.000      0.000      0.000      0.000      0.000      0.000      0.000      0.000      0.000      0.000      0.000     -0.006
     0.003     -0.038     -0.070     -0.035     -0.079     -0.074     -0.084     -0.067     -0.027     -0.024     -0.043     -0.073     -0.003     -0.015      0.018     -0.026     -0.026      0.012     -0.399      0.343     -0.289     -0.229      0.295     -0.318     -0.120     -0.375      0.217      0.059      0.005      0.000     -0.002      0.000     -0.002     -0.001      0.000      0.000      0.000      0.001      0.000      0.001      0.001      0.000     -0.001      0.002      0.001      0.001      0.000      0.000      0.000      0.000      0.000      0.000     -0.002      0.000      0.000      0.000      0.000      0.011
    -0.024     -0.026     -0.109     -0.089     -0.052     -0.070     -0.068     -0.051     -0.056     -0.057     -0.043     -0.092     -0.055     -0.021     -0.035     -0.053     -0.004     -0.020     -0.553      0.381     -0.263     -0.594      0.195     -0.259     -0.530     -0.189     -0.143      0.296      0.004      0.000      0.000      0.000      0.000      0.000      0.000      0.000      0.000      0.000      0.000      0.000      0.000      0.000      0.000      0.000      0.000      0.000      0.000      0.000      0.000      0.000      0.000      0.000     -0.001      0.000      0.000      0.000      0.000      0.007
    -0.045     -0.004     -0.021     -0.019      0.000      0.018     -0.008     -0.007     -0.029     -0.022      0.016     -0.019      0.032      0.033      0.020     -0.011     -0.019      0.012      0.020     -0.013      0.002      0.025      0.003      0.007      0.016     -0.001     -0.029      0.008     -0.008      0.031      0.001      0.001      0.000      0.001     -0.001      0.000      0.000     -0.001     -0.001      0.000      0.000      0.000      0.000      0.000      0.000      0.000      0.001      0.000      0.000      0.000      0.000      0.001      0.003     -0.001      0.000     -0.001      0.000      0.021
     0.010      0.034      0.008      0.012     -0.003      0.004      0.011     -0.004      0.007      0.023      0.013      0.001     -0.004      0.018      0.019      0.013      0.006     -0.030     -0.007      0.005      0.003      0.027      0.026     -0.016      0.001      0.021     -0.006     -0.031      0.011      0.031      0.064      0.002      0.001      0.001      0.000      0.001      0.000      0.000      0.002     -0.001      0.000      0.000      0.000      0.001     -0.001      0.000     -0.001      0.000      0.001      0.000      0.000      0.002      0.004     -0.003      0.000     -0.001      0.000      0.033
     0.034      0.008      0.021      0.001      0.010      0.018      0.028      0.015      0.009      0.011     -0.011     -0.014      0.005      0.007      0.021      0.009      0.020     -0.004     -0.010     -0.001      0.010     -0.015     -0.018     -0.024     -0.010     -0.002     -0.003     -0.008      0.004      0.025      0.033      0.047      0.000      0.001      0.000     -0.001      0.000      0.000     -0.001      0.000      0.000      0.000      0.000      0.001      0.000      0.000      0.000      0.001      0.001      0.000      0.000      0.002      0.023     -0.001      0.000     -0.001     -0.001      0.004
    -0.032      0.004     -0.012     -0.069     -0.019      0.006      0.026      0.004     -0.009      0.007     -0.006      0.007      0.017      0.019     -0.001     -0.022     -0.004      0.000     -0.024     -0.020      0.031     -0.015      0.001      0.005     -0.019      0.001     -0.024     -0.029      0.019      0.007      0.017      0.004      0.049      0.002      0.000      0.000      0.000      0.000      0.001      0.000      0.001      0.000      0.000      0.001      0.000      0.000      0.000      0.000      0.001      0.000      0.000      0.002      0.019     -0.001      0.000     -0.001      0.000      0.031
    -0.033      0.031     -0.038     -0.007     -0.008      0.016      0.002      0.002      0.016      0.011      0.026      0.010     -0.016      0.021     -0.001     -0.031     -0.012     -0.013     -0.004     -0.021      0.007     -0.016      0.012      0.000     -0.021      0.038      0.017     -0.032      0.012      0.021      0.027      0.023      0.058      0.018      0.000      0.000      0.000      0.000      0.002      0.000      0.001      0.000      0.000      0.001      0.000      0.000      0.000      0.000      0.000      0.000      0.000      0.000      0.011      0.000      0.000      0.000      0.000     -0.003
    -0.037      0.001      0.001      0.005      0.012     -0.025      0.013      0.013     -0.010      0.041     -0.015      0.004      0.013      0.018     -0.017     -0.010     -0.022     -0.014      0.006      0.001      0.000      0.004      0.018      0.046     -0.018      0.007      0.003      0.003     -0.013     -0.032     -0.010      0.010     -0.008      0.000      0.014      0.000      0.000      0.000      0.002      0.000      0.000      0.000      0.000      0.000      0.000      0.000      0.000      0.000      0.000      0.000      0.000      0.000      0.005      0.001      0.000      0.000      0.000     -0.010
     0.006     -0.018     -0.006      0.026      0.011     -0.017     -0.048      0.028      0.007      0.011      0.004      0.005     -0.004      0.006     -0.002      0.015      0.003     -0.015      0.033      0.004     -0.045      0.008     -0.010     -0.028     -0.004      0.009      0.021     -0.001      0.007      0.002      0.033     -0.031     -0.010     -0.006      0.029      0.010      0.000      0.000      0.001      0.000      0.001      0.000      0.000      0.000      0.000      0.000      0.000      0.000      0.000      0.000      0.000      0.000     -0.001      0.001      0.000      0.000      0.000      0.005
    -0.016     -0.014      0.012     -0.012      0.005     -0.016      0.026     -0.084      0.016     -0.031     -0.017      0.040     -0.002     -0.019      0.000     -0.013     -0.035      0.000      0.015      0.015     -0.010      0.015      0.000      0.008      0.028     -0.021     -0.027      0.004      0.004      0.010      0.012      0.005     -0.013      0.013     -0.002     -0.023      0.011      0.000      0.000      0.000      0.001      0.000      0.000      0.000      0.000      0.000      0.000      0.000      0.000      0.000      0.000      0.000      0.001      0.001      0.000      0.000      0.000      0.008
     0.023      0.013     -0.002     -0.012      0.019      0.009      0.004      0.001     -0.029     -0.021      0.028     -0.031     -0.003     -0.041     -0.037      0.012      0.007     -0.017      0.013      0.053     -0.041     -0.003     -0.005     -0.025     -0.025     -0.020      0.038      0.037      0.009     -0.047     -0.017      0.012      0.003     -0.021     -0.016      0.005     -0.003      0.007     -0.001      0.000      0.000      0.000      0.000      0.000      0.000      0.000      0.000      0.000      0.000      0.000      0.000      0.000      0.001      0.000      0.000      0.000      0.000     -0.006
    -0.015     -0.028      0.011     -0.013      0.014     -0.010      0.002      0.002      0.006     -0.040      0.009      0.019      0.029     -0.008      0.002      0.008      0.015      0.024     -0.005      0.018     -0.017     -0.014     -0.038     -0.033      0.020      0.006      0.001      0.002      0.008     -0.011      0.020     -0.010      0.010      0.040      0.038      0.031      0.011     -0.040      0.110     -0.001      0.002      0.001      0.001      0.001      0.000     -0.001     -0.001      0.000      0.000      0.000      0.000     -0.003      0.003      0.000      0.000      0.002      0.001     -0.010
    -0.031      0.010     -0.023     -0.015      0.018      0.000     -0.027      0.018      0.001     -0.008     -0.007      0.009     -0.021     -0.004      0.011     -0.020     -0.006     -0.018      0.006     -0.019     -0.005     -0.012      0.019     -0.006     -0.009     -0.013      0.004      0.025      0.013      0.002     -0.030     -0.011     -0.001      0.010      0.030      0.000      0.011      0.001     -0.013      0.013      0.000      0.000      0.000      0.000      0.000      0.000      0.000      0.000      0.000      0.000      0.000     -0.001      0.002      0.000      0.000     -0.001      0.000      0.006
    -0.022     -0.006     -0.022      0.013      0.005      0.038      0.002     -0.029      0.041      0.036      0.007      0.013     -0.008      0.037      0.005      0.025     -0.010     -0.018      0.013      0.004      0.008      0.033      0.006     -0.040      0.008     -0.016      0.003      0.014     -0.030     -0.006      0.005     -0.007      0.010      0.015     -0.013      0.025      0.036      0.000      0.027     -0.005      0.059      0.001      0.000      0.000      0.000      0.000      0.000     -0.001      0.000      0.000      0.000     -0.003      0.004      0.001      0.000      0.001      0.000      0.012
     0.002      0.016     -0.019     -0.007      0.000     -0.008     -0.029     -0.027     -0.004     -0.010      0.005      0.038      0.004     -0.017      0.013     -0.002     -0.013     -0.007      0.021     -0.013     -0.017     -0.023     -0.018      0.036     -0.011      0.009      0.013      0.004     -0.012      0.000     -0.007     -0.023      0.027      0.034      0.006     -0.006      0.014     -0.009      0.032      0.009      0.030      0.006      0.000      0.001      0.000      0.000      0.000      0.000      0.000      0.000      0.000      0.000     -0.001      0.000      0.000      0.000      0.000      0.003
    -0.013     -0.028     -0.015     -0.002      0.031     -0.001     -0.009      0.016     -0.003     -0.038      0.022     -0.001     -0.008      0.028     -0.024     -0.020      0.006      0.018     -0.008     -0.012      0.046      0.001     -0.037     -0.043      0.025      0.007      0.016     -0.044     -0.006      0.014     -0.008     -0.013      0.000      0.029      0.016      0.002     -0.021      0.035      0.032      0.011      0.013     -0.004      0.006      0.000      0.000      0.000      0.000      0.000      0.000      0.000      0.000     -0.001      0.001      0.000      0.000      0.000      0.000     -0.004
     0.006      0.012     -0.016     -0.011     -0.030      0.022     -0.007      0.005      0.002     -0.046     -0.006     -0.028     -0.044      0.022     -0.041     -0.013     -0.019     -0.006     -0.022     -0.007      0.013     -0.019      0.004     -0.019      0.002      0.003      0.018      0.037     -0.004     -0.005      0.023      0.022      0.021      0.017      0.012     -0.004      0.017     -0.004      0.016      0.006      0.007      0.039     -0.002      0.045      0.000      0.000      0.000      0.000      0.000      0.000      0.000     -0.001      0.005      0.000      0.000     -0.001      0.000      0.005
    -0.018     -0.005     -0.011     -0.020     -0.021     -0.012     -0.020      0.004     -0.020     -0.013      0.007     -0.021     -0.018      0.013      0.010      0.014     -0.007      0.003     -0.012     -0.012     -0.006      0.006      0.015     -0.005     -0.011     -0.001     -0.003      0.037      0.027      0.016     -0.024     -0.021      0.006      0.018      0.012     -0.003      0.010     -0.009     -0.003     -0.006     -0.001     -0.003      0.011     -0.004      0.010      0.000      0.000     -0.001      0.000      0.000      0.000      0.000     -0.001      0.001      0.000      0.000      0.000      0.012
    -0.007     -0.005     -0.002      0.011     -0.011      0.004      0.030     -0.023      0.015     -0.001     -0.013      0.009     -0.005     -0.005      0.031     -0.058     -0.001      0.023     -0.031      0.048     -0.030     -0.010      0.049      0.013     -0.042     -0.014     -0.035      0.050      0.042     -0.002     -0.018     -0.004     -0.017      0.027      0.024     -0.004      0.002     -0.007     -0.019     -0.005     -0.005     -0.005     -0.019      0.008      0.033      0.008      0.000      0.000      0.000      0.000      0.000      0.000     -0.001      0.000      0.000     -0.001      0.000      0.004
     0.001     -0.016     -0.010      0.002      0.010      0.021     -0.012     -0.004      0.017     -0.022     -0.035      0.013      0.016     -0.014     -0.017      0.015     -0.017     -0.005     -0.002      0.024     -0.012     -0.006      0.012      0.015     -0.017     -0.018     -0.020      0.003      0.019      0.033     -0.028      0.014      0.021     -0.017      0.016     -0.003     -0.025      0.002     -0.021      0.006      0.010      0.003     -0.012      0.000     -0.021     -0.027      0.010      0.000      0.000      0.000      0.000      0.000     -0.002      0.000      0.000      0.000      0.000      0.007
     0.004      0.032      0.026      0.003     -0.011      0.003     -0.021      0.019      0.026      0.012      0.025      0.024      0.035     -0.006      0.012     -0.003     -0.025     -0.002     -0.021     -0.003      0.001      0.004     -0.007     -0.039      0.021      0.018     -0.008     -0.015      0.013      0.009      0.004      0.061     -0.009     -0.029     -0.038     -0.020     -0.035     -0.037     -0.019      0.005     -0.032     -0.037     -0.054     -0.029     -0.079     -0.013     -0.062      0.006      0.000     -0.001      0.000      0.002      0.011     -0.002      0.000     -0.001      0.001     -0.020
     0.009      0.000      0.004     -0.016      0.005      0.026      0.002      0.000     -0.002      0.024     -0.040     -0.025     -0.003      0.023     -0.042     -0.036      0.021      0.009      0.006     -0.004      0.008     -0.031     -0.005      0.012     -0.014      0.038      0.017     -0.011     -0.004      0.077      0.141      0.109      0.102      0.088      0.091      0.032      0.076      0.058      0.013      0.034      0.027      0.029      0.049      0.053      0.016     -0.003     -0.004     -0.137      0.001      0.000      0.000      0.001      0.005      0.000      0.000      0.000      0.000     -0.020
     0.017     -0.009     -0.013     -0.013      0.007     -0.023      0.017     -0.021     -0.023     -0.020     -0.007     -0.039     -0.022     -0.002      0.017      0.020      0.030      0.011      0.035     -0.018      0.007      0.027      0.015      0.009     -0.005     -0.009      0.010      0.010     -0.033     -0.048     -0.051     -0.031     -0.063     -0.026     -0.058     -0.016     -0.035      0.005      0.026      0.016      0.037      0.002      0.031     -0.009      0.027      0.016      0.037     -0.537     -0.160      0.001      0.000     -0.001     -0.002      0.000      0.000      0.000     -0.001      0.006
    -0.020      0.008      0.009      0.015     -0.003      0.006      0.000      0.009      0.009      0.017      0.000      0.028      0.002      0.013     -0.028     -0.031     -0.043     -0.023     -0.042      0.021      0.001     -0.035      0.002      0.001     -0.012     -0.005     -0.019     -0.005      0.047      0.038      0.050      0.014      0.057      0.032      0.053      0.000      0.027     -0.032     -0.056     -0.035     -0.025     -0.014     -0.018      0.015     -0.033     -0.028     -0.019      0.361      0.123     -0.904      0.000      0.000      0.000      0.000      0.000      0.000      0.000     -0.001
    -0.012     -0.015      0.001      0.005     -0.009      0.002      0.016     -0.009     -0.030      0.021     -0.039      0.001     -0.004      0.004     -0.023     -0.030     -0.031      0.040     -0.023      0.012     -0.009     -0.040     -0.003     -0.005     -0.010      0.022     -0.008     -0.006      0.023      0.031      0.044      0.073      0.068      0.021     -0.021     -0.023     -0.004     -0.007     -0.059     -0.049     -0.077     -0.034     -0.053     -0.049     -0.011     -0.004     -0.007      0.220      0.159     -0.210      0.171      0.018      0.006     -0.009      0.000      0.004      0.001      0.042
     0.006      0.011      0.016     -0.042      0.004     -0.015      0.019     -0.005      0.020     -0.002      0.022     -0.014      0.030      0.004     -0.028     -0.020      0.004      0.019      0.006      0.003      0.000      0.002     -0.018     -0.025      0.014      0.020     -0.008     -0.010     -0.010      0.018      0.018      0.124      0.098      0.091      0.051     -0.008      0.014      0.007      0.009      0.016      0.020     -0.019      0.009      0.028     -0.008     -0.012     -0.020      0.172      0.218     -0.086      0.045      0.054      0.752      0.000      0.000     -0.009     -0.002     -0.285
     0.023     -0.002      0.011     -0.002     -0.025      0.027     -0.032     -0.023      0.029     -0.010      0.012      0.040      0.036     -0.036      0.000      0.012      0.018      0.008      0.007      0.003      0.003     -0.009     -0.024      0.016      0.008     -0.011     -0.007      0.003     -0.018     -0.022     -0.067     -0.034     -0.015      0.001      0.042      0.050      0.043      0.034      0.006     -0.016      0.025      0.030      0.031     -0.014      0.054      0.013      0.001     -0.174     -0.026     -0.091      0.017     -0.405     -0.001      0.028      0.000      0.000     -0.002     -0.027
    -0.003      0.005      0.001      0.016      0.019     -0.017     -0.009      0.032      0.010      0.001      0.015      0.006      0.005     -0.009      0.015     -0.023      0.027     -0.022      0.018     -0.027      0.019      0.030     -0.020     -0.014      0.047      0.030     -0.018     -0.040     -0.015      0.034      0.071      0.021      0.003     -0.028      0.029      0.005     -0.015     -0.019      0.009      0.040     -0.035     -0.013     -0.017      0.045     -0.060     -0.021     -0.049      0.387      0.073     -0.353      0.222      0.005      0.011     -0.326      0.000      0.000      0.000      0.000
     0.008     -0.018      0.000     -0.004     -0.016     -0.017      0.011      0.010     -0.010     -0.004     -0.008     -0.009      0.006     -0.009     -0.010     -0.015      0.004      0.025     -0.033      0.016      0.020     -0.015     -0.008      0.002      0.013     -0.033     -0.015      0.011      0.000     -0.025     -0.013     -0.013     -0.027     -0.014      0.003     -0.012     -0.001     -0.017      0.024     -0.026      0.020     -0.015     -0.022     -0.022     -0.025     -0.032     -0.004     -0.064     -0.051      0.006      0.011      0.161     -0.057     -0.012      0.105      0.037      0.000      0.036
     0.008     -0.003      0.012      0.013      0.034      0.029     -0.014      0.012      0.026     -0.004      0.026      0.039      0.044     -0.019      0.012     -0.011     -0.044     -0.008     -0.047      0.024      0.003      0.001     -0.024     -0.017      0.023     -0.024      0.001      0.001      0.006     -0.027     -0.002     -0.032      0.016      0.030      0.014     -0.004     -0.002     -0.019      0.041     -0.018      0.000     -0.004     -0.039     -0.001     -0.003      0.014      0.003      0.095     -0.198     -0.260      0.221      0.103     -0.024     -0.153      0.040     -0.004      0.008     -0.024
    -0.045     -0.045      0.001     -0.014     -0.004      0.007     -0.002     -0.030      0.001     -0.040      0.016      0.013     -0.010     -0.017      0.018     -0.018     -0.015     -0.008     -0.012      0.017     -0.026     -0.010      0.032     -0.004      0.000     -0.024     -0.038      0.016      0.037      0.043      0.046      0.006      0.050     -0.008     -0.030      0.017      0.027     -0.025     -0.011      0.018      0.018      0.013     -0.018      0.008      0.041      0.015      0.026     -0.094     -0.293      0.093     -0.052      0.111     -0.118     -0.058     -0.009      0.068     -0.093      7.715

Derivative matrix of expected statistics X by parameters and
covariance/correlation matrix of X can be found using
summary(ans) within R, or by using the 'verbose' option in Siena07.
 
Total computation time 817.68 seconds.
