

-----------------------------------
New Analysis started.
Date and time: 21/09/2026 17:08:14
New results follow.
-----------------------------------

RSiena version 1.3.10 (28 Apr 22)


@1
Estimation by stochastic approximation algorithm.
=================================================

Current random number seed is 12346.
Effects object used: effs 
Model Type:
 Initiative model
Behavioral Model Type:
 Standard behavior actor-oriented model ('restrict')
Estimation method: unconditional moment estimation
.

Time duration for simulations in each period is 1.0.
Changing composition.
Joiners/leavers option: 1
Standard errors are estimated with the likelihood ratio method.
Dolby method (regression on scores) is used.
Initial value of gain parameter is  0.2000000.
Reduction factor for gain parameter is  0.5000000.
Number of subphases in Phase 2 is 3.

Initial parameter values are 
  1. rate:  constant dv.net rate (period 1)                 0.0595
  2. rate:  constant dv.net rate (period 2)                 0.1648
  3. rate:  constant dv.net rate (period 3)                 0.5605
  4. rate:  constant dv.net rate (period 4)                 0.4023
  5. rate:  constant dv.net rate (period 5)                 0.3889
  6. rate:  constant dv.net rate (period 6)                 0.3621
  7. rate:  constant dv.net rate (period 7)                 0.4637
  8. rate:  constant dv.net rate (period 8)                 0.3592
  9. rate:  constant dv.net rate (period 9)                 0.3773
 10. rate:  constant dv.net rate (period 10)                0.3162
 11. rate:  constant dv.net rate (period 11)                0.3633
 12. rate:  constant dv.net rate (period 12)                0.5025
 13. rate:  constant dv.net rate (period 13)                0.3875
 14. rate:  constant dv.net rate (period 14)                0.3605
 15. rate:  constant dv.net rate (period 15)                0.3155
 16. rate:  constant dv.net rate (period 16)                0.5697
 17. rate:  constant dv.net rate (period 17)                0.3707
 18. eval:  degree (density)                               -6.1740
 19. eval:  GWESP (69)                                      2.2843
 20. eval:  degree act+pop                                  0.0313
 21. eval:  nets.lndistance_d                              -0.8449
 22. eval:  nets.ATOP_d                                     0.9080
 23. eval:  nets.absidealdiff_d                            -0.5245
 24. eval:  nets.lntrade_d                                  0.0340
 25. eval:  nets.NATO_d                                    -3.9107
 26. eval:  milex.beh alter                                -0.0692
 27. eval:  beh.democracy_1 alter                           1.4392
 28. eval:  beh.lncinc_1 alter                              0.7952
 29. rate:  rate milex.beh (period 1)                       0.9341
 30. rate:  rate milex.beh (period 2)                       1.3086
 31. rate:  rate milex.beh (period 3)                       1.3574
 32. rate:  rate milex.beh (period 4)                       1.1951
 33. rate:  rate milex.beh (period 5)                       0.7022
 34. rate:  rate milex.beh (period 6)                       0.5675
 35. rate:  rate milex.beh (period 7)                       0.4740
 36. rate:  rate milex.beh (period 8)                       0.5260
 37. rate:  rate milex.beh (period 9)                       0.3788
 38. rate:  rate milex.beh (period 10)                      1.7466
 39. rate:  rate milex.beh (period 11)                      0.5947
 40. rate:  rate milex.beh (period 12)                      1.3329
 41. rate:  rate milex.beh (period 13)                      0.3301
 42. rate:  rate milex.beh (period 14)                      0.2979
 43. rate:  rate milex.beh (period 15)                      1.1028
 44. rate:  rate milex.beh (period 16)                      0.4163
 45. rate:  rate milex.beh (period 17)                      0.3619
 46. eval:  milex.beh linear shape                         -1.1891
 47. eval:  milex.beh quadratic shape                      -0.0341
 48. eval:  milex.beh degree                                0.0957
 49. eval:  milex.beh dense triads                         -0.0244
 50. eval:  milex.beh: effect from beh.democracy_1         -0.4918
 51. eval:  milex.beh: effect from beh.GDPgrowth_1         -2.3583
 52. eval:  milex.beh: effect from beh.nato_1               0.9101
 53. eval:  milex.beh: effect from beh.allies_1            -0.0109
 54. eval:  milex.beh: effect from beh.military_1           0.2616
 55. eval:  milex.beh: effect from beh.lnmids_1             0.1499
 56. eval:  milex.beh: effect from beh.milexSpLag_1         7.6927


Observed values of target statistics are
  1. Amount of network change in period 1                                10.0000
  2. Amount of network change in period 2                                34.0000
  3. Amount of network change in period 3                                86.0000
  4. Amount of network change in period 4                                94.0000
  5. Amount of network change in period 5                                76.0000
  6. Amount of network change in period 6                                76.0000
  7. Amount of network change in period 7                                94.0000
  8. Amount of network change in period 8                                78.0000
  9. Amount of network change in period 9                                84.0000
 10. Amount of network change in period 10                               72.0000
 11. Amount of network change in period 11                               84.0000
 12. Amount of network change in period 12                              114.0000
 13. Amount of network change in period 13                               94.0000
 14. Amount of network change in period 14                               88.0000
 15. Amount of network change in period 15                               80.0000
 16. Amount of network change in period 16                              138.0000
 17. Amount of network change in period 17                               96.0000
 18. Number of edges                                                   4749.0000
 19. Numb. edgew. shrd prtns.(69)                                      13708.3372
 20. Sum of squared degrees                                            295492.0000
 21. Sum of ties x nets.lndistance_d                                   -9747.6740
 22. Sum of ties x nets.ATOP_d                                         5448.6151
 23. Sum of ties x nets.absidealdiff_d                                 -2610.8800
 24. Sum of ties x nets.lntrade_d                                      33846.3182
 25. Sum of ties x nets.NATO_d                                         1074.4417
 26. Sum of degrees x milex.beh                                        -147.2762
 27. Sum of degrees x beh.democracy_1                                  2684.2037
 28. Sum of degrees x beh.lncinc_1                                     11911.5952
 29. Amount of behavioral change in period 1 on milex.beh                41.0000
 30. Amount of behavioral change in period 2 on milex.beh                50.0000
 31. Amount of behavioral change in period 3 on milex.beh                57.0000
 32. Amount of behavioral change in period 4 on milex.beh                52.0000
 33. Amount of behavioral change in period 5 on milex.beh                37.0000
 34. Amount of behavioral change in period 6 on milex.beh                32.0000
 35. Amount of behavioral change in period 7 on milex.beh                28.0000
 36. Amount of behavioral change in period 8 on milex.beh                31.0000
 37. Amount of behavioral change in period 9 on milex.beh                24.0000
 38. Amount of behavioral change in period 10 on milex.beh               71.0000
 39. Amount of behavioral change in period 11 on milex.beh               34.0000
 40. Amount of behavioral change in period 12 on milex.beh               55.0000
 41. Amount of behavioral change in period 13 on milex.beh               18.0000
 42. Amount of behavioral change in period 14 on milex.beh               17.0000
 43. Amount of behavioral change in period 15 on milex.beh               48.0000
 44. Amount of behavioral change in period 16 on milex.beh               20.0000
 45. Amount of behavioral change in period 17 on milex.beh               18.0000
 46. milex.beh centered sum                                             -67.9151
 47. milex.beh sum of cent. squares                                    5722.2550
 48. milex.beh outdegrees                                              -256.4846
 49. milex.beh dense triads                                            -2686.3147
 50. milex.beh x beh.democracy_1                                       -381.2796
 51. milex.beh x beh.GDPgrowth_1                                          0.3065
 52. milex.beh x beh.nato_1                                              47.2347
 53. milex.beh x beh.allies_1                                          -4376.9242
 54. milex.beh x beh.military_1                                         126.7983
 55. milex.beh x beh.lnmids_1                                           566.8675
 56. milex.beh x beh.milexSpLag_1                                        23.5793

 56 parameters, 56 statistics

Estimation of derivatives by the LR method (type 1).


@2
End of stochastic approximation algorithm, phase 3.
---------------------------------------------------

Total of 3158 iterations.
Parameter estimates based on 2158 iterations,
convergence diagnostics, covariance and derivative matrices based on 1000 iterations.

Information for convergence diagnosis.
Averages, standard deviations, and t-ratios for deviations from targets:
  1.   0.2420    4.4754   0.0541 
  2.   0.4560    8.4688   0.0538 
  3.  -0.0080   11.8428  -0.0007 
  4.   0.2140   14.0845   0.0152 
  5.   0.4160   11.8676   0.0351 
  6.  -0.6040   11.5963  -0.0521 
  7.  -0.0180   13.4056  -0.0013 
  8.   0.5380   11.8895   0.0453 
  9.  -0.5360   12.6637  -0.0423 
 10.   0.7620   11.6316   0.0655 
 11.  -0.1720   12.7246  -0.0135 
 12.  -0.2880   14.5173  -0.0198 
 13.  -0.5100   13.6500  -0.0374 
 14.  -0.3700   12.6274  -0.0293 
 15.  -0.1300   12.1536  -0.0107 
 16.  -0.1220   15.9282  -0.0077 
 17.   0.1980   13.3092   0.0149 
 18.  -1.2920   26.3485  -0.0490 
 19.  -3.0476  100.8797  -0.0302 
 20. -76.9840 2562.6220  -0.0300 
 21.   2.8024   67.7180   0.0414 
 22.  -2.5214   33.0264  -0.0763 
 23.   2.2716   43.4033   0.0523 
 24.  -4.4682  191.9162  -0.0233 
 25.  -0.1975    8.6298  -0.0229 
 26.   0.7366   49.8842   0.0148 
 27.  -0.3362   18.9982  -0.0177 
 28.  -0.2059   84.9898  -0.0024 
 29.   0.2800    5.4368   0.0515 
 30.   0.2230    6.1796   0.0361 
 31.   0.1410    6.6017   0.0214 
 32.   0.1990    6.4437   0.0309 
 33.   0.2610    5.5483   0.0470 
 34.   0.0180    5.1517   0.0035 
 35.   0.0350    4.7733   0.0073 
 36.   0.0730    5.1088   0.0143 
 37.   0.1920    4.4738   0.0429 
 38.  -0.0180    7.0601  -0.0025 
 39.  -0.1420    5.2577  -0.0270 
 40.   0.1990    6.2745   0.0317 
 41.  -0.0380    3.9666  -0.0096 
 42.  -0.1880    3.8894  -0.0483 
 43.   0.1630    6.0577   0.0269 
 44.  -0.2660    4.1195  -0.0646 
 45.  -0.0780    4.0660  -0.0192 
 46.  -1.7460   23.6184  -0.0739 
 47.  -6.6408   92.9288  -0.0715 
 48. -12.3020  173.5418  -0.0709 
 49. -37.6760  465.7251  -0.0809 
 50.   0.2195   12.3383   0.0178 
 51.  -0.0344    2.1335  -0.0161 
 52.   0.3271    9.2009   0.0356 
 53. -12.1831  472.9232  -0.0258 
 54.   0.0001    6.7483   0.0000 
 55.   0.0060   15.7416   0.0004 
 56.  -0.0177    0.5111  -0.0346 

Good convergence is indicated by the t-ratios being close to zero.

Overall maximum convergence ratio =  0.2761 .



@2
Estimation Results.
-------------------

Regular end of estimation algorithm.
Total of 3158 iteration steps.


@3
Estimates and standard errors
                             
Network Dynamics
 1. rate:  constant dv.net rate (period 1)                         0.0580  (   0.0278)
 2. rate:  constant dv.net rate (period 2)                         0.1684  (   0.0400)
 3. rate:  constant dv.net rate (period 3)                         0.5496  (   0.1138)
 4. rate:  constant dv.net rate (period 4)                         0.3979  (   0.0565)
 5. rate:  constant dv.net rate (period 5)                         0.3780  (   0.0719)
 6. rate:  constant dv.net rate (period 6)                         0.3701  (   0.0667)
 7. rate:  constant dv.net rate (period 7)                         0.4604  (   0.0780)
 8. rate:  constant dv.net rate (period 8)                         0.3540  (   0.0640)
 9. rate:  constant dv.net rate (period 9)                         0.3715  (   0.0618)
10. rate:  constant dv.net rate (period 10)                        0.3147  (   0.0572)
11. rate:  constant dv.net rate (period 11)                        0.3644  (   0.0628)
12. rate:  constant dv.net rate (period 12)                        0.4995  (   0.0731)
13. rate:  constant dv.net rate (period 13)                        0.3873  (   0.0590)
14. rate:  constant dv.net rate (period 14)                        0.3542  (   0.0592)
15. rate:  constant dv.net rate (period 15)                        0.3157  (   0.0531)
16. rate:  constant dv.net rate (period 16)                        0.5652  (   0.0766)
17. rate:  constant dv.net rate (period 17)                        0.3681  (   0.0575)
18. eval:  degree (density)                                       -6.1983  (   0.2532)
19. eval:  GWESP (69)                                              2.3130  (   0.2266)
20. eval:  degree act+pop                                          0.0312  (   0.0055)
21. eval:  nets.lndistance_d                                      -0.8507  (   0.0756)
22. eval:  nets.ATOP_d                                             0.9170  (   0.1579)
23. eval:  nets.absidealdiff_d                                    -0.5294  (   0.0752)
24. eval:  nets.lntrade_d                                          0.0319  (   0.0322)
25. eval:  nets.NATO_d                                            -3.9613  (   0.4281)
26. eval:  milex.beh alter                                        -0.0663  (   0.0640)
27. eval:  beh.democracy_1 alter                                   1.4635  (   0.2599)
28. eval:  beh.lncinc_1 alter                                      0.8010  (   0.0679)
Behavior Dynamics

29. rate:  rate milex.beh (period 1)                               0.9349  (   0.1945)
30. rate:  rate milex.beh (period 2)                               1.3039  (   0.2549)
31. rate:  rate milex.beh (period 3)                               1.3546  (   0.2492)
32. rate:  rate milex.beh (period 4)                               1.1816  (   0.1873)
33. rate:  rate milex.beh (period 5)                               0.7023  (   0.1559)
34. rate:  rate milex.beh (period 6)                               0.5690  (   0.1223)
35. rate:  rate milex.beh (period 7)                               0.4763  (   0.1005)
36. rate:  rate milex.beh (period 8)                               0.5254  (   0.1068)
37. rate:  rate milex.beh (period 9)                               0.3777  (   0.0891)
38. rate:  rate milex.beh (period 10)                              1.7470  (   0.3193)
39. rate:  rate milex.beh (period 11)                              0.5928  (   0.1152)
40. rate:  rate milex.beh (period 12)                              1.3379  (   0.2392)
41. rate:  rate milex.beh (period 13)                              0.3283  (   0.0827)
42. rate:  rate milex.beh (period 14)                              0.2995  (   0.0761)
43. rate:  rate milex.beh (period 15)                              1.0952  (   0.1776)
44. rate:  rate milex.beh (period 16)                              0.4131  (   0.1112)
45. rate:  rate milex.beh (period 17)                              0.3604  (   0.0868)
46. eval:  milex.beh linear shape                                 -1.1922  (   0.0816)
47. eval:  milex.beh quadratic shape                              -0.0349  (   0.0251)
48. eval:  milex.beh degree                                        0.0962  (   0.0271)
49. eval:  milex.beh dense triads                                 -0.0246  (   0.0088)
50. eval:  milex.beh: effect from beh.democracy_1                 -0.4917  (   0.1436)
51. eval:  milex.beh: effect from beh.GDPgrowth_1                 -2.3914  (   0.9155)
52. eval:  milex.beh: effect from beh.nato_1                       0.9141  (   0.1744)
53. eval:  milex.beh: effect from beh.allies_1                    -0.0110  (   0.0037)
54. eval:  milex.beh: effect from beh.military_1                   0.2706  (   0.1965)
55. eval:  milex.beh: effect from beh.lnmids_1                     0.1545  (   0.0925)
56. eval:  milex.beh: effect from beh.milexSpLag_1                 7.6790  (   2.9245)


@3
Covariance matrices
                   
Covariance matrix of estimates (correlations below diagonal):
     0.001      0.000      0.000      0.000      0.000      0.000      0.000      0.000      0.000      0.000      0.000      0.000      0.000      0.000      0.000      0.000      0.000     -0.001      0.000      0.000      0.000      0.000      0.000      0.000      0.000      0.000      0.000      0.000      0.000      0.000      0.000      0.000      0.000      0.000      0.000      0.000      0.000      0.000      0.000      0.000      0.000      0.000      0.000      0.000      0.000      0.000      0.000      0.000      0.000      0.000     -0.001      0.000      0.000      0.000      0.000     -0.001
     0.028      0.002      0.000      0.000      0.000      0.000      0.000      0.000      0.000      0.000      0.000      0.000      0.000      0.000      0.000      0.000      0.000     -0.001      0.000      0.000      0.000      0.000      0.000      0.000      0.000      0.000      0.000      0.000      0.000      0.001      0.000      0.000      0.000      0.000      0.000      0.000      0.000     -0.001      0.000      0.000      0.000      0.000      0.000      0.000      0.000      0.000      0.000      0.000      0.000      0.000      0.001      0.000      0.000      0.000      0.000      0.000
     0.007      0.021      0.013      0.000      0.000      0.000      0.000      0.000     -0.001      0.000      0.001      0.000      0.000      0.001      0.000      0.000      0.000      0.000     -0.001      0.000      0.001     -0.002      0.000      0.001      0.000      0.000     -0.002     -0.001      0.000      0.001      0.004      0.000      0.000     -0.001      0.000      0.001      0.000      0.000      0.000     -0.002      0.000      0.000     -0.001      0.000      0.000      0.000      0.000      0.000      0.000      0.000     -0.001      0.001      0.000      0.000      0.000     -0.015
     0.018      0.080      0.047      0.003      0.000      0.000      0.000      0.000      0.000      0.000      0.000      0.000      0.000      0.000      0.000      0.000      0.000     -0.001      0.000      0.000      0.000      0.000      0.000      0.000      0.000      0.000      0.000      0.000      0.000      0.000      0.000      0.000      0.000      0.000      0.000      0.000      0.000      0.000      0.000     -0.001      0.000      0.000      0.000      0.000      0.000      0.001      0.000      0.000      0.000      0.000     -0.001      0.000      0.000      0.000      0.000      0.001
     0.055      0.008      0.035      0.004      0.005      0.000      0.000      0.000      0.000      0.000      0.000      0.000      0.000      0.000      0.000      0.000      0.000     -0.001      0.001      0.000      0.000      0.000      0.000      0.000     -0.001      0.000     -0.001      0.000      0.000      0.001      0.000      0.000     -0.001      0.000     -0.001      0.000      0.000     -0.001      0.000      0.001      0.000      0.000      0.000      0.000      0.000      0.000      0.000      0.000      0.000      0.000     -0.002      0.000      0.000      0.000      0.000     -0.010
    -0.008      0.007      0.033      0.023      0.011      0.004      0.000      0.000      0.000      0.000      0.000      0.000      0.000      0.000      0.000      0.000      0.000     -0.001      0.001      0.000      0.000      0.000      0.000      0.000     -0.001      0.000      0.000      0.000      0.000      0.001      0.000      0.000      0.000      0.001      0.000      0.000      0.001      0.000      0.000      0.000      0.000      0.000      0.000      0.000      0.000      0.000      0.000      0.000      0.000      0.000      0.001      0.000      0.000      0.000      0.000     -0.001
     0.021      0.046      0.007      0.054      0.049     -0.001      0.006      0.000      0.000      0.000      0.000      0.000      0.000      0.000      0.000      0.000      0.000     -0.001      0.001      0.000      0.000     -0.001      0.000      0.000     -0.001      0.000      0.000      0.000      0.000     -0.001     -0.001      0.001      0.000      0.000     -0.001      0.000      0.000     -0.001      0.000      0.000      0.000      0.000      0.000      0.000      0.000      0.000      0.000      0.000      0.000      0.000     -0.004      0.000      0.000      0.000      0.000     -0.002
     0.027      0.002     -0.029     -0.011      0.015      0.016     -0.035      0.004      0.000      0.000      0.000      0.000      0.000      0.000      0.000      0.000      0.000     -0.001      0.001      0.000      0.000      0.000      0.000      0.000      0.001      0.000     -0.001      0.000      0.000      0.000     -0.001      0.000      0.000      0.000      0.000      0.000      0.000      0.001      0.000      0.000      0.000      0.000      0.000      0.000      0.000      0.000      0.000      0.000      0.000      0.000     -0.001     -0.001      0.000      0.000      0.000     -0.004
     0.017      0.004     -0.078      0.065      0.011     -0.003      0.010     -0.022      0.004      0.000      0.000      0.000      0.000      0.000      0.000      0.000      0.000     -0.001      0.000      0.000      0.000      0.000      0.000      0.000      0.001      0.000      0.000      0.000      0.000      0.000      0.000      0.000      0.000      0.000      0.000      0.000      0.000     -0.001      0.000      0.000      0.000      0.000      0.000      0.000      0.000      0.000      0.000      0.000      0.000      0.000      0.000      0.000      0.000      0.000      0.000      0.003
     0.031     -0.055     -0.005      0.030      0.010      0.024     -0.042      0.017     -0.005      0.003      0.000      0.000      0.000      0.000      0.000      0.000      0.000     -0.001      0.000      0.000      0.000      0.000      0.000      0.000     -0.001      0.000      0.000      0.000      0.000      0.000     -0.001      0.000      0.000      0.000      0.000      0.000      0.000     -0.002      0.000      0.000      0.000      0.000      0.000      0.000      0.000      0.000      0.000      0.000      0.000      0.000      0.001      0.000      0.000      0.000      0.000     -0.013
     0.045      0.005      0.096      0.062      0.045     -0.045      0.018     -0.009     -0.001     -0.019      0.004      0.000      0.000      0.000      0.000      0.000      0.000      0.000      0.000      0.000      0.000     -0.001      0.000      0.000      0.001      0.000     -0.001      0.000      0.000      0.001      0.000      0.000      0.000      0.000      0.000      0.000      0.000     -0.001      0.000     -0.001      0.000      0.000      0.000      0.000      0.000      0.000      0.000      0.000      0.000      0.000     -0.002      0.000      0.000      0.000      0.000     -0.010
    -0.009      0.018     -0.011      0.030      0.029     -0.011      0.024      0.031      0.011     -0.021     -0.008      0.005      0.000      0.000      0.000      0.000      0.000      0.001     -0.001      0.000      0.000     -0.001      0.000      0.000      0.000      0.000     -0.001      0.000      0.000      0.000      0.000      0.000      0.000      0.000      0.000      0.000      0.000      0.000      0.000      0.001      0.000      0.000      0.000      0.000      0.000      0.000      0.000      0.000      0.000      0.000      0.002      0.000      0.000     -0.001      0.000     -0.005
     0.020      0.079      0.009      0.031      0.033      0.001      0.001      0.009     -0.002     -0.024     -0.058      0.056      0.003      0.000      0.000      0.000      0.000     -0.002      0.001      0.000      0.000      0.000      0.000      0.000      0.000      0.000      0.000      0.000      0.000      0.001     -0.001      0.000      0.000      0.000      0.000      0.000      0.000      0.000      0.000      0.000      0.001      0.000      0.000      0.000      0.000      0.000      0.000      0.000      0.000      0.000      0.000      0.000      0.000      0.000      0.000      0.002
     0.006      0.044      0.089      0.041      0.038      0.047      0.073     -0.011     -0.017     -0.027      0.014     -0.088      0.005      0.004      0.000      0.000      0.000      0.000      0.001      0.000      0.000      0.000      0.000      0.000      0.000      0.000      0.000      0.000      0.000      0.000      0.000      0.001      0.000      0.000      0.000      0.000      0.000      0.000      0.000      0.000      0.000      0.000      0.000      0.000      0.000      0.000      0.000      0.000      0.000      0.000     -0.001      0.000      0.000      0.000      0.000      0.000
     0.037      0.056     -0.016      0.044     -0.004     -0.034     -0.042      0.027      0.071     -0.012      0.023     -0.008     -0.031     -0.011      0.003      0.000      0.000      0.000      0.001      0.000      0.000      0.000      0.000      0.000      0.000      0.000      0.000      0.000      0.000      0.000      0.000      0.000      0.000      0.000      0.000      0.000      0.000      0.000      0.000      0.000      0.000      0.000     -0.001      0.000      0.000      0.000      0.000      0.000      0.000      0.000     -0.002      0.000      0.000      0.000      0.000      0.002
     0.011      0.048      0.035      0.078      0.031      0.049      0.037     -0.008      0.037     -0.030      0.045     -0.010      0.015      0.023      0.034      0.006      0.000      0.000      0.001      0.000      0.000     -0.001      0.000      0.000      0.000      0.000      0.001      0.000      0.000      0.000      0.000     -0.001      0.000      0.000      0.000      0.000      0.000      0.000      0.000      0.001      0.000      0.000      0.000     -0.001      0.000      0.000      0.000      0.000      0.000      0.000     -0.001      0.001      0.000      0.000      0.000      0.007
     0.014      0.017      0.039     -0.033     -0.041     -0.052     -0.024      0.041      0.051      0.086      0.049      0.026      0.008      0.000     -0.067     -0.017      0.003      0.000      0.001      0.000      0.000      0.000      0.000      0.000      0.000      0.000      0.001      0.000      0.001     -0.001      0.000      0.001      0.000      0.000      0.000      0.000      0.000      0.000      0.000      0.000      0.000      0.000      0.000      0.000      0.000      0.000      0.000      0.000      0.000      0.000     -0.003      0.000      0.000      0.000      0.000      0.009
    -0.092     -0.070      0.009     -0.092     -0.080     -0.051     -0.056     -0.052     -0.083     -0.051      0.010      0.032     -0.108     -0.020     -0.036     -0.020     -0.032      0.064     -0.032      0.000      0.008     -0.012      0.007      0.002      0.041      0.000     -0.031     -0.011     -0.001     -0.001      0.007      0.000      0.001     -0.003     -0.001     -0.001      0.000     -0.003      0.000      0.000     -0.001      0.000      0.001      0.001      0.000      0.000      0.000      0.000      0.000      0.000     -0.008     -0.001      0.000     -0.001      0.000      0.017
     0.067      0.032     -0.028      0.027      0.055      0.061      0.060      0.058      0.034      0.036      0.016     -0.053      0.085      0.081      0.101      0.059      0.057     -0.557      0.051     -0.001     -0.005      0.005     -0.003     -0.002     -0.038      0.002      0.018      0.007      0.000      0.001     -0.005     -0.002      0.000      0.002      0.000      0.000     -0.001      0.003      0.000     -0.001      0.000     -0.001     -0.001     -0.003      0.000      0.001      0.000      0.000      0.000      0.000      0.000      0.001      0.000      0.001     -0.001      0.006
    -0.010      0.090      0.115      0.079      0.031      0.025      0.009     -0.047     -0.011     -0.027     -0.013      0.034     -0.015     -0.026     -0.028     -0.043     -0.096     -0.063     -0.533      0.000      0.000      0.000      0.000      0.000      0.000      0.000      0.000      0.000      0.000      0.000      0.000      0.000      0.000      0.000      0.000      0.000      0.000      0.000      0.000      0.000      0.000      0.000      0.000      0.000      0.000      0.000      0.000      0.000      0.000      0.000      0.000      0.000      0.000      0.000      0.000     -0.001
    -0.019      0.033      0.096      0.016      0.023      0.067      0.044      0.040     -0.023      0.008      0.001      0.043      0.001      0.046      0.027      0.021     -0.018      0.420     -0.299      0.106      0.006      0.002      0.000      0.001      0.006      0.000     -0.004     -0.003      0.000      0.001      0.000     -0.001      0.001      0.000      0.000      0.000      0.000     -0.002      0.000      0.001      0.000      0.000      0.000      0.000      0.000      0.000      0.000      0.000      0.000      0.000     -0.004      0.000      0.000      0.000      0.000      0.000
    -0.032     -0.031     -0.104     -0.009     -0.016      0.010     -0.065      0.011      0.022      0.028     -0.118     -0.083     -0.005     -0.008      0.018     -0.055     -0.037     -0.301      0.152     -0.026      0.189      0.025      0.000     -0.001     -0.012     -0.001      0.012      0.003      0.000      0.001     -0.002      0.000      0.001      0.001      0.001      0.000      0.000      0.000      0.000      0.000      0.000      0.000      0.000      0.001      0.001      0.000      0.000      0.000      0.000      0.000     -0.001      0.001      0.000      0.001      0.000      0.019
     0.036     -0.030      0.018     -0.007     -0.023     -0.027     -0.054      0.031     -0.010     -0.043     -0.003      0.029     -0.022     -0.026      0.069      0.008     -0.018      0.353     -0.163     -0.043      0.060      0.028      0.006      0.000      0.009     -0.002     -0.006     -0.001      0.000      0.000      0.001     -0.001      0.000      0.000      0.000      0.000      0.000     -0.001      0.000     -0.001      0.000      0.000      0.000      0.000      0.000      0.000      0.000      0.000      0.000      0.000      0.001      0.000      0.000      0.000      0.000      0.002
     0.023      0.087      0.142      0.081      0.080      0.063      0.062      0.040      0.003     -0.002      0.048      0.046      0.004     -0.012      0.024      0.055     -0.004      0.189     -0.323      0.267      0.426     -0.270     -0.058      0.001      0.000      0.000     -0.002     -0.001      0.000      0.000      0.000      0.000      0.000      0.000      0.000      0.000      0.000     -0.001      0.000      0.000      0.000      0.000      0.000      0.000      0.000      0.000      0.000      0.000      0.000      0.000     -0.001      0.000      0.000      0.000      0.000     -0.001
    -0.008     -0.026      0.009      0.005     -0.043     -0.042     -0.045      0.038      0.041     -0.033      0.041      0.004      0.001      0.003     -0.019     -0.010      0.011      0.376     -0.387      0.007      0.180     -0.175      0.275      0.000      0.183     -0.003     -0.033     -0.005     -0.001      0.002      0.006     -0.002      0.004     -0.001      0.002     -0.002     -0.001     -0.004      0.001     -0.002     -0.002      0.001      0.005      0.001      0.000      0.002      0.000     -0.001      0.000      0.001      0.006      0.000      0.000     -0.002      0.003      0.028
    -0.050      0.017     -0.036      0.033     -0.020     -0.025      0.042     -0.010      0.012      0.038      0.003     -0.024     -0.046      0.026     -0.014      0.073      0.060      0.030      0.157     -0.198     -0.052     -0.109     -0.344     -0.024     -0.124      0.004      0.005     -0.001     -0.001      0.001     -0.001      0.000      0.000      0.001      0.000      0.000      0.000      0.000      0.000      0.000      0.000      0.000     -0.001      0.000      0.000      0.000      0.000      0.000      0.000      0.000     -0.001      0.001      0.000      0.001      0.000     -0.005
    -0.028     -0.007     -0.065     -0.025     -0.036      0.021      0.007     -0.033      0.025      0.032     -0.050     -0.073      0.017      0.006     -0.031      0.035      0.038     -0.475      0.309     -0.243     -0.213      0.305     -0.317     -0.206     -0.293      0.272      0.068      0.004     -0.001      0.002     -0.004      0.002      0.002      0.002      0.002     -0.002      0.001      0.004      0.000      0.001      0.000      0.000     -0.004     -0.001     -0.001      0.000      0.000      0.000      0.000     -0.001      0.006      0.001      0.000      0.003      0.000     -0.007
     0.044     -0.079     -0.163     -0.063     -0.022     -0.061     -0.045     -0.010      0.019      0.018     -0.054     -0.062      0.059     -0.029     -0.028     -0.058      0.037     -0.619      0.454     -0.306     -0.543      0.242     -0.230     -0.630     -0.161     -0.118      0.246      0.005      0.000     -0.001     -0.001      0.001     -0.001      0.000      0.000      0.000      0.000      0.001      0.000      0.000      0.000      0.000      0.000     -0.001      0.000      0.000      0.000      0.000      0.000      0.000      0.000      0.000      0.000      0.000      0.000      0.006
     0.048      0.014      0.021      0.011     -0.018     -0.008     -0.017      0.031      0.002     -0.002      0.009     -0.002      0.030     -0.036      0.018     -0.018      0.080     -0.022     -0.007      0.053      0.022     -0.011      0.003     -0.001     -0.013     -0.051     -0.027      0.000      0.038      0.001      0.000      0.001      0.001      0.000      0.000      0.000      0.001      0.002      0.000     -0.002      0.000      0.000      0.002      0.001      0.000      0.001      0.000      0.000      0.000      0.001      0.008     -0.002      0.000      0.000      0.001      0.014
     0.021      0.064      0.046      0.009      0.069      0.044     -0.028     -0.017     -0.025     -0.011      0.035      0.005      0.069     -0.010     -0.015      0.005     -0.064     -0.008      0.015     -0.004      0.044      0.017      0.003      0.013      0.018      0.064      0.024     -0.041      0.027      0.065      0.002      0.001     -0.001      0.000      0.000      0.000      0.001      0.000     -0.001     -0.002      0.001      0.001     -0.001      0.000      0.000      0.000      0.001      0.000      0.000      0.001      0.013      0.001      0.000     -0.002      0.000     -0.020
     0.013     -0.016      0.138     -0.005      0.014      0.024     -0.048     -0.079     -0.002     -0.047      0.029      0.026     -0.046     -0.029     -0.015     -0.025      0.003      0.105     -0.081      0.038      0.017     -0.048      0.039     -0.036      0.058     -0.054     -0.055     -0.061      0.008      0.029      0.062      0.003      0.003     -0.001      0.000      0.001     -0.001      0.002      0.000      0.000     -0.001      0.000      0.001     -0.001      0.000      0.001      0.001      0.000      0.000      0.004      0.005      0.000      0.000     -0.002     -0.001      0.087
    -0.070      0.038     -0.003      0.033     -0.009     -0.016      0.048     -0.021     -0.026      0.005      0.000      0.011      0.020      0.070     -0.046     -0.046      0.054     -0.003     -0.051     -0.004     -0.048     -0.003     -0.058     -0.030     -0.031      0.000      0.039      0.052      0.027      0.015      0.069      0.035      0.000      0.000     -0.001      0.000      0.001      0.000      0.002     -0.003      0.000      0.000      0.001      0.000     -0.001      0.000      0.001      0.000      0.000      0.001      0.020      0.000      0.000     -0.004      0.000      0.011
     0.098     -0.015      0.014     -0.033     -0.055      0.024     -0.005      0.050      0.025      0.014     -0.029     -0.001     -0.033     -0.027      0.022     -0.002     -0.022      0.029      0.005     -0.005      0.058      0.048      0.037     -0.022      0.055      0.012      0.054     -0.051      0.041     -0.021      0.074      0.008      0.024      0.000      0.000      0.000      0.001     -0.002      0.000      0.001     -0.001      0.000     -0.002      0.000      0.000      0.000      0.000      0.000      0.000      0.000      0.008      0.001      0.000     -0.002      0.001      0.010
     0.006     -0.034     -0.041      0.066     -0.020      0.128     -0.028      0.007      0.004      0.027     -0.033     -0.003      0.034     -0.029      0.032     -0.021     -0.029     -0.084      0.069     -0.015     -0.052      0.049     -0.013     -0.049     -0.027      0.101      0.053      0.033      0.015      0.012     -0.048     -0.021      0.024      0.015      0.001      0.000      0.000      0.001     -0.001      0.001      0.000      0.000      0.000      0.000      0.000      0.000      0.000      0.000      0.000     -0.001      0.006      0.001      0.000      0.000      0.000      0.008
    -0.018      0.007     -0.003     -0.011     -0.071      0.026     -0.095      0.066      0.004      0.015     -0.001      0.026      0.052      0.048      0.056     -0.062     -0.021     -0.039      0.017      0.008      0.034      0.060     -0.036     -0.020      0.036      0.032      0.073     -0.001      0.013      0.008     -0.009     -0.028     -0.003      0.043      0.010      0.000      0.000     -0.002      0.000      0.001      0.000      0.000      0.000      0.000      0.000      0.000      0.000      0.000      0.000      0.000      0.000      0.001      0.000      0.000      0.000     -0.005
    -0.004     -0.011      0.066      0.045      0.011     -0.020     -0.008     -0.040      0.035     -0.057     -0.002      0.024      0.047     -0.029      0.009      0.041     -0.025     -0.040      0.020      0.064     -0.004      0.003      0.006      0.037     -0.049     -0.006     -0.073     -0.020      0.020      0.003      0.053      0.002      0.020      0.029      0.011      0.011      0.000     -0.001      0.000     -0.001      0.000      0.000      0.001      0.000      0.000      0.000      0.000      0.000      0.000      0.001      0.004      0.000      0.000      0.000      0.000     -0.003
     0.044     -0.007      0.027      0.041     -0.019      0.087      0.035      0.042     -0.055      0.004     -0.014     -0.009     -0.002      0.016      0.007      0.000     -0.008     -0.016     -0.037      0.004      0.006      0.008      0.044     -0.006     -0.017      0.016      0.035      0.007      0.035      0.052     -0.023      0.047      0.043      0.038      0.013      0.043      0.008     -0.001      0.000      0.000      0.000      0.000      0.000      0.000      0.000      0.000      0.000      0.000      0.000     -0.001     -0.001      0.001      0.000      0.000      0.000     -0.002
     0.012     -0.057      0.000      0.002     -0.042     -0.014     -0.029      0.052     -0.049     -0.121     -0.040     -0.019      0.001     -0.021     -0.015     -0.009      0.018     -0.042      0.040     -0.009     -0.065      0.005     -0.040     -0.061     -0.033     -0.018      0.048      0.046      0.038      0.001      0.020      0.003     -0.033      0.014     -0.055     -0.027     -0.024      0.102      0.000      0.001     -0.001      0.000      0.004      0.001      0.001      0.000      0.001      0.000      0.000     -0.003      0.012     -0.002      0.000     -0.003      0.001     -0.065
    -0.006     -0.051     -0.023     -0.010     -0.010     -0.027     -0.011     -0.027      0.018     -0.002      0.064     -0.004     -0.012      0.025      0.027     -0.019      0.015      0.014      0.019     -0.058     -0.022     -0.008      0.004     -0.068      0.011     -0.005      0.015      0.036      0.009     -0.017     -0.010      0.070     -0.025     -0.087     -0.035     -0.019     -0.026      0.003      0.013      0.000      0.000      0.000      0.001      0.000      0.000      0.000      0.000      0.000      0.000      0.000     -0.002      0.000      0.000      0.002      0.000      0.007
    -0.007     -0.025     -0.069     -0.041      0.034      0.023     -0.002     -0.029      0.007     -0.010     -0.050      0.052      0.016     -0.001     -0.013      0.034      0.011      0.005     -0.014     -0.001      0.034     -0.001     -0.037      0.003     -0.017      0.026      0.014     -0.009     -0.044     -0.030     -0.006     -0.059      0.022      0.038      0.053     -0.038     -0.017      0.007     -0.005      0.057      0.000      0.000      0.000      0.001      0.000     -0.001      0.001      0.001      0.000     -0.003      0.001     -0.001      0.000      0.000     -0.001      0.000
     0.025      0.053      0.019     -0.030      0.010      0.062     -0.006     -0.033     -0.044      0.000     -0.036      0.016      0.134     -0.002     -0.036      0.000     -0.052     -0.055      0.012      0.029      0.028     -0.006     -0.034      0.016     -0.069     -0.014     -0.004      0.048      0.024      0.029     -0.056     -0.029     -0.057     -0.005      0.004      0.030      0.007     -0.025     -0.021      0.014      0.007      0.000      0.000      0.000      0.000      0.000      0.000      0.000      0.000      0.000      0.004      0.000      0.000      0.001      0.000     -0.011
    -0.007     -0.027     -0.028      0.015      0.014     -0.009      0.000     -0.080      0.002      0.060      0.023      0.003      0.032     -0.061     -0.015     -0.015     -0.006      0.017     -0.056      0.028      0.046      0.021     -0.016      0.008      0.036      0.023     -0.003     -0.005      0.001      0.033      0.010      0.003     -0.004      0.021     -0.010      0.011     -0.024     -0.020     -0.034      0.024      0.007      0.006      0.000      0.000      0.000      0.000      0.000      0.000      0.000      0.000     -0.001      0.001      0.000     -0.001      0.000     -0.005
     0.033      0.004     -0.041     -0.007     -0.004     -0.032      0.003     -0.023     -0.034     -0.001      0.044      0.032     -0.024      0.044     -0.093      0.005      0.036      0.018     -0.032      0.031     -0.035      0.002      0.006     -0.034      0.061     -0.069     -0.082      0.021      0.049     -0.025      0.018      0.019     -0.059      0.013     -0.023      0.039      0.004      0.063      0.043     -0.003     -0.008      0.003      0.032      0.000      0.000     -0.001      0.000      0.000      0.000     -0.001      0.002     -0.001      0.000     -0.001      0.000      0.010
    -0.021      0.014     -0.028      0.057     -0.012      0.034      0.015     -0.015     -0.010      0.000     -0.019     -0.029     -0.047     -0.008     -0.040     -0.084     -0.020      0.039     -0.116      0.112      0.024      0.044      0.007      0.075      0.019     -0.023     -0.050     -0.086      0.061      0.005     -0.021      0.015      0.016     -0.007     -0.032     -0.029     -0.008      0.030     -0.027      0.032     -0.024      0.020      0.023      0.012      0.000      0.000      0.000      0.000      0.000      0.001     -0.006      0.001      0.000     -0.001      0.000     -0.009
    -0.011     -0.003      0.040      0.007     -0.040      0.006     -0.004      0.004     -0.035     -0.006      0.009     -0.020      0.048     -0.005     -0.036     -0.059     -0.075      0.007     -0.014      0.057      0.020      0.050      0.025     -0.026      0.012     -0.024     -0.035     -0.022      0.005      0.011      0.019     -0.039      0.000     -0.007      0.031     -0.037     -0.013      0.033      0.014     -0.013      0.016      0.012     -0.009     -0.016      0.008      0.000      0.000      0.000      0.000      0.000      0.001      0.001      0.000     -0.001      0.000     -0.010
    -0.031     -0.016      0.052      0.113      0.024     -0.002      0.057      0.033     -0.043     -0.017     -0.031     -0.004     -0.015      0.050     -0.035      0.020      0.006      0.004      0.032     -0.003     -0.010     -0.025      0.019     -0.019      0.053      0.009     -0.015     -0.020      0.034      0.010      0.048      0.029      0.026     -0.049     -0.042      0.030     -0.008     -0.014      0.003     -0.074     -0.073     -0.070     -0.035     -0.054     -0.008      0.007      0.000     -0.001      0.000      0.003      0.013     -0.003      0.000     -0.002      0.001     -0.028
    -0.005      0.046     -0.009     -0.026      0.014      0.002     -0.022      0.013     -0.017     -0.007     -0.006      0.006      0.029     -0.020      0.033     -0.023     -0.027     -0.031     -0.041      0.081     -0.020      0.015     -0.012     -0.028     -0.045     -0.014      0.006      0.013      0.088      0.166      0.086      0.125      0.059      0.068      0.116      0.028      0.027      0.099     -0.018      0.093      0.061      0.072      0.006      0.032      0.037     -0.084      0.001      0.000      0.000      0.001      0.006      0.000      0.000      0.000      0.000     -0.026
     0.003      0.004     -0.024     -0.079      0.028      0.008     -0.053     -0.031      0.017      0.086      0.069     -0.023     -0.048     -0.041     -0.012     -0.017      0.036     -0.006      0.015     -0.028     -0.014     -0.008     -0.037      0.004     -0.044     -0.066      0.004      0.045     -0.083     -0.057     -0.025     -0.068     -0.092     -0.011      0.000     -0.093     -0.007     -0.031      0.025      0.079      0.049     -0.007      0.039      0.006     -0.019     -0.594     -0.192      0.001      0.000     -0.001     -0.003      0.000      0.000      0.000     -0.001      0.008
     0.001     -0.003      0.020      0.052     -0.037      0.008      0.044      0.025      0.002     -0.086     -0.065      0.045      0.039      0.019      0.038      0.029     -0.027      0.009     -0.008      0.017      0.033      0.009      0.033      0.014      0.020      0.060     -0.005     -0.053      0.073      0.028      0.012      0.024      0.089      0.012     -0.014      0.101      0.000      0.031     -0.061     -0.044     -0.040      0.007     -0.047     -0.017      0.007      0.401      0.162     -0.908      0.000      0.000      0.001      0.000      0.000      0.000      0.000     -0.001
    -0.014      0.007     -0.024      0.034      0.001     -0.043      0.015      0.005      0.045     -0.050     -0.001     -0.003     -0.022      0.014      0.006      0.013     -0.006      0.006      0.005      0.036     -0.024     -0.001     -0.011     -0.008      0.018      0.023     -0.025     -0.007      0.024      0.040      0.098      0.050     -0.014     -0.042      0.015      0.065     -0.115     -0.073      0.018     -0.084      0.012     -0.031     -0.032      0.063      0.001      0.247      0.186     -0.259      0.215      0.021      0.004     -0.011      0.000      0.004      0.001      0.034
    -0.039      0.014     -0.007     -0.021     -0.035      0.020     -0.058     -0.012      0.005      0.018     -0.040      0.028     -0.004     -0.015     -0.048     -0.014     -0.060     -0.036      0.002      0.052     -0.051     -0.010      0.018     -0.019      0.016     -0.021      0.024      0.006      0.043      0.056      0.022      0.118      0.057      0.054     -0.002      0.044     -0.007      0.040     -0.018      0.005      0.053     -0.008      0.010     -0.060      0.011      0.171      0.271     -0.138      0.075      0.032      0.838      0.003      0.000     -0.021      0.005     -0.299
    -0.004     -0.013      0.036      0.003     -0.026      0.018      0.033     -0.045      0.005      0.002      0.003     -0.034      0.025     -0.006     -0.006      0.041     -0.032     -0.011      0.025     -0.026      0.029      0.027     -0.034      0.018      0.004      0.077      0.022      0.000     -0.061      0.012     -0.004      0.001      0.043      0.065      0.032      0.024      0.052     -0.043     -0.006     -0.019     -0.003      0.096     -0.019      0.031      0.085     -0.176     -0.038     -0.057      0.000     -0.435      0.017      0.030      0.000     -0.001     -0.002     -0.054
     0.048      0.025      0.022      0.004      0.026     -0.056     -0.006      0.069     -0.065     -0.061     -0.078      0.061      0.022      0.024      0.041     -0.055      0.001      0.009     -0.019      0.007     -0.001     -0.013      0.062     -0.025      0.024     -0.027      0.029     -0.028      0.051      0.020      0.007      0.002      0.009     -0.067     -0.013     -0.031      0.003      0.037      0.022     -0.004     -0.040     -0.086     -0.009     -0.055     -0.091      0.459      0.045     -0.369      0.217      0.069      0.086     -0.378      0.000      0.000      0.000      0.000
    -0.027     -0.023      0.005     -0.027     -0.010     -0.005      0.010     -0.011      0.037     -0.010      0.012     -0.045     -0.041     -0.014     -0.013     -0.014     -0.031     -0.024      0.033     -0.036     -0.025      0.034      0.033     -0.024     -0.022      0.056      0.049      0.011      0.001     -0.036     -0.035     -0.100     -0.059      0.015      0.023     -0.023     -0.016     -0.045      0.078      0.004      0.034     -0.035     -0.020     -0.055     -0.036     -0.113     -0.096      0.070     -0.035      0.129     -0.118     -0.023      0.059      0.039     -0.001      0.060
     0.009     -0.029      0.010      0.038     -0.007      0.001      0.007      0.012     -0.011      0.054      0.005      0.038      0.018      0.005     -0.072      0.003     -0.042     -0.009     -0.040      0.058      0.008      0.030      0.052      0.049      0.065      0.013      0.015     -0.048      0.053      0.015     -0.058     -0.009      0.061     -0.002      0.020      0.024      0.014      0.030     -0.022     -0.042     -0.009      0.067      0.025      0.033     -0.003      0.179     -0.137     -0.317      0.251      0.105      0.059     -0.103      0.096     -0.052      0.009     -0.036
    -0.016      0.003     -0.046      0.008     -0.046     -0.003     -0.010     -0.023      0.017     -0.079     -0.052     -0.022      0.009      0.001      0.010      0.033      0.051      0.023      0.009     -0.048      0.000      0.041      0.009     -0.014      0.022     -0.025     -0.009      0.028      0.025     -0.027      0.120      0.020      0.023      0.024     -0.018     -0.011     -0.007     -0.070      0.022      0.000     -0.047     -0.023      0.019     -0.026     -0.039     -0.119     -0.360      0.102     -0.057      0.081     -0.112     -0.106      0.016      0.104     -0.132      8.553

Derivative matrix of expected statistics X by parameters and
covariance/correlation matrix of X can be found using
summary(ans) within R, or by using the 'verbose' option in Siena07.
 
Total computation time 841.41 seconds.
