

-----------------------------------
New Analysis started.
Date and time: 21/09/2026 16:39:41
New results follow.
-----------------------------------

RSiena version 1.3.10 (28 Apr 22)


@1
Estimation by stochastic approximation algorithm.
=================================================

Current random number seed is 12345.
Effects object used: effs 
Model Type:
 Initiative model
Behavioral Model Type:
 Standard behavior actor-oriented model ('restrict')
Estimation method: unconditional moment estimation
.

Time duration for simulations in each period is 1.0.
Changing composition.
Joiners/leavers option: 1
Standard errors are estimated with the likelihood ratio method.
Dolby method (regression on scores) is used.
Initial value of gain parameter is  0.2000000.
Reduction factor for gain parameter is  0.5000000.
Number of subphases in Phase 2 is 3.

Initial parameter values are 
  1. rate:  constant dv.net rate (period 1)                 0.1737
  2. rate:  constant dv.net rate (period 2)                 0.4673
  3. rate:  constant dv.net rate (period 3)                 0.8177
  4. rate:  constant dv.net rate (period 4)                 1.1922
  5. rate:  constant dv.net rate (period 5)                 0.9644
  6. rate:  constant dv.net rate (period 6)                 0.9644
  7. rate:  constant dv.net rate (period 7)                 1.1922
  8. rate:  constant dv.net rate (period 8)                 0.9897
  9. rate:  constant dv.net rate (period 9)                 1.0657
 10. rate:  constant dv.net rate (period 10)                0.9138
 11. rate:  constant dv.net rate (period 11)                1.0657
 12. rate:  constant dv.net rate (period 12)                1.4453
 13. rate:  constant dv.net rate (period 13)                1.1922
 14. rate:  constant dv.net rate (period 14)                1.1163
 15. rate:  constant dv.net rate (period 15)                1.0150
 16. rate:  constant dv.net rate (period 16)                1.7491
 17. rate:  constant dv.net rate (period 17)                1.2175
 18. eval:  degree (density)                               -0.2608
 19. eval:  GWESP (69)                                      0.0000
 20. eval:  degree act+pop                                  0.0000
 21. eval:  nets.lndistance_d                               0.0000
 22. eval:  nets.ATOP_d                                     0.0000
 23. eval:  nets.absidealdiff_d                             0.0000
 24. eval:  nets.lntrade_d                                  0.0000
 25. eval:  nets.NATO_d                                     0.0000
 26. eval:  milex.beh alter                                 0.0000
 27. eval:  beh.democracy_1 alter                           0.0000
 28. eval:  beh.lncinc_1 alter                              0.0000
 29. rate:  rate milex.beh (period 1)                       0.7680
 30. rate:  rate milex.beh (period 2)                       0.9106
 31. rate:  rate milex.beh (period 3)                       1.2728
 32. rate:  rate milex.beh (period 4)                       0.8873
 33. rate:  rate milex.beh (period 5)                       0.3413
 34. rate:  rate milex.beh (period 6)                       0.5489
 35. rate:  rate milex.beh (period 7)                       0.3224
 36. rate:  rate milex.beh (period 8)                       0.3545
 37. rate:  rate milex.beh (period 9)                       0.2491
 38. rate:  rate milex.beh (period 10)                      0.9035
 39. rate:  rate milex.beh (period 11)                      0.3190
 40. rate:  rate milex.beh (period 12)                      0.9347
 41. rate:  rate milex.beh (period 13)                      0.2118
 42. rate:  rate milex.beh (period 14)                      0.2056
 43. rate:  rate milex.beh (period 15)                      0.6321
 44. rate:  rate milex.beh (period 16)                      0.2242
 45. rate:  rate milex.beh (period 17)                      0.2118
 46. eval:  milex.beh linear shape                         -0.0837
 47. eval:  milex.beh quadratic shape                       0.0000
 48. eval:  milex.beh degree                                0.0000
 49. eval:  milex.beh dense triads                          0.0000
 50. eval:  milex.beh: effect from beh.democracy_1          0.0000
 51. eval:  milex.beh: effect from beh.GDPgrowth_1          0.0000
 52. eval:  milex.beh: effect from beh.nato_1               0.0000
 53. eval:  milex.beh: effect from beh.allies_1             0.0000
 54. eval:  milex.beh: effect from beh.military_1           0.0000
 55. eval:  milex.beh: effect from beh.lnmids_1             0.0000
 56. eval:  milex.beh: effect from beh.milexSpLag_1         0.0000


Observed values of target statistics are
  1. Amount of network change in period 1                                10.0000
  2. Amount of network change in period 2                                34.0000
  3. Amount of network change in period 3                                86.0000
  4. Amount of network change in period 4                                94.0000
  5. Amount of network change in period 5                                76.0000
  6. Amount of network change in period 6                                76.0000
  7. Amount of network change in period 7                                94.0000
  8. Amount of network change in period 8                                78.0000
  9. Amount of network change in period 9                                84.0000
 10. Amount of network change in period 10                               72.0000
 11. Amount of network change in period 11                               84.0000
 12. Amount of network change in period 12                              114.0000
 13. Amount of network change in period 13                               94.0000
 14. Amount of network change in period 14                               88.0000
 15. Amount of network change in period 15                               80.0000
 16. Amount of network change in period 16                              138.0000
 17. Amount of network change in period 17                               96.0000
 18. Number of edges                                                   4749.0000
 19. Numb. edgew. shrd prtns.(69)                                      13708.3372
 20. Sum of squared degrees                                            295492.0000
 21. Sum of ties x nets.lndistance_d                                   -9747.6740
 22. Sum of ties x nets.ATOP_d                                         5448.6151
 23. Sum of ties x nets.absidealdiff_d                                 -2610.8800
 24. Sum of ties x nets.lntrade_d                                      33846.3182
 25. Sum of ties x nets.NATO_d                                         1074.4417
 26. Sum of degrees x milex.beh                                        -147.2762
 27. Sum of degrees x beh.democracy_1                                  2684.2037
 28. Sum of degrees x beh.lncinc_1                                     11911.5952
 29. Amount of behavioral change in period 1 on milex.beh                41.0000
 30. Amount of behavioral change in period 2 on milex.beh                50.0000
 31. Amount of behavioral change in period 3 on milex.beh                57.0000
 32. Amount of behavioral change in period 4 on milex.beh                52.0000
 33. Amount of behavioral change in period 5 on milex.beh                37.0000
 34. Amount of behavioral change in period 6 on milex.beh                32.0000
 35. Amount of behavioral change in period 7 on milex.beh                28.0000
 36. Amount of behavioral change in period 8 on milex.beh                31.0000
 37. Amount of behavioral change in period 9 on milex.beh                24.0000
 38. Amount of behavioral change in period 10 on milex.beh               71.0000
 39. Amount of behavioral change in period 11 on milex.beh               34.0000
 40. Amount of behavioral change in period 12 on milex.beh               55.0000
 41. Amount of behavioral change in period 13 on milex.beh               18.0000
 42. Amount of behavioral change in period 14 on milex.beh               17.0000
 43. Amount of behavioral change in period 15 on milex.beh               48.0000
 44. Amount of behavioral change in period 16 on milex.beh               20.0000
 45. Amount of behavioral change in period 17 on milex.beh               18.0000
 46. milex.beh centered sum                                             -67.9151
 47. milex.beh sum of cent. squares                                    5722.2550
 48. milex.beh outdegrees                                              -256.4846
 49. milex.beh dense triads                                            -2686.3147
 50. milex.beh x beh.democracy_1                                       -381.2796
 51. milex.beh x beh.GDPgrowth_1                                          0.3065
 52. milex.beh x beh.nato_1                                              47.2347
 53. milex.beh x beh.allies_1                                          -4376.9242
 54. milex.beh x beh.military_1                                         126.7983
 55. milex.beh x beh.lnmids_1                                           566.8675
 56. milex.beh x beh.milexSpLag_1                                        23.5793

 56 parameters, 56 statistics

Estimation of derivatives by the LR method (type 1).


@2
End of stochastic approximation algorithm, phase 3.
---------------------------------------------------

Total of 3333 iterations.
Parameter estimates based on 2333 iterations,
convergence diagnostics, covariance and derivative matrices based on 1000 iterations.

Information for convergence diagnosis.
Averages, standard deviations, and t-ratios for deviations from targets:
  1.   0.1760    4.2571   0.0413 
  2.  -0.8620    8.1648  -0.1056 
  3.   1.2420   12.8344   0.0968 
  4.   1.4100   14.5047   0.0972 
  5.   1.1800   11.8809   0.0993 
  6.  -1.9160   11.4551  -0.1673 
  7.   1.0620   13.3200   0.0797 
  8.   1.1500   12.0510   0.0954 
  9.  -0.0400   11.9756  -0.0033 
 10.   0.7440   11.4627   0.0649 
 11.  -0.4660   12.3283  -0.0378 
 12.   0.0700   14.4208   0.0049 
 13.  -1.0140   12.8529  -0.0789 
 14.   1.3580   12.9593   0.1048 
 15.   0.0820   12.3553   0.0066 
 16.   0.5140   16.5514   0.0311 
 17.   0.8680   13.8138   0.0628 
 18.   0.9650   26.3831   0.0366 
 19.   1.1568   98.0480   0.0118 
 20.  82.2200 2504.2978   0.0328 
 21.   2.8704   65.6667   0.0437 
 22.  -1.5579   32.2493  -0.0483 
 23.   0.1804   42.9801   0.0042 
 24.   3.8829  195.6325   0.0198 
 25.  -0.5408    8.8967  -0.0608 
 26.  -1.7061   49.8515  -0.0342 
 27.  -1.0457   19.6649  -0.0532 
 28.   3.0663   85.5743   0.0358 
 29.  -0.0890    5.7292  -0.0155 
 30.   0.2090    6.0248   0.0347 
 31.   0.2630    6.4465   0.0408 
 32.   0.1920    6.1385   0.0313 
 33.   0.3420    5.4832   0.0624 
 34.  -0.0910    5.2372  -0.0174 
 35.  -0.2560    4.7862  -0.0535 
 36.   0.0400    5.2074   0.0077 
 37.   0.1020    4.6761   0.0218 
 38.  -0.3580    7.0242  -0.0510 
 39.  -0.2750    5.2384  -0.0525 
 40.  -0.2450    6.2328  -0.0393 
 41.   0.1920    4.0863   0.0470 
 42.   0.0300    3.9770   0.0075 
 43.   0.4540    6.0280   0.0753 
 44.   0.1730    4.1574   0.0416 
 45.   0.0820    3.9333   0.0208 
 46.  -0.1910   23.7180  -0.0081 
 47.   0.8368   91.0675   0.0092 
 48.  -8.5470  175.8811  -0.0486 
 49. -29.6380  463.0658  -0.0640 
 50.  -0.1883   11.8393  -0.0159 
 51.   0.0766    2.0897   0.0366 
 52.  -0.2566    9.4625  -0.0271 
 53. -23.0197  478.6788  -0.0481 
 54.  -0.1595    6.9376  -0.0230 
 55.  -0.1476   15.3117  -0.0096 
 56.   0.0121    0.4893   0.0248 

Good convergence is indicated by the t-ratios being close to zero.

Overall maximum convergence ratio =  0.4499 .



@2
Estimation Results.
-------------------

Regular end of estimation algorithm.
Total of 3333 iteration steps.


@3
Estimates and standard errors
                             
Network Dynamics
 1. rate:  constant dv.net rate (period 1)                         0.0595  (   0.0283)
 2. rate:  constant dv.net rate (period 2)                         0.1648  (   0.0409)
 3. rate:  constant dv.net rate (period 3)                         0.5605  (   0.1094)
 4. rate:  constant dv.net rate (period 4)                         0.4023  (   0.0596)
 5. rate:  constant dv.net rate (period 5)                         0.3889  (   0.0667)
 6. rate:  constant dv.net rate (period 6)                         0.3621  (   0.0690)
 7. rate:  constant dv.net rate (period 7)                         0.4637  (   0.0758)
 8. rate:  constant dv.net rate (period 8)                         0.3592  (   0.0648)
 9. rate:  constant dv.net rate (period 9)                         0.3773  (   0.0656)
10. rate:  constant dv.net rate (period 10)                        0.3162  (   0.0577)
11. rate:  constant dv.net rate (period 11)                        0.3633  (   0.0631)
12. rate:  constant dv.net rate (period 12)                        0.5025  (   0.0742)
13. rate:  constant dv.net rate (period 13)                        0.3875  (   0.0607)
14. rate:  constant dv.net rate (period 14)                        0.3605  (   0.0607)
15. rate:  constant dv.net rate (period 15)                        0.3155  (   0.0539)
16. rate:  constant dv.net rate (period 16)                        0.5697  (   0.0775)
17. rate:  constant dv.net rate (period 17)                        0.3707  (   0.0547)
18. eval:  degree (density)                                       -6.1740  (   0.2594)
19. eval:  GWESP (69)                                              2.2843  (   0.2189)
20. eval:  degree act+pop                                          0.0313  (   0.0052)
21. eval:  nets.lndistance_d                                      -0.8449  (   0.0750)
22. eval:  nets.ATOP_d                                             0.9080  (   0.1435)
23. eval:  nets.absidealdiff_d                                    -0.5245  (   0.0732)
24. eval:  nets.lntrade_d                                          0.0340  (   0.0312)
25. eval:  nets.NATO_d                                            -3.9107  (   0.4055)
26. eval:  milex.beh alter                                        -0.0692  (   0.0636)
27. eval:  beh.democracy_1 alter                                   1.4392  (   0.2697)
28. eval:  beh.lncinc_1 alter                                      0.7952  (   0.0704)
Behavior Dynamics

29. rate:  rate milex.beh (period 1)                               0.9341  (   0.1756)
30. rate:  rate milex.beh (period 2)                               1.3086  (   0.2958)
31. rate:  rate milex.beh (period 3)                               1.3574  (   0.2300)
32. rate:  rate milex.beh (period 4)                               1.1951  (   0.2266)
33. rate:  rate milex.beh (period 5)                               0.7022  (   0.1375)
34. rate:  rate milex.beh (period 6)                               0.5675  (   0.1193)
35. rate:  rate milex.beh (period 7)                               0.4740  (   0.1067)
36. rate:  rate milex.beh (period 8)                               0.5260  (   0.1061)
37. rate:  rate milex.beh (period 9)                               0.3788  (   0.0762)
38. rate:  rate milex.beh (period 10)                              1.7466  (   0.3124)
39. rate:  rate milex.beh (period 11)                              0.5947  (   0.1212)
40. rate:  rate milex.beh (period 12)                              1.3329  (   0.2665)
41. rate:  rate milex.beh (period 13)                              0.3301  (   0.0722)
42. rate:  rate milex.beh (period 14)                              0.2979  (   0.0728)
43. rate:  rate milex.beh (period 15)                              1.1028  (   0.1827)
44. rate:  rate milex.beh (period 16)                              0.4163  (   0.1023)
45. rate:  rate milex.beh (period 17)                              0.3619  (   0.0929)
46. eval:  milex.beh linear shape                                 -1.1891  (   0.0792)
47. eval:  milex.beh quadratic shape                              -0.0341  (   0.0247)
48. eval:  milex.beh degree                                        0.0957  (   0.0259)
49. eval:  milex.beh dense triads                                 -0.0244  (   0.0085)
50. eval:  milex.beh: effect from beh.democracy_1                 -0.4918  (   0.1368)
51. eval:  milex.beh: effect from beh.GDPgrowth_1                 -2.3583  (   0.8674)
52. eval:  milex.beh: effect from beh.nato_1                       0.9101  (   0.1727)
53. eval:  milex.beh: effect from beh.allies_1                    -0.0109  (   0.0036)
54. eval:  milex.beh: effect from beh.military_1                   0.2616  (   0.2007)
55. eval:  milex.beh: effect from beh.lnmids_1                     0.1499  (   0.0986)
56. eval:  milex.beh: effect from beh.milexSpLag_1                 7.6927  (   2.6903)


@3
Covariance matrices
                   
Covariance matrix of estimates (correlations below diagonal):
     0.001      0.000      0.000      0.000      0.000      0.000      0.000      0.000      0.000      0.000      0.000      0.000      0.000      0.000      0.000      0.000      0.000     -0.001      0.000      0.000      0.000      0.000      0.000      0.000      0.001      0.000      0.000      0.000      0.000      0.000      0.000      0.000      0.000      0.000      0.000      0.000      0.000      0.000      0.000      0.000      0.000      0.000      0.000      0.000      0.000      0.000      0.000      0.000      0.000      0.000      0.000      0.000      0.000      0.000      0.000     -0.003
    -0.012      0.002      0.000      0.000      0.000      0.000      0.000      0.000      0.000      0.000      0.000      0.000      0.000      0.000      0.000      0.000      0.000     -0.001      0.000      0.000      0.000      0.000      0.000      0.000     -0.001      0.000      0.000      0.000      0.000     -0.002      0.000      0.000      0.000      0.000      0.000      0.000      0.000     -0.001      0.000      0.000      0.000      0.000      0.000      0.000      0.000      0.000      0.000      0.000      0.000      0.000     -0.001      0.000      0.000      0.000      0.000      0.004
    -0.015      0.061      0.012      0.000      0.000      0.000      0.000      0.000      0.001      0.000      0.000      0.000      0.000      0.000      0.000      0.000      0.000     -0.003      0.000      0.000      0.000     -0.001      0.000      0.000      0.001      0.000     -0.002     -0.001      0.000      0.001     -0.003      0.000      0.000      0.000      0.000      0.000      0.000      0.001      0.000      0.001      0.000      0.000      0.000      0.001      0.000      0.000      0.000      0.000      0.000      0.000     -0.003      0.001      0.000     -0.001      0.000      0.012
    -0.045      0.054      0.066      0.004      0.000      0.000      0.000      0.000      0.000      0.000      0.000      0.000      0.000      0.000      0.000      0.000      0.000     -0.002      0.000      0.000      0.000      0.000      0.000      0.000     -0.001      0.000     -0.001      0.000      0.001      0.000     -0.001      0.000      0.000      0.000      0.000      0.000      0.000      0.000      0.000      0.000      0.000      0.000      0.000      0.000      0.000      0.000      0.000      0.000      0.000      0.000     -0.002      0.000      0.000      0.001      0.000     -0.005
    -0.037     -0.033      0.059     -0.015      0.004      0.000      0.000      0.000      0.000      0.000      0.000      0.000      0.000      0.000      0.000      0.000      0.000      0.000      0.000      0.000      0.000      0.000      0.000      0.000      0.001      0.000     -0.002      0.000      0.000      0.000      0.000     -0.001     -0.001      0.000      0.000      0.000      0.000      0.000      0.000      0.000      0.000      0.000      0.000      0.000      0.000      0.000      0.000      0.000      0.000      0.000      0.001      0.000      0.000      0.000      0.000      0.002
     0.037      0.030      0.041      0.046     -0.066      0.005      0.000      0.000      0.000      0.000      0.000      0.000      0.000      0.000      0.000      0.000      0.000     -0.002      0.001      0.000      0.000      0.000      0.000      0.000      0.000      0.000      0.000      0.000      0.000     -0.001      0.000     -0.001      0.000      0.000      0.000      0.000      0.000      0.000      0.000      0.000      0.000      0.000      0.000      0.000      0.000      0.000      0.000      0.000      0.000     -0.001     -0.001      0.001      0.000      0.000      0.000      0.006
    -0.025      0.060      0.003      0.024      0.004      0.039      0.006      0.000      0.000      0.000      0.000      0.000      0.000      0.000      0.000      0.000      0.000     -0.002      0.001      0.000      0.000      0.000      0.000      0.000     -0.001      0.000      0.000      0.000      0.000      0.000     -0.001      0.000      0.000      0.000      0.001      0.000      0.000      0.000      0.000     -0.001      0.000      0.000     -0.001      0.000      0.000      0.000      0.000      0.000      0.000      0.000     -0.002      0.000      0.000      0.000      0.000      0.007
     0.008     -0.001      0.051      0.048     -0.013      0.032      0.047      0.004      0.000      0.000      0.000      0.000      0.000      0.000      0.000      0.000      0.000     -0.001      0.001      0.000      0.000      0.000      0.000      0.000      0.000      0.000     -0.001      0.000      0.000      0.001      0.001      0.000      0.000      0.000      0.000      0.000      0.000      0.002      0.000      0.000      0.000      0.000      0.000      0.000      0.000      0.000      0.000      0.000      0.000      0.000     -0.003      0.000      0.000      0.000      0.000      0.007
     0.059     -0.003      0.081      0.037      0.024      0.055     -0.021      0.028      0.004      0.000      0.000      0.000      0.000      0.000      0.000      0.000      0.000     -0.001      0.001      0.000      0.000      0.000      0.000      0.000      0.000      0.000      0.000      0.000     -0.001      0.000      0.000      0.000      0.000      0.000      0.000      0.000      0.000     -0.001      0.000     -0.001      0.000      0.000      0.000      0.000      0.000      0.000      0.000      0.000      0.000      0.000     -0.002      0.000      0.000      0.000      0.000      0.003
    -0.024      0.003      0.052      0.061     -0.008     -0.014      0.027     -0.021     -0.044      0.003      0.000      0.000      0.000      0.000      0.000      0.000      0.000     -0.001      0.000      0.000      0.000      0.000      0.000      0.000      0.000      0.000      0.000      0.000      0.000      0.001      0.000      0.000      0.000      0.000      0.000      0.000      0.000      0.003      0.000      0.000      0.000      0.000      0.000      0.000      0.000      0.000      0.000      0.000      0.000      0.000      0.001     -0.001      0.000      0.000      0.000      0.001
     0.011      0.036      0.033     -0.021      0.025      0.001      0.037      0.013      0.030     -0.020      0.004      0.000      0.000      0.000      0.000      0.000      0.000      0.000      0.000      0.000      0.000     -0.001      0.000      0.000     -0.001      0.000      0.000      0.000      0.000      0.000      0.000     -0.001      0.000      0.000      0.000      0.000      0.000      0.000      0.000      0.000      0.000      0.000      0.000      0.000      0.000      0.000      0.000      0.000      0.000      0.000      0.000      0.000      0.000      0.000      0.000      0.010
     0.020     -0.004     -0.002      0.078     -0.003     -0.042      0.037      0.047     -0.012      0.058      0.005      0.006      0.000      0.000      0.000      0.000      0.000      0.000      0.001      0.000      0.000      0.000      0.000      0.000     -0.001      0.000     -0.001      0.000      0.001      0.000      0.000      0.000      0.000      0.000      0.000      0.000      0.000      0.002      0.000     -0.002      0.000      0.000      0.001      0.000      0.000      0.000      0.000      0.000      0.000      0.000      0.000      0.001      0.000      0.001      0.000     -0.004
    -0.014      0.031      0.050      0.033      0.015     -0.008     -0.037      0.012     -0.033      0.025     -0.008     -0.014      0.004      0.000      0.000      0.000      0.000      0.000      0.000      0.000      0.000      0.000      0.000      0.000      0.000      0.000      0.001      0.000      0.000     -0.001      0.000      0.000      0.001      0.000      0.000      0.000      0.000     -0.001      0.000      0.000      0.000      0.000      0.000      0.000      0.000      0.000      0.000      0.000      0.000      0.000      0.000      0.001      0.000      0.000      0.000      0.000
    -0.022      0.070      0.006      0.085      0.014      0.031      0.082      0.063      0.043      0.036      0.064      0.036      0.005      0.004      0.000      0.000      0.000     -0.001      0.000      0.000      0.000      0.000      0.000      0.000      0.001      0.000      0.000      0.000      0.000     -0.001      0.000      0.000      0.000      0.000      0.000      0.000      0.000     -0.001      0.000      0.000      0.000      0.000      0.000      0.000      0.000      0.000      0.000      0.000      0.000      0.000     -0.002      0.000      0.000      0.000      0.000      0.007
    -0.035      0.049      0.032      0.017      0.027      0.007      0.038     -0.005      0.019     -0.018      0.033      0.047      0.038     -0.028      0.003      0.000      0.000     -0.001      0.001      0.000      0.000      0.000      0.000      0.000      0.000      0.000      0.000      0.000      0.001      0.001      0.000      0.000      0.000      0.000      0.000      0.000      0.000      0.000      0.000      0.000      0.000      0.000     -0.001      0.000      0.000      0.000      0.000      0.000      0.000      0.000     -0.001      0.000      0.000      0.000      0.000     -0.007
     0.009      0.017      0.043      0.079      0.058      0.053      0.029      0.044      0.038     -0.028      0.060      0.031      0.040      0.003      0.036      0.006      0.000     -0.001      0.000      0.000      0.000     -0.001      0.000      0.000      0.001      0.000     -0.001      0.000      0.000     -0.001      0.000     -0.001      0.000      0.000      0.000      0.000      0.000      0.000      0.000     -0.001      0.000      0.000      0.000      0.001      0.000      0.000      0.000      0.000      0.000      0.000      0.003      0.000      0.000      0.000      0.000     -0.001
    -0.006      0.004     -0.045      0.009      0.040     -0.025     -0.004     -0.011     -0.047     -0.007     -0.039      0.036      0.047      0.027      0.006     -0.041      0.003      0.000      0.000      0.000      0.000      0.000      0.000      0.000      0.000      0.000     -0.001      0.000      0.001     -0.001      0.000      0.000      0.000      0.000      0.000      0.000      0.000      0.000      0.000      0.000      0.000      0.000      0.000      0.000      0.000      0.000      0.000      0.000      0.000      0.000      0.003      0.000      0.000     -0.001      0.000      0.001
    -0.075     -0.088     -0.110     -0.105      0.016     -0.093     -0.095     -0.065     -0.066     -0.036     -0.019     -0.024     -0.001     -0.063     -0.078     -0.028      0.006      0.067     -0.031      0.000      0.009     -0.006      0.005      0.002      0.031      0.002     -0.033     -0.012     -0.002      0.005      0.001      0.002     -0.001      0.001     -0.001      0.000      0.000      0.000     -0.001     -0.006     -0.001      0.000      0.002     -0.001      0.001      0.001      0.000      0.000      0.000      0.002     -0.003      0.000      0.000     -0.001      0.001     -0.003
     0.018      0.036      0.010      0.026     -0.019      0.080      0.057      0.083      0.104      0.025      0.032      0.050     -0.002      0.029      0.063     -0.012      0.009     -0.548      0.048     -0.001     -0.005      0.001     -0.002     -0.002     -0.026      0.001      0.015      0.007      0.001     -0.002      0.000      0.000      0.000     -0.001      0.000     -0.001      0.000     -0.001      0.001      0.002      0.000      0.000     -0.001      0.002     -0.001     -0.001      0.000      0.001      0.000     -0.001     -0.002      0.000      0.000      0.002      0.000      0.040
     0.001      0.083      0.146      0.149      0.053     -0.009      0.025     -0.022     -0.031      0.035     -0.056     -0.092      0.013     -0.005      0.022      0.010     -0.039     -0.089     -0.513      0.000      0.000      0.000      0.000      0.000      0.000      0.000      0.000      0.000      0.000      0.000      0.000      0.000      0.000      0.000      0.000      0.000      0.000      0.000      0.000      0.000      0.000      0.000      0.000      0.000      0.000      0.000      0.000      0.000      0.000      0.000      0.000      0.000      0.000      0.000      0.000     -0.001
    -0.006      0.054      0.056      0.056      0.073     -0.007      0.010     -0.010      0.038      0.037      0.014      0.011      0.001      0.052     -0.059      0.008     -0.017      0.463     -0.292      0.075      0.006      0.003      0.000      0.001      0.005      0.000     -0.006     -0.003      0.000      0.001      0.000      0.000      0.000      0.000      0.000      0.000      0.000     -0.001      0.000     -0.001      0.000      0.000      0.000      0.000      0.000      0.000      0.000      0.000      0.000      0.000     -0.001      0.000      0.000     -0.001      0.000      0.004
     0.014     -0.008     -0.080      0.018     -0.017      0.028     -0.026     -0.047      0.003      0.045     -0.057     -0.016      0.003     -0.051     -0.059     -0.076     -0.037     -0.169      0.038      0.034      0.242      0.021      0.001     -0.001     -0.005     -0.002      0.006      0.002      0.000      0.001      0.003      0.000      0.001     -0.001      0.001      0.001      0.000     -0.001      0.001      0.000      0.000      0.000     -0.001     -0.001      0.000      0.000      0.000      0.000      0.000      0.000     -0.003      0.000      0.000     -0.001      0.000     -0.002
    -0.013      0.009      0.018     -0.003      0.037      0.029     -0.017      0.042      0.046     -0.018     -0.015     -0.005      0.045     -0.006     -0.004      0.003     -0.015      0.258     -0.125     -0.011      0.072      0.094      0.005      0.000      0.007     -0.002     -0.006     -0.001      0.000      0.002      0.000      0.001      0.000      0.000      0.000      0.000      0.000      0.000      0.000      0.000      0.000      0.000     -0.001      0.000      0.000      0.000      0.000      0.000      0.000      0.000      0.001      0.001      0.000     -0.001      0.000     -0.003
    -0.015      0.025      0.132      0.097      0.100     -0.014      0.022      0.039      0.013      0.055      0.072      0.013      0.023      0.093     -0.048      0.055      0.025      0.216     -0.310      0.158      0.426     -0.220     -0.068      0.001      0.000      0.000     -0.001     -0.001      0.000      0.000      0.000      0.000      0.000      0.000      0.000      0.000      0.000      0.000      0.000      0.000      0.000      0.000      0.000      0.000      0.000      0.000      0.000      0.000      0.000      0.000      0.001      0.000      0.000      0.000      0.000      0.001
     0.059     -0.057      0.016     -0.036      0.026     -0.001     -0.033     -0.007     -0.016     -0.009     -0.058     -0.027     -0.007      0.024     -0.016      0.037      0.017      0.292     -0.296     -0.023      0.154     -0.090      0.220     -0.017      0.164     -0.003     -0.027     -0.003     -0.002     -0.001     -0.003      0.003      0.000      0.001      0.000      0.001      0.000      0.004     -0.003      0.003      0.000     -0.001     -0.003     -0.002      0.000      0.000      0.001      0.000      0.000      0.001     -0.002      0.001      0.000      0.000      0.000     -0.028
    -0.046     -0.052     -0.025     -0.008     -0.018     -0.044     -0.039      0.013     -0.039     -0.006      0.056     -0.022      0.023      0.035     -0.001      0.016      0.008      0.135      0.070     -0.130     -0.049     -0.196     -0.335      0.019     -0.115      0.004      0.004     -0.001      0.000     -0.001      0.000      0.000      0.000      0.000      0.000      0.000      0.000      0.000      0.000      0.000      0.000      0.000      0.000      0.000      0.000      0.000      0.000      0.000      0.000      0.001     -0.001      0.000      0.000      0.000      0.000      0.003
    -0.016      0.008     -0.061     -0.083     -0.095      0.015      0.002     -0.054     -0.024     -0.014      0.021     -0.064      0.032     -0.022     -0.003     -0.031     -0.078     -0.469      0.256     -0.123     -0.301      0.145     -0.297     -0.151     -0.247      0.204      0.073      0.004     -0.001      0.000      0.001      0.002     -0.001      0.000      0.001      0.001      0.001     -0.002      0.000      0.002      0.000     -0.001      0.001      0.001     -0.001      0.000     -0.001      0.000      0.000     -0.001     -0.002     -0.001      0.000      0.003     -0.001      0.038
     0.057     -0.024     -0.092     -0.075     -0.102     -0.002     -0.003     -0.014     -0.018     -0.049     -0.054      0.025     -0.051     -0.036      0.017     -0.042      0.000     -0.651      0.439     -0.268     -0.536      0.173     -0.214     -0.578     -0.100     -0.227      0.221      0.005      0.000     -0.001      0.000     -0.001      0.000      0.000      0.000      0.000      0.000      0.000      0.000      0.001      0.000      0.000     -0.001      0.000     -0.001      0.000      0.000      0.000      0.000     -0.001      0.000      0.000      0.000      0.001      0.000     -0.003
    -0.010      0.001     -0.004      0.074      0.029     -0.033      0.010     -0.012     -0.046     -0.011     -0.007      0.040      0.030     -0.040      0.066     -0.015      0.065     -0.035      0.013      0.014     -0.028      0.004      0.003      0.003     -0.023     -0.043     -0.015      0.029      0.031      0.001      0.000      0.001      0.002      0.000      0.000      0.000      0.000      0.000      0.000      0.000      0.000      0.000      0.000      0.000      0.001      0.000      0.000      0.000      0.000      0.001     -0.007     -0.002      0.000     -0.001      0.001      0.001
     0.039     -0.134      0.016     -0.003      0.000     -0.040      0.003      0.040     -0.021      0.033     -0.001      0.022     -0.049     -0.032      0.032     -0.063     -0.044      0.059     -0.031     -0.018      0.044      0.018      0.074     -0.006     -0.011     -0.040     -0.001     -0.041      0.011      0.087      0.000      0.000      0.001      0.000     -0.001      0.002      0.000     -0.004      0.000      0.002     -0.001      0.000      0.002      0.000      0.000      0.000      0.001      0.000      0.000      0.004      0.009     -0.006      0.000      0.000     -0.002     -0.008
     0.021     -0.008     -0.102     -0.070     -0.024     -0.024     -0.052      0.053      0.008      0.030      0.024      0.021      0.013      0.019      0.008     -0.015      0.018      0.017      0.008     -0.067      0.023      0.082      0.028     -0.028     -0.037      0.003      0.008      0.026      0.006      0.003      0.053      0.000      0.001     -0.002      0.001      0.000      0.000      0.004      0.001      0.000      0.000      0.000      0.001      0.000     -0.001      0.000      0.001      0.000      0.000      0.002      0.020      0.000      0.000     -0.002      0.000      0.011
    -0.003     -0.041      0.008      0.033     -0.045     -0.032      0.000     -0.018     -0.019      0.010     -0.035     -0.025     -0.024      0.000     -0.025     -0.082      0.000      0.037     -0.010     -0.010      0.023      0.001      0.066     -0.009      0.035      0.032      0.027     -0.048      0.033      0.003     -0.002      0.051     -0.001      0.001      0.000      0.001      0.000     -0.004      0.002      0.000      0.001      0.000      0.000      0.000      0.000      0.000      0.001      0.000      0.000      0.002      0.015      0.000      0.000     -0.002      0.000      0.012
     0.007      0.026      0.017     -0.008     -0.117      0.011     -0.022     -0.041     -0.032      0.021      0.053     -0.023      0.065      0.011      0.013     -0.019     -0.027     -0.022      0.004      0.008      0.015      0.047      0.002      0.009     -0.002     -0.037     -0.014      0.010      0.072      0.017      0.038     -0.045      0.019      0.000      0.000      0.000      0.000      0.000      0.000      0.003      0.000      0.000      0.000      0.000      0.000     -0.001      0.000      0.000      0.000      0.001      0.010      0.000      0.000      0.001      0.001      0.005
     0.017     -0.018     -0.001     -0.027     -0.015      0.026      0.013      0.026     -0.036      0.002      0.020     -0.035     -0.023      0.010     -0.029     -0.035      0.029      0.016     -0.040      0.058     -0.027     -0.039     -0.056     -0.010      0.018      0.010     -0.009     -0.018      0.003     -0.011     -0.074      0.029      0.012      0.014      0.000      0.001      0.000     -0.001      0.000      0.002      0.000      0.001      0.000      0.000      0.000     -0.001      0.000      0.000      0.000      0.000      0.000      0.001      0.000      0.001      0.000     -0.005
     0.023      0.003      0.023     -0.005      0.020      0.005      0.080     -0.017      0.018      0.015      0.049      0.036      0.023      0.016     -0.029      0.002     -0.026     -0.028     -0.002      0.022      0.017      0.055     -0.040     -0.016     -0.003      0.039      0.042      0.030      0.022     -0.016      0.022     -0.020      0.029     -0.039      0.011      0.000      0.000      0.000      0.000     -0.001      0.000      0.000     -0.001      0.000      0.000      0.000      0.000      0.000      0.000      0.001      0.002     -0.001      0.000     -0.001      0.000     -0.008
     0.006     -0.018     -0.040     -0.052     -0.001     -0.015     -0.019      0.068     -0.013     -0.026      0.022      0.020     -0.010     -0.007     -0.006      0.019      0.011     -0.008     -0.024     -0.001     -0.021      0.044      0.017      0.002      0.016     -0.039      0.021      0.000      0.016      0.050      0.016      0.034      0.016      0.043      0.009      0.011      0.000      0.000      0.000      0.001      0.000      0.000      0.000      0.000      0.000      0.000      0.000      0.000      0.000      0.000     -0.002      0.000      0.000      0.001      0.001      0.000
    -0.004     -0.013      0.009      0.012      0.027      0.015     -0.035      0.001     -0.043     -0.021      0.039     -0.023      0.034     -0.004     -0.002     -0.005     -0.034     -0.001      0.012     -0.046      0.027      0.022     -0.075     -0.001      0.013     -0.027      0.067      0.017      0.024     -0.009      0.008     -0.024      0.025     -0.024      0.029     -0.039      0.006      0.000      0.000      0.000      0.000      0.000      0.000      0.000      0.000      0.000      0.000      0.000      0.000      0.000     -0.001      0.001      0.000      0.000      0.000      0.004
    -0.006     -0.049      0.028     -0.003     -0.004      0.007     -0.001      0.077     -0.029      0.164      0.022      0.066     -0.027     -0.049      0.002      0.017     -0.012      0.003     -0.021      0.027     -0.025     -0.019      0.011     -0.018      0.032      0.006     -0.019     -0.011      0.002     -0.041      0.058     -0.063      0.009     -0.037      0.008      0.006      0.009      0.098     -0.001     -0.002      0.000      0.000     -0.001     -0.001      0.000      0.000      0.000      0.000      0.000     -0.002      0.013     -0.002      0.000      0.000     -0.002      0.024
     0.012      0.039      0.027      0.029     -0.034      0.022      0.000     -0.025     -0.024     -0.006      0.051     -0.026      0.013      0.041     -0.034      0.021     -0.015     -0.026      0.040      0.006      0.006      0.039     -0.020     -0.012     -0.064      0.025     -0.011     -0.003     -0.013     -0.002      0.029      0.075      0.010      0.034     -0.006      0.029     -0.010     -0.021      0.015     -0.001      0.000      0.000      0.001      0.000      0.000      0.000      0.000      0.000      0.000      0.000      0.006      0.001      0.000      0.001      0.000     -0.008
     0.015     -0.032      0.032     -0.021     -0.025      0.016     -0.035      0.020     -0.035     -0.001     -0.028     -0.116     -0.026     -0.029      0.027     -0.035     -0.032     -0.081      0.041     -0.002     -0.041     -0.001      0.012     -0.032      0.032      0.010      0.030      0.051      0.001      0.028      0.003      0.007      0.073      0.051     -0.024      0.052      0.016     -0.019     -0.040      0.071      0.000      0.000      0.001      0.000     -0.001     -0.001      0.000      0.000      0.000     -0.001     -0.004     -0.003      0.000     -0.003      0.001     -0.003
     0.012      0.057     -0.005      0.014     -0.056      0.004     -0.057     -0.011     -0.086      0.077     -0.009      0.034      0.070     -0.050      0.013     -0.033      0.011     -0.037     -0.005      0.019     -0.047      0.008      0.010     -0.009      0.008     -0.062     -0.016      0.053     -0.020     -0.047      0.009      0.034     -0.010      0.007     -0.003      0.029     -0.029      0.016      0.004      0.004      0.005      0.000      0.000      0.000      0.000      0.000      0.000      0.000      0.000      0.000      0.004      0.000      0.000      0.000      0.000      0.003
    -0.045     -0.022      0.012     -0.025      0.016     -0.003     -0.025      0.015     -0.041     -0.063      0.009     -0.005      0.021     -0.079      0.013      0.056      0.012      0.015     -0.004      0.026     -0.007     -0.008      0.006     -0.011     -0.017     -0.008     -0.030      0.003      0.009     -0.016     -0.015     -0.010     -0.006      0.076     -0.041      0.028     -0.014      0.013     -0.046      0.025     -0.007      0.005      0.000      0.000      0.000     -0.001      0.000      0.000      0.000      0.000      0.000      0.001      0.000      0.000      0.000      0.003
     0.013      0.003     -0.015     -0.009     -0.009     -0.003     -0.056     -0.009     -0.023     -0.013      0.027      0.073      0.024      0.014     -0.107     -0.007     -0.007      0.038     -0.031      0.005      0.032     -0.051     -0.043      0.050     -0.036      0.024      0.016     -0.039     -0.014      0.034      0.021      0.003      0.003      0.019     -0.032     -0.007      0.020     -0.022      0.056      0.015     -0.012     -0.008      0.033      0.000      0.000      0.000      0.000      0.000      0.000     -0.002      0.001      0.000      0.000      0.001      0.001      0.016
    -0.013      0.014      0.059      0.010     -0.006      0.029      0.025     -0.040      0.039      0.013      0.012      0.031     -0.005     -0.013     -0.008      0.101     -0.007     -0.030      0.075     -0.024     -0.061     -0.089     -0.034      0.020     -0.043      0.020      0.031     -0.015      0.019      0.016     -0.004     -0.002     -0.005      0.003      0.043     -0.023     -0.021     -0.024      0.013     -0.016     -0.031      0.043     -0.003      0.010      0.000     -0.001      0.000      0.000      0.000      0.001     -0.005      0.000      0.000     -0.001      0.000      0.005
     0.028      0.010     -0.040     -0.009      0.019      0.034     -0.046     -0.074      0.021     -0.001     -0.006      0.008      0.012     -0.026      0.039      0.022      0.054      0.057     -0.072      0.054      0.057     -0.027      0.002      0.072      0.004      0.013     -0.059     -0.098      0.038      0.000     -0.050      0.011      0.008      0.006     -0.016     -0.002      0.007     -0.009      0.023     -0.052      0.036      0.019     -0.010      0.003      0.009     -0.001      0.000      0.000      0.000     -0.001      0.002      0.001      0.000      0.000      0.000      0.001
     0.041      0.040     -0.049     -0.022      0.001     -0.025     -0.022     -0.015     -0.024     -0.023      0.037     -0.015     -0.004     -0.026      0.011     -0.018     -0.038      0.051     -0.081      0.046      0.062      0.017      0.011      0.059     -0.005      0.025     -0.020     -0.074      0.008     -0.019     -0.005     -0.022     -0.047     -0.072     -0.039     -0.051      0.002     -0.016     -0.046     -0.054     -0.004     -0.130     -0.017     -0.097     -0.080      0.006      0.000     -0.001      0.000      0.002      0.015     -0.002      0.000     -0.002      0.000     -0.033
     0.051     -0.047     -0.020     -0.006     -0.039     -0.067     -0.031     -0.004     -0.038      0.039     -0.042     -0.019      0.003     -0.055      0.004     -0.019     -0.017      0.037     -0.085      0.071      0.014      0.004      0.012      0.001      0.059     -0.016     -0.085     -0.015      0.091      0.179      0.090      0.118      0.095      0.135      0.095      0.024     -0.013      0.049      0.112      0.043      0.087      0.078      0.017     -0.016      0.027     -0.078      0.001      0.000      0.000      0.001      0.004      0.000      0.000      0.000      0.000     -0.024
    -0.033     -0.109      0.028      0.005      0.046      0.027      0.060      0.005      0.025      0.040     -0.016      0.002     -0.017      0.035     -0.009      0.065     -0.024     -0.067      0.121     -0.064     -0.055      0.015      0.019     -0.069     -0.018     -0.006      0.035      0.083     -0.020      0.002     -0.033     -0.050     -0.046     -0.061      0.002     -0.019     -0.017      0.026      0.033      0.050     -0.053      0.107      0.015      0.083      0.045     -0.557     -0.205      0.001      0.000     -0.001     -0.003      0.000      0.000      0.000     -0.001      0.011
     0.027      0.105     -0.014     -0.013     -0.047     -0.029     -0.053      0.006     -0.010     -0.033     -0.009     -0.025      0.027     -0.029      0.016     -0.067      0.019      0.062     -0.134      0.089      0.040     -0.033     -0.021      0.072      0.024     -0.009     -0.030     -0.082      0.020      0.017      0.021      0.051      0.043      0.068     -0.006      0.021      0.013     -0.059     -0.043     -0.033      0.045     -0.089     -0.044     -0.085     -0.052      0.375      0.184     -0.912      0.000      0.000      0.000      0.000      0.000      0.000      0.000     -0.003
     0.006      0.029     -0.014      0.003     -0.015     -0.065     -0.009     -0.030     -0.029     -0.017      0.030     -0.022      0.003      0.057      0.003     -0.024     -0.028      0.048     -0.038      0.021      0.042     -0.004     -0.034      0.075      0.025      0.064     -0.019     -0.069      0.045      0.108      0.065      0.051      0.038     -0.020      0.074     -0.001     -0.027     -0.047     -0.009     -0.041     -0.027     -0.035     -0.066      0.041     -0.072      0.176      0.167     -0.151      0.140      0.019      0.006     -0.010      0.000      0.004      0.001      0.015
    -0.007     -0.018     -0.037     -0.040      0.023     -0.009     -0.030     -0.060     -0.040      0.024     -0.001      0.004     -0.007     -0.036     -0.020      0.051      0.061     -0.014     -0.010     -0.008     -0.011     -0.027      0.016      0.032     -0.007     -0.014     -0.010      0.005     -0.046      0.034      0.102      0.075      0.088      0.004      0.025     -0.027     -0.008      0.047      0.061     -0.016      0.058     -0.005      0.009     -0.052      0.019      0.217      0.189     -0.111      0.058      0.053      0.752     -0.006      0.000     -0.016      0.004     -0.325
     0.015      0.034      0.027      0.002     -0.016      0.060      0.008      0.041      0.021     -0.056      0.030      0.051      0.051     -0.011      0.015     -0.017      0.025      0.007     -0.005     -0.019      0.007     -0.008      0.059     -0.021      0.012      0.015     -0.021      0.013     -0.057     -0.127     -0.010     -0.008      0.001      0.062     -0.054     -0.012      0.042     -0.046      0.026     -0.060      0.016      0.068      0.010     -0.009      0.076     -0.128     -0.050     -0.110      0.044     -0.431     -0.041      0.030      0.000     -0.001     -0.002     -0.003
     0.031      0.004     -0.081      0.048     -0.021     -0.012     -0.033     -0.028     -0.031      0.010     -0.018     -0.053      0.001     -0.026     -0.036      0.020      0.002      0.007      0.001     -0.017      0.008      0.035     -0.018      0.008     -0.031     -0.013      0.021     -0.002      0.027      0.068     -0.020      0.023      0.019     -0.066      0.002      0.016     -0.001      0.064     -0.030     -0.003      0.024     -0.151      0.022     -0.087     -0.046      0.395      0.095     -0.321      0.179     -0.059      0.098     -0.312      0.000      0.000      0.000      0.000
    -0.057      0.004     -0.035      0.072     -0.036      0.027     -0.013     -0.022     -0.009     -0.025      0.024      0.052     -0.007      0.020      0.008      0.007     -0.078     -0.029      0.038     -0.044     -0.063     -0.021     -0.036     -0.063     -0.002     -0.005      0.063      0.078     -0.018     -0.003     -0.038     -0.033      0.029      0.022     -0.055      0.036      0.014      0.006      0.021     -0.053     -0.010      0.010      0.028     -0.030     -0.027     -0.118     -0.095      0.036      0.005      0.163     -0.093     -0.015      0.032      0.040      0.000      0.046
    -0.013      0.089     -0.007      0.033      0.019     -0.008     -0.054     -0.014      0.015      0.007     -0.003     -0.020     -0.021      0.021     -0.004     -0.009      0.039      0.020     -0.005      0.005      0.020      0.001      0.054      0.000      0.004     -0.062     -0.042     -0.013      0.062     -0.080     -0.009      0.015      0.055      0.031      0.031      0.056      0.010     -0.055      0.041      0.040     -0.027     -0.069      0.044     -0.022     -0.003      0.058     -0.174     -0.228      0.199      0.096      0.047     -0.123     -0.041     -0.004      0.010     -0.029
    -0.043      0.034      0.042     -0.029      0.013      0.030      0.032      0.040      0.017      0.009      0.060     -0.020      0.002      0.044     -0.045     -0.003      0.009     -0.004      0.068     -0.057      0.019     -0.005     -0.014      0.012     -0.026      0.020      0.053     -0.017      0.001     -0.010      0.018      0.020      0.015     -0.017     -0.029     -0.002      0.019      0.028     -0.025     -0.005      0.015      0.013      0.033      0.020      0.004     -0.154     -0.361      0.153     -0.113      0.042     -0.139     -0.006     -0.043      0.086     -0.108      7.238

Derivative matrix of expected statistics X by parameters and
covariance/correlation matrix of X can be found using
summary(ans) within R, or by using the 'verbose' option in Siena07.
 
Total computation time 906.36 seconds.
