

-----------------------------------
New Analysis started.
Date and time: 20/09/2026 23:47:33
New results follow.
-----------------------------------

RSiena version 1.3.10 (28 Apr 22)


@1
Estimation by stochastic approximation algorithm.
=================================================

Current random number seed is 12346.
Effects object used: effs 
Model Type:
 Initiative model
Behavioral Model Type:
 Standard behavior actor-oriented model ('restrict')
Estimation method: unconditional moment estimation
.

Time duration for simulations in each period is 1.0.
Changing composition.
Joiners/leavers option: 1
Standard errors are estimated with the likelihood ratio method.
Dolby method (regression on scores) is used.
Initial value of gain parameter is  0.2000000.
Reduction factor for gain parameter is  0.5000000.
Number of subphases in Phase 2 is 3.

Initial parameter values are 
  1. rate:  constant dv.net rate (period 1)                 0.0463
  2. rate:  constant dv.net rate (period 2)                 0.1413
  3. rate:  constant dv.net rate (period 3)                 0.4252
  4. rate:  constant dv.net rate (period 4)                 0.3503
  5. rate:  constant dv.net rate (period 5)                 0.3251
  6. rate:  constant dv.net rate (period 6)                 0.3251
  7. rate:  constant dv.net rate (period 7)                 0.4021
  8. rate:  constant dv.net rate (period 8)                 0.3147
  9. rate:  constant dv.net rate (period 9)                 0.3307
 10. rate:  constant dv.net rate (period 10)                0.2754
 11. rate:  constant dv.net rate (period 11)                0.3247
 12. rate:  constant dv.net rate (period 12)                0.4482
 13. rate:  constant dv.net rate (period 13)                0.3547
 14. rate:  constant dv.net rate (period 14)                0.3254
 15. rate:  constant dv.net rate (period 15)                0.2912
 16. rate:  constant dv.net rate (period 16)                0.5148
 17. rate:  constant dv.net rate (period 17)                0.3430
 18. rate:  constant dv.net rate (period 18)                0.4015
 19. eval:  degree (density)                               -5.5219
 20. eval:  transitive triads                               0.1543
 21. eval:  degree act+pop                                  0.0571
 22. eval:  nets.lndistance_d                              -0.8501
 23. eval:  nets.ATOP_d                                     1.0892
 24. eval:  nets.absidealdiff_d                            -0.6014
 25. eval:  nets.lntrade_d                                  0.0724
 26. eval:  nets.NATO_d                                    -3.3426
 27. eval:  milex.beh alter                                -0.0598
 28. eval:  beh.democracy_1 alter                           1.4389
 29. eval:  beh.lncinc_1 alter                              0.7934
 30. rate:  rate milex.beh (period 1)                       0.9355
 31. rate:  rate milex.beh (period 2)                       1.3180
 32. rate:  rate milex.beh (period 3)                       1.3558
 33. rate:  rate milex.beh (period 4)                       1.1811
 34. rate:  rate milex.beh (period 5)                       0.7012
 35. rate:  rate milex.beh (period 6)                       0.5701
 36. rate:  rate milex.beh (period 7)                       0.4737
 37. rate:  rate milex.beh (period 8)                       0.5234
 38. rate:  rate milex.beh (period 9)                       0.3736
 39. rate:  rate milex.beh (period 10)                      1.7216
 40. rate:  rate milex.beh (period 11)                      0.5854
 41. rate:  rate milex.beh (period 12)                      1.3154
 42. rate:  rate milex.beh (period 13)                      0.3238
 43. rate:  rate milex.beh (period 14)                      0.2968
 44. rate:  rate milex.beh (period 15)                      1.0912
 45. rate:  rate milex.beh (period 16)                      0.4124
 46. rate:  rate milex.beh (period 17)                      0.3556
 47. rate:  rate milex.beh (period 18)                      0.4026
 48. eval:  milex.beh linear shape                         -1.1745
 49. eval:  milex.beh quadratic shape                      -0.0273
 50. eval:  milex.beh degree                                0.0898
 51. eval:  milex.beh dense triads                         -0.0210
 52. eval:  milex.beh: effect from beh.democracy_1         -0.4495
 53. eval:  milex.beh: effect from beh.GDPgrowth_1         -2.2472
 54. eval:  milex.beh: effect from beh.nato_1               0.8789
 55. eval:  milex.beh: effect from beh.allies_1            -0.0111
 56. eval:  milex.beh: effect from beh.military_1           0.2556
 57. eval:  milex.beh: effect from beh.lnmids_1             0.1341
 58. eval:  milex.beh: effect from beh.milexSpLag_1         7.2079


Observed values of target statistics are
  1. Amount of network change in period 1                                10.0000
  2. Amount of network change in period 2                                34.0000
  3. Amount of network change in period 3                                86.0000
  4. Amount of network change in period 4                                94.0000
  5. Amount of network change in period 5                                76.0000
  6. Amount of network change in period 6                                76.0000
  7. Amount of network change in period 7                                94.0000
  8. Amount of network change in period 8                                78.0000
  9. Amount of network change in period 9                                84.0000
 10. Amount of network change in period 10                               72.0000
 11. Amount of network change in period 11                               84.0000
 12. Amount of network change in period 12                              114.0000
 13. Amount of network change in period 13                               94.0000
 14. Amount of network change in period 14                               88.0000
 15. Amount of network change in period 15                               80.0000
 16. Amount of network change in period 16                              138.0000
 17. Amount of network change in period 17                               96.0000
 18. Amount of network change in period 18                              112.0000
 19. Number of edges                                                   5257.0000
 20. Number of transitive triads                                       7339.0000
 21. Sum of squared degrees                                            333172.0000
 22. Sum of ties x nets.lndistance_d                                   -10629.6066
 23. Sum of ties x nets.ATOP_d                                         5960.4379
 24. Sum of ties x nets.absidealdiff_d                                 -2858.5692
 25. Sum of ties x nets.lntrade_d                                      37643.5933
 26. Sum of ties x nets.NATO_d                                         1247.4871
 27. Sum of degrees x milex.beh                                        -136.5119
 28. Sum of degrees x beh.democracy_1                                  2911.8786
 29. Sum of degrees x beh.lncinc_1                                     13015.0208
 30. Amount of behavioral change in period 1 on milex.beh                41.0000
 31. Amount of behavioral change in period 2 on milex.beh                50.0000
 32. Amount of behavioral change in period 3 on milex.beh                57.0000
 33. Amount of behavioral change in period 4 on milex.beh                52.0000
 34. Amount of behavioral change in period 5 on milex.beh                37.0000
 35. Amount of behavioral change in period 6 on milex.beh                32.0000
 36. Amount of behavioral change in period 7 on milex.beh                28.0000
 37. Amount of behavioral change in period 8 on milex.beh                31.0000
 38. Amount of behavioral change in period 9 on milex.beh                24.0000
 39. Amount of behavioral change in period 10 on milex.beh               71.0000
 40. Amount of behavioral change in period 11 on milex.beh               34.0000
 41. Amount of behavioral change in period 12 on milex.beh               55.0000
 42. Amount of behavioral change in period 13 on milex.beh               18.0000
 43. Amount of behavioral change in period 14 on milex.beh               17.0000
 44. Amount of behavioral change in period 15 on milex.beh               48.0000
 45. Amount of behavioral change in period 16 on milex.beh               20.0000
 46. Amount of behavioral change in period 17 on milex.beh               18.0000
 47. Amount of behavioral change in period 18 on milex.beh               21.0000
 48. milex.beh centered sum                                             -69.2728
 49. milex.beh sum of cent. squares                                    5872.2362
 50. milex.beh outdegrees                                              -140.2801
 51. milex.beh dense triads                                            -2487.5508
 52. milex.beh x beh.democracy_1                                       -379.2596
 53. milex.beh x beh.GDPgrowth_1                                         -0.6794
 54. milex.beh x beh.nato_1                                              58.7026
 55. milex.beh x beh.allies_1                                          -4906.7851
 56. milex.beh x beh.military_1                                         125.8892
 57. milex.beh x beh.lnmids_1                                           583.7664
 58. milex.beh x beh.milexSpLag_1                                        23.9632

 58 parameters, 58 statistics

Estimation of derivatives by the LR method (type 1).


@2
End of stochastic approximation algorithm, phase 3.
---------------------------------------------------

Total of 3206 iterations.
Parameter estimates based on 2206 iterations,
convergence diagnostics, covariance and derivative matrices based on 1000 iterations.

Information for convergence diagnosis.
Averages, standard deviations, and t-ratios for deviations from targets:
  1.    0.1720    4.3263   0.0398 
  2.   -0.0060    8.3854  -0.0007 
  3.   -0.1640   12.0714  -0.0136 
  4.   -0.6060   13.4567  -0.0450 
  5.    0.5900   11.4509   0.0515 
  6.    0.2800   11.5467   0.0242 
  7.    0.0840   13.0308   0.0064 
  8.   -0.2160   11.9747  -0.0180 
  9.    1.2220   12.6465   0.0966 
 10.    0.3120   11.4151   0.0273 
 11.   -0.0680   12.3218  -0.0055 
 12.    0.4460   14.8257   0.0301 
 13.   -0.9800   13.5537  -0.0723 
 14.   -0.1720   12.4031  -0.0139 
 15.   -0.5580   11.7254  -0.0476 
 16.    0.5380   16.2639   0.0331 
 17.   -0.1820   13.6425  -0.0133 
 18.   -0.5900   14.7890  -0.0399 
 19.   -0.4530   27.2593  -0.0166 
 20.   -5.7850   91.1721  -0.0635 
 21. -127.2960 2832.9417  -0.0449 
 22.    2.7246   67.4960   0.0404 
 23.   -1.4420   33.6923  -0.0428 
 24.   -0.3268   48.3172  -0.0068 
 25.  -12.3474  204.3595  -0.0604 
 26.    0.0276   11.1038   0.0025 
 27.   -1.5201   55.5996  -0.0273 
 28.    0.7150   19.3263   0.0370 
 29.   -4.1064   89.7665  -0.0457 
 30.    0.5100    5.6475   0.0903 
 31.    0.0320    6.0806   0.0053 
 32.   -0.0520    6.4601  -0.0080 
 33.    0.5060    6.2558   0.0809 
 34.   -0.1310    5.4721  -0.0239 
 35.   -0.1130    5.4173  -0.0209 
 36.   -0.0740    5.0008  -0.0148 
 37.   -0.2350    5.1897  -0.0453 
 38.   -0.0070    4.6603  -0.0015 
 39.   -0.6470    6.9130  -0.0936 
 40.   -0.2090    5.0074  -0.0417 
 41.   -0.2690    6.0936  -0.0441 
 42.   -0.0450    3.8872  -0.0116 
 43.    0.0980    3.9827   0.0246 
 44.    0.1910    6.2318   0.0306 
 45.    0.1660    4.1284   0.0402 
 46.    0.0220    4.0261   0.0055 
 47.    0.1080    4.2112   0.0256 
 48.    0.1870   24.2482   0.0077 
 49.   -5.9378   95.6410  -0.0621 
 50.   13.0140  187.7756   0.0693 
 51.   45.4970  513.8546   0.0885 
 52.   -0.0389   12.6042  -0.0031 
 53.    0.0129    2.1816   0.0059 
 54.    0.4536    9.7503   0.0465 
 55.    6.5375  485.2497   0.0135 
 56.    0.0758    6.8358   0.0111 
 57.   -0.2674   15.3333  -0.0174 
 58.   -0.0066    0.5071  -0.0131 

Good convergence is indicated by the t-ratios being close to zero.

Overall maximum convergence ratio =  0.3191 .



@2
Estimation Results.
-------------------

Regular end of estimation algorithm.
Total of 3206 iteration steps.


@3
Estimates and standard errors
                             
Network Dynamics
 1. rate:  constant dv.net rate (period 1)                         0.0473  (   0.0221)
 2. rate:  constant dv.net rate (period 2)                         0.1391  (   0.0336)
 3. rate:  constant dv.net rate (period 3)                         0.4310  (   0.0831)
 4. rate:  constant dv.net rate (period 4)                         0.3476  (   0.0531)
 5. rate:  constant dv.net rate (period 5)                         0.3250  (   0.0632)
 6. rate:  constant dv.net rate (period 6)                         0.3208  (   0.0597)
 7. rate:  constant dv.net rate (period 7)                         0.3967  (   0.0671)
 8. rate:  constant dv.net rate (period 8)                         0.3074  (   0.0538)
 9. rate:  constant dv.net rate (period 9)                         0.3287  (   0.0548)
10. rate:  constant dv.net rate (period 10)                        0.2760  (   0.0491)
11. rate:  constant dv.net rate (period 11)                        0.3217  (   0.0526)
12. rate:  constant dv.net rate (period 12)                        0.4457  (   0.0644)
13. rate:  constant dv.net rate (period 13)                        0.3531  (   0.0549)
14. rate:  constant dv.net rate (period 14)                        0.3229  (   0.0544)
15. rate:  constant dv.net rate (period 15)                        0.2891  (   0.0500)
16. rate:  constant dv.net rate (period 16)                        0.5158  (   0.0659)
17. rate:  constant dv.net rate (period 17)                        0.3417  (   0.0515)
18. rate:  constant dv.net rate (period 18)                        0.3967  (   0.0542)
19. eval:  degree (density)                                       -5.5374  (   0.2296)
20. eval:  transitive triads                                       0.1578  (   0.0520)
21. eval:  degree act+pop                                          0.0570  (   0.0051)
22. eval:  nets.lndistance_d                                      -0.8552  (   0.0689)
23. eval:  nets.ATOP_d                                             1.0976  (   0.1327)
24. eval:  nets.absidealdiff_d                                    -0.6057  (   0.0742)
25. eval:  nets.lntrade_d                                          0.0708  (   0.0287)
26. eval:  nets.NATO_d                                            -3.3757  (   0.3523)
27. eval:  milex.beh alter                                        -0.0585  (   0.0593)
28. eval:  beh.democracy_1 alter                                   1.4643  (   0.2402)
29. eval:  beh.lncinc_1 alter                                      0.7991  (   0.0663)
Behavior Dynamics

30. rate:  rate milex.beh (period 1)                               0.9398  (   0.1626)
31. rate:  rate milex.beh (period 2)                               1.3010  (   0.2227)
32. rate:  rate milex.beh (period 3)                               1.3508  (   0.2607)
33. rate:  rate milex.beh (period 4)                               1.1891  (   0.1916)
34. rate:  rate milex.beh (period 5)                               0.6938  (   0.1302)
35. rate:  rate milex.beh (period 6)                               0.5687  (   0.1127)
36. rate:  rate milex.beh (period 7)                               0.4747  (   0.0910)
37. rate:  rate milex.beh (period 8)                               0.5197  (   0.1056)
38. rate:  rate milex.beh (period 9)                               0.3740  (   0.0892)
39. rate:  rate milex.beh (period 10)                              1.7108  (   0.3105)
40. rate:  rate milex.beh (period 11)                              0.5872  (   0.1162)
41. rate:  rate milex.beh (period 12)                              1.3212  (   0.2278)
42. rate:  rate milex.beh (period 13)                              0.3236  (   0.0896)
43. rate:  rate milex.beh (period 14)                              0.3021  (   0.0820)
44. rate:  rate milex.beh (period 15)                              1.0880  (   0.2225)
45. rate:  rate milex.beh (period 16)                              0.4102  (   0.1212)
46. rate:  rate milex.beh (period 17)                              0.3568  (   0.0839)
47. rate:  rate milex.beh (period 18)                              0.4041  (   0.1017)
48. eval:  milex.beh linear shape                                 -1.1736  (   0.0791)
49. eval:  milex.beh quadratic shape                              -0.0280  (   0.0247)
50. eval:  milex.beh degree                                        0.0894  (   0.0235)
51. eval:  milex.beh dense triads                                 -0.0208  (   0.0075)
52. eval:  milex.beh: effect from beh.democracy_1                 -0.4473  (   0.1401)
53. eval:  milex.beh: effect from beh.GDPgrowth_1                 -2.2413  (   0.8575)
54. eval:  milex.beh: effect from beh.nato_1                       0.8752  (   0.1651)
55. eval:  milex.beh: effect from beh.allies_1                    -0.0111  (   0.0035)
56. eval:  milex.beh: effect from beh.military_1                   0.2614  (   0.1955)
57. eval:  milex.beh: effect from beh.lnmids_1                     0.1356  (   0.0885)
58. eval:  milex.beh: effect from beh.milexSpLag_1                 7.2256  (   2.8190)


@3
Covariance matrices
                   
Covariance matrix of estimates (correlations below diagonal):
     0.000      0.000      0.000      0.000      0.000      0.000      0.000      0.000      0.000      0.000      0.000      0.000      0.000      0.000      0.000      0.000      0.000      0.000      0.000      0.000      0.000      0.000      0.000      0.000      0.000      0.000      0.000      0.000      0.000      0.000      0.000      0.000      0.000      0.000      0.000      0.000      0.000      0.000      0.000      0.000      0.000      0.000      0.000      0.000      0.000      0.000      0.000      0.000      0.000      0.000      0.000      0.000     -0.001      0.000      0.000      0.000      0.000      0.000
     0.002      0.001      0.000      0.000      0.000      0.000      0.000      0.000      0.000      0.000      0.000      0.000      0.000      0.000      0.000      0.000      0.000      0.000     -0.001      0.000      0.000      0.000      0.000      0.000      0.000     -0.001      0.000      0.000      0.000      0.000      0.000      0.000      0.000      0.000      0.000      0.000      0.000      0.000      0.000      0.000      0.000      0.000      0.000      0.000      0.000      0.000      0.000      0.000      0.000      0.000      0.000      0.000      0.000      0.000      0.000      0.000      0.000     -0.007
    -0.002     -0.018      0.007      0.000      0.000      0.000      0.001      0.000      0.000      0.000      0.000      0.000      0.000      0.000      0.000      0.000      0.000      0.000      0.000      0.000      0.000      0.001     -0.001      0.001      0.000      0.003      0.000     -0.004     -0.001      0.000      0.000     -0.001      0.001      0.000      0.000      0.000      0.000      0.000      0.001      0.000      0.000      0.000      0.000      0.000      0.000      0.000      0.000      0.000      0.000      0.000      0.000      0.001      0.007      0.000      0.000      0.001      0.000     -0.008
     0.032     -0.008      0.087      0.003      0.000      0.000      0.000      0.000      0.000      0.000      0.000      0.000      0.000      0.000      0.000      0.000      0.000      0.000     -0.001      0.000      0.000      0.000      0.000      0.000      0.000      0.001      0.000     -0.001      0.000      0.000      0.000      0.000     -0.001      0.000      0.000      0.000      0.000      0.000      0.001      0.000      0.000      0.000      0.000      0.000      0.000      0.000      0.000      0.000      0.000      0.000      0.000      0.000      0.001      0.000      0.000      0.000      0.000      0.008
    -0.005      0.002      0.057      0.035      0.004      0.000      0.000      0.000      0.000      0.000      0.000      0.000      0.000      0.000      0.000      0.000      0.000      0.000      0.000      0.000      0.000      0.000      0.000      0.000      0.000      0.002      0.000     -0.002     -0.001      0.000      0.000     -0.001      0.000     -0.001      0.000      0.000      0.000      0.000      0.001      0.000      0.001      0.000      0.000      0.000      0.000      0.000     -0.001      0.000      0.000      0.000      0.000      0.000     -0.002      0.000      0.000      0.000      0.000     -0.003
    -0.018     -0.020      0.070      0.077      0.061      0.004      0.000      0.000      0.000      0.000      0.000      0.000      0.000      0.000      0.000      0.000      0.000      0.000      0.001      0.000      0.000      0.000      0.000      0.000      0.000      0.001      0.000     -0.001      0.000      0.000      0.001      0.000      0.000      0.000      0.000      0.000      0.000      0.000      0.000      0.000      0.001      0.000      0.000      0.000      0.000      0.000      0.000      0.000      0.000      0.000      0.000      0.000      0.001      0.000      0.000      0.000      0.000     -0.004
     0.006      0.014      0.109      0.037      0.018      0.009      0.005      0.000      0.000      0.000      0.000      0.000      0.000      0.000      0.000      0.000      0.000      0.000      0.000      0.000      0.000      0.000     -0.001      0.000      0.000      0.001      0.000     -0.001     -0.001      0.000      0.000      0.000      0.000      0.000      0.000      0.000      0.000      0.000     -0.001      0.000      0.000      0.000      0.000      0.001      0.000      0.000      0.000      0.000      0.000      0.000      0.000      0.001      0.002     -0.001      0.000     -0.001      0.000     -0.005
     0.014      0.016      0.021      0.056      0.031      0.047      0.039      0.003      0.000      0.000      0.000      0.000      0.000      0.000      0.000      0.000      0.000      0.000     -0.001      0.000      0.000      0.000      0.000      0.000      0.000      0.000      0.000     -0.001      0.000      0.000      0.000     -0.001      0.000      0.000      0.000      0.000      0.000      0.000      0.000      0.000      0.001      0.000      0.000      0.001      0.000      0.000      0.000      0.000      0.000      0.000      0.000      0.000     -0.003      0.000      0.000      0.000      0.000     -0.005
     0.013      0.003      0.061      0.065      0.020     -0.059      0.041      0.002      0.003      0.000      0.000      0.000      0.000      0.000      0.000      0.000      0.000      0.000      0.000      0.000      0.000      0.000      0.000      0.000      0.000      0.001      0.000     -0.001      0.000      0.000      0.000      0.001      0.000      0.000      0.000      0.000      0.000      0.000     -0.001      0.000      0.000      0.000      0.000      0.000      0.000      0.000      0.000      0.000      0.000      0.000      0.000      0.000      0.000      0.000      0.000      0.000      0.000     -0.009
    -0.006      0.029     -0.024      0.011     -0.008     -0.036      0.113      0.004     -0.009      0.002      0.000      0.000      0.000      0.000      0.000      0.000      0.000      0.000      0.000      0.000      0.000      0.000      0.000      0.000      0.000      0.000      0.000      0.000      0.000      0.000      0.000      0.000      0.000      0.000      0.000      0.000      0.000      0.000      0.000      0.000      0.000      0.000      0.000      0.000      0.000      0.000      0.000      0.000      0.000      0.000      0.000      0.000     -0.001      0.000      0.000      0.000      0.000      0.003
    -0.012      0.003     -0.035      0.041      0.012     -0.004      0.012      0.022      0.043     -0.046      0.003      0.000      0.000      0.000      0.000      0.000      0.000      0.000      0.000      0.000      0.000      0.000      0.000      0.000      0.000      0.000      0.000      0.000      0.000      0.000      0.000      0.000      0.000      0.000      0.000      0.000      0.000      0.000      0.000      0.000      0.000      0.000      0.000      0.000      0.000      0.000      0.000      0.000      0.000      0.000      0.000      0.000      0.002      0.000      0.000      0.000      0.000     -0.003
     0.000     -0.010      0.058     -0.006      0.023      0.021      0.078     -0.026      0.034     -0.058     -0.008      0.004      0.000      0.000      0.000      0.000      0.000      0.000      0.000      0.000      0.000      0.000     -0.001      0.000      0.000      0.000      0.000      0.000      0.000      0.000      0.000      0.000      0.000      0.000      0.000      0.000      0.000      0.000     -0.001      0.000      0.000      0.000      0.000      0.000      0.000      0.000      0.000      0.000      0.000      0.000      0.000      0.000     -0.001      0.000      0.000      0.000      0.000     -0.009
     0.001     -0.054      0.007      0.061      0.037      0.016      0.002      0.031      0.036     -0.031      0.023      0.036      0.003      0.000      0.000      0.000      0.000      0.000      0.000      0.000      0.000      0.000      0.000      0.000      0.000      0.001      0.000      0.000      0.000      0.000      0.000      0.000      0.000      0.000      0.000      0.000      0.000      0.000      0.001      0.000     -0.001      0.000      0.000      0.000      0.000      0.000      0.000      0.000      0.000      0.000      0.000      0.000      0.000      0.000      0.000      0.001      0.000     -0.002
     0.013      0.026      0.025      0.062      0.003      0.039     -0.022     -0.001      0.021      0.017      0.005      0.026      0.001      0.003      0.000      0.000      0.000      0.000      0.000      0.000      0.000      0.000      0.000      0.000      0.000      0.001      0.000      0.000      0.000      0.000      0.000      0.000      0.000      0.000      0.000      0.000      0.000      0.000      0.000      0.000      0.000      0.000      0.000      0.000      0.000      0.000      0.000      0.000      0.000      0.000      0.000      0.000     -0.001      0.000      0.000      0.000      0.000      0.001
     0.024      0.063      0.014      0.032      0.043      0.031      0.020     -0.013     -0.044      0.045     -0.019     -0.025      0.023      0.006      0.002      0.000      0.000      0.000     -0.001      0.000      0.000      0.000      0.000      0.000      0.000     -0.001      0.000      0.000      0.000      0.000      0.000      0.000      0.000      0.000      0.000      0.000      0.000      0.000      0.001      0.000      0.000      0.000      0.000      0.001      0.000      0.000      0.000      0.000      0.000      0.000      0.000      0.000     -0.002      0.000      0.000      0.000      0.000      0.006
    -0.003      0.009     -0.036      0.019     -0.052     -0.021     -0.036      0.051      0.018     -0.005      0.013      0.000     -0.010      0.030      0.013      0.004      0.000      0.000     -0.001      0.000      0.000      0.000      0.000      0.000      0.000      0.000      0.000      0.000      0.000      0.000      0.000     -0.001      0.000      0.000      0.000      0.000      0.000      0.000      0.000      0.000      0.000      0.000      0.000      0.000      0.000      0.000      0.000      0.000      0.000      0.000      0.000      0.000      0.001      0.000      0.000      0.000      0.000     -0.007
     0.005     -0.056     -0.003      0.041     -0.012      0.011      0.045     -0.025      0.025     -0.016      0.050      0.038      0.008     -0.056      0.028     -0.048      0.003      0.000      0.000      0.000      0.000      0.000      0.000      0.000      0.000      0.000      0.000      0.001      0.000      0.000      0.000      0.000      0.000      0.000      0.000      0.000      0.000      0.000      0.001      0.000      0.000      0.000      0.000      0.000      0.000      0.000      0.000      0.000      0.000      0.000      0.000      0.000      0.000      0.000      0.000      0.000      0.000     -0.006
    -0.013      0.020     -0.042     -0.005     -0.019     -0.009      0.022      0.034     -0.008      0.003     -0.009      0.048     -0.039     -0.034      0.018      0.025     -0.049      0.003     -0.001      0.000      0.000      0.000      0.000      0.000      0.000      0.000      0.000      0.000      0.000      0.000     -0.001      0.001      0.000      0.000      0.000      0.000      0.000      0.000      0.000      0.000      0.001      0.000      0.000      0.000      0.000      0.000      0.000      0.000      0.000      0.000      0.000      0.000      0.000      0.000      0.000      0.000      0.000     -0.001
    -0.055     -0.087      0.003     -0.057      0.000      0.068     -0.029     -0.051     -0.024     -0.017      0.020     -0.005     -0.034     -0.037     -0.060     -0.053      0.008     -0.057      0.053     -0.004      0.000      0.006     -0.007      0.007      0.000      0.027      0.002     -0.022     -0.009     -0.001     -0.001      0.003      0.000     -0.001      0.000      0.001      0.000     -0.002     -0.006      0.000     -0.002      0.001     -0.001      0.002     -0.001      0.000      0.000      0.000      0.000      0.000      0.000     -0.001      0.004     -0.002      0.000      0.000     -0.001     -0.015
     0.027      0.030     -0.024      0.004     -0.067     -0.015     -0.023     -0.004     -0.018      0.088     -0.004      0.010     -0.018      0.077      0.012      0.027      0.030      0.020     -0.332      0.003      0.000     -0.001      0.000     -0.001      0.000     -0.009      0.000      0.004      0.001      0.000      0.000      0.000      0.000      0.000      0.000      0.000      0.000      0.000      0.001      0.000      0.001      0.000      0.000      0.000      0.000      0.000      0.000      0.000      0.000      0.000      0.000      0.000     -0.001      0.000      0.000      0.000      0.000      0.000
    -0.007      0.060      0.150      0.095      0.116      0.039      0.076      0.015      0.036     -0.031     -0.024     -0.003     -0.010     -0.031      0.069      0.002     -0.069     -0.009     -0.291     -0.509      0.000      0.000      0.000      0.000      0.000      0.000      0.000      0.000      0.000      0.000      0.000      0.000      0.000      0.000      0.000      0.000      0.000      0.000      0.000      0.000      0.000      0.000      0.000      0.000      0.000      0.000      0.000      0.000      0.000      0.000      0.000      0.000      0.000      0.000      0.000      0.000      0.000      0.000
    -0.051     -0.014      0.119      0.081      0.109      0.074      0.030      0.005      0.060     -0.035      0.028      0.031     -0.055      0.014     -0.021      0.009      0.005     -0.077      0.410     -0.234      0.129      0.005      0.002      0.001      0.001      0.004      0.000     -0.005     -0.003      0.000      0.000      0.000      0.000      0.000      0.000      0.000      0.001      0.000     -0.001      0.000      0.000      0.000      0.000      0.000      0.000      0.000      0.000      0.000      0.000      0.000      0.000      0.000      0.000      0.000      0.000      0.000      0.000     -0.001
     0.009      0.014     -0.103     -0.021      0.000     -0.040     -0.089     -0.055     -0.051     -0.059      0.033     -0.061     -0.043      0.014      0.002      0.057     -0.017      0.016     -0.219      0.063     -0.059      0.172      0.018      0.001     -0.001     -0.007     -0.001      0.010      0.001      0.000      0.002     -0.001     -0.001     -0.001      0.000      0.000      0.000      0.000      0.001     -0.001      0.002      0.000      0.000      0.001      0.000      0.000      0.000      0.000      0.000      0.000      0.000      0.000      0.000      0.001      0.000     -0.001      0.000     -0.016
    -0.001     -0.005      0.107      0.000      0.085      0.072      0.015     -0.023     -0.018     -0.002      0.019     -0.047     -0.039      0.038     -0.024      0.029     -0.061      0.013      0.411     -0.168      0.003      0.179      0.063      0.006      0.000      0.008     -0.002     -0.006     -0.002      0.000      0.000      0.000      0.000      0.000      0.000      0.000      0.000      0.000      0.000      0.000     -0.001      0.000      0.000      0.000      0.000      0.000      0.000      0.000      0.000      0.000      0.000      0.000      0.003      0.000      0.000      0.000      0.000     -0.016
    -0.002      0.060      0.111      0.081      0.070      0.016      0.061      0.033      0.083     -0.014     -0.041      0.061      0.003     -0.024     -0.021     -0.020      0.036     -0.043      0.010     -0.185      0.211      0.452     -0.155     -0.057      0.001      0.000      0.000     -0.001     -0.001      0.000      0.000      0.000      0.000      0.000      0.000      0.000      0.000      0.000      0.000      0.000      0.000      0.000      0.000      0.000      0.000      0.000      0.000      0.000      0.000      0.000      0.000      0.000     -0.001      0.000      0.000      0.000      0.000      0.000
     0.010     -0.057      0.097      0.063      0.075      0.040      0.052      0.005      0.065     -0.002      0.018     -0.005      0.076      0.041     -0.055      0.000     -0.026     -0.002      0.334     -0.469      0.068      0.177     -0.159      0.322     -0.039      0.124     -0.002     -0.032     -0.005     -0.001     -0.003      0.004      0.001      0.001     -0.001      0.000     -0.003     -0.003     -0.003      0.000     -0.001      0.001      0.000     -0.004      0.000      0.000      0.001      0.001      0.000      0.000      0.000     -0.001      0.000      0.004      0.000      0.001      0.000     -0.011
    -0.002     -0.016     -0.067     -0.014     -0.125     -0.046      0.013     -0.048     -0.031      0.041     -0.041      0.037      0.041     -0.027     -0.024     -0.013      0.068     -0.040      0.115      0.136     -0.265     -0.055     -0.118     -0.365      0.027     -0.115      0.004      0.003      0.000      0.000      0.000      0.000     -0.001      0.000      0.000      0.000      0.000      0.000      0.000      0.000      0.000      0.000      0.000      0.000      0.000      0.000      0.000      0.000      0.000      0.000      0.000      0.000      0.001      0.000      0.000      0.000      0.000      0.001
     0.023     -0.008     -0.180     -0.077     -0.119     -0.104     -0.058     -0.081     -0.062     -0.027      0.014     -0.001     -0.011     -0.006     -0.005      0.006      0.054      0.013     -0.404      0.303     -0.273     -0.293      0.325     -0.333     -0.153     -0.375      0.232      0.058      0.005      0.000      0.001     -0.003     -0.001     -0.003      0.000     -0.003     -0.002      0.001      0.000      0.000      0.003      0.000      0.000     -0.003      0.001      0.000      0.001      0.000      0.000      0.000      0.000     -0.001     -0.001      0.002      0.000      0.000     -0.001      0.021
     0.021     -0.011     -0.165     -0.086     -0.137     -0.123     -0.113     -0.007     -0.050      0.010      0.001     -0.073      0.026      0.024      0.009      0.004     -0.009      0.062     -0.563      0.391     -0.248     -0.612      0.168     -0.349     -0.547     -0.194     -0.074      0.302      0.004     -0.001      0.000      0.000      0.000      0.000      0.000      0.000      0.000      0.000      0.001      0.000      0.000      0.000      0.000      0.000      0.000      0.000      0.000      0.000      0.000      0.000      0.000      0.000      0.000      0.000      0.000      0.001      0.000      0.000
    -0.083      0.007      0.027      0.014      0.001      0.002      0.010      0.029      0.007      0.059     -0.013     -0.020     -0.029      0.042      0.032     -0.019     -0.019      0.019     -0.038      0.011      0.063      0.031     -0.004     -0.035      0.048     -0.018      0.003     -0.009     -0.053      0.026      0.001      0.002      0.002      0.001      0.002      0.001      0.000      0.000      0.002      0.000      0.002      0.000      0.000      0.002      0.000      0.000      0.000     -0.001      0.001      0.000      0.000      0.001      0.001      0.000      0.000      0.000      0.000     -0.006
     0.051      0.046     -0.020     -0.007     -0.015      0.046     -0.006      0.003      0.033      0.018     -0.026     -0.010      0.012     -0.019      0.000      0.026     -0.020     -0.063     -0.026      0.007      0.010      0.016      0.066     -0.021     -0.018     -0.035      0.013      0.025      0.004      0.035      0.050      0.002      0.001     -0.001      0.001      0.001      0.000      0.000      0.000      0.001     -0.001      0.000      0.001      0.001      0.000     -0.001      0.001     -0.001      0.001      0.000      0.000      0.001      0.002      0.000      0.000     -0.002      0.000     -0.041
     0.032      0.029     -0.027     -0.009     -0.037      0.021      0.006     -0.038      0.039      0.028      0.028      0.002      0.003     -0.016     -0.013     -0.046      0.026      0.054      0.048     -0.002     -0.039      0.008     -0.035      0.017     -0.023      0.044      0.030     -0.042     -0.004      0.050      0.032      0.068      0.000      0.000      0.000      0.001      0.000      0.000      0.006      0.001     -0.001      0.000     -0.001      0.004      0.001      0.000      0.002      0.002      0.001      0.000      0.000      0.002      0.018     -0.002      0.000     -0.001     -0.001      0.063
    -0.033      0.027      0.034     -0.059      0.007     -0.005     -0.008     -0.025     -0.001     -0.006     -0.004      0.026      0.020     -0.024      0.050     -0.005     -0.018      0.026      0.000     -0.040      0.063      0.011     -0.038      0.016     -0.014      0.021     -0.053     -0.028     -0.015      0.051      0.033     -0.006      0.037      0.001      0.000      0.000      0.000     -0.001     -0.003      0.000     -0.001      0.001      0.000      0.000      0.000      0.000     -0.001     -0.001      0.001      0.000      0.000     -0.001     -0.003      0.000      0.000      0.000      0.000      0.000
     0.010     -0.005     -0.029      0.002     -0.090      0.055      0.015      0.040     -0.058     -0.007      0.021      0.003     -0.031      0.011     -0.066      0.006     -0.020      0.002     -0.022     -0.015      0.080      0.013     -0.067      0.035      0.075      0.015     -0.032     -0.081     -0.040      0.064     -0.018     -0.001      0.029      0.017      0.000      0.001      0.000      0.000      0.001      0.000     -0.001      0.000      0.000      0.001      0.000      0.000      0.000      0.000      0.000      0.000      0.000      0.000      0.009      0.000      0.000     -0.001      0.001     -0.001
     0.082      0.027      0.035      0.033     -0.013      0.069     -0.003      0.013     -0.012     -0.009     -0.009     -0.002     -0.071      0.005     -0.003     -0.058      0.010     -0.022     -0.001      0.033      0.015      0.025      0.026      0.000      0.012     -0.016      0.009     -0.002     -0.012      0.120      0.050      0.001      0.003      0.019      0.013      0.001      0.001      0.000      0.001      0.000      0.000     -0.001      0.000      0.000     -0.001      0.000      0.000      0.000      0.001      0.000      0.000      0.001      0.004      0.000      0.000      0.001      0.000     -0.027
    -0.007      0.029      0.006      0.029      0.046     -0.076      0.014     -0.009      0.036     -0.001     -0.062      0.019      0.020      0.019      0.007     -0.020     -0.014      0.045      0.038     -0.042      0.061     -0.007     -0.015      0.056      0.039      0.001     -0.055     -0.117     -0.051      0.061      0.039      0.047      0.028      0.057      0.064      0.008      0.000      0.000      0.001      0.000      0.001      0.000      0.000      0.000      0.000      0.000      0.000      0.000      0.000      0.000      0.000      0.000      0.005      0.000      0.000     -0.001      0.000     -0.012
     0.058      0.034      0.009      0.024      0.053      0.030     -0.013     -0.007     -0.020     -0.010     -0.004      0.004     -0.001     -0.026      0.027     -0.038      0.026      0.029      0.014      0.032      0.022      0.077     -0.007     -0.044      0.044     -0.067      0.031     -0.074     -0.057      0.023      0.015     -0.013      0.014      0.018      0.053     -0.006      0.011      0.001      0.001      0.000      0.000      0.000      0.000      0.001      0.000      0.000      0.000      0.000      0.000      0.000      0.000     -0.001      0.004      0.001      0.000      0.000      0.000     -0.010
     0.032      0.043     -0.042     -0.034      0.013     -0.016     -0.034     -0.033     -0.012      0.075     -0.017     -0.018     -0.030     -0.032     -0.026     -0.015     -0.010     -0.058     -0.081      0.062     -0.004     -0.037      0.002     -0.037     -0.002     -0.094      0.044      0.064      0.059      0.000     -0.012      0.010     -0.041      0.014      0.012     -0.022      0.055      0.008      0.001      0.000      0.001      0.000      0.000      0.000      0.000      0.000      0.000      0.000      0.000      0.000      0.000      0.000     -0.001      0.001      0.000      0.000      0.000     -0.005
    -0.042      0.023      0.027      0.037      0.033     -0.008     -0.030     -0.002     -0.045      0.016     -0.019     -0.029      0.030      0.001      0.035      0.007      0.037      0.025     -0.078      0.050      0.022     -0.069      0.030     -0.017      0.006     -0.028      0.017     -0.004      0.042      0.040      0.004      0.071     -0.050      0.014      0.026      0.023      0.027      0.051      0.096     -0.001     -0.002      0.000      0.001     -0.001      0.001      0.000     -0.001      0.000      0.001      0.000      0.000     -0.001      0.015      0.002      0.000      0.008      0.000      0.054
     0.031      0.019      0.010     -0.017      0.064      0.038     -0.001      0.026      0.016     -0.049      0.039      0.001      0.007     -0.010      0.082     -0.023      0.030      0.043     -0.011      0.017     -0.001      0.008     -0.053     -0.015     -0.001     -0.007      0.043     -0.002     -0.006     -0.015      0.049      0.044      0.008      0.003      0.012     -0.041      0.035      0.000     -0.028      0.014      0.000     -0.001     -0.001      0.000      0.000     -0.001      0.000      0.000      0.000      0.000      0.000      0.001      0.003      0.000      0.000      0.001      0.001     -0.002
     0.010      0.048     -0.025      0.040      0.065      0.044      0.004      0.053     -0.006      0.041      0.017      0.028     -0.057      0.038     -0.026      0.002     -0.027      0.049     -0.040      0.077     -0.043      0.012      0.052     -0.034     -0.002     -0.015     -0.012      0.059     -0.011      0.056     -0.019     -0.021     -0.029     -0.019      0.012      0.037     -0.012      0.025     -0.025      0.005      0.052     -0.002      0.001      0.002      0.000     -0.001      0.000      0.000      0.000      0.000      0.000     -0.001      0.004     -0.001      0.000     -0.001     -0.001      0.040
    -0.010     -0.032     -0.040     -0.038      0.020     -0.047     -0.038     -0.028      0.005     -0.044      0.041      0.008      0.034      0.041     -0.008      0.039      0.026      0.039      0.056     -0.050     -0.019      0.026      0.001      0.010     -0.015      0.028      0.003      0.013     -0.049      0.011      0.009     -0.007      0.037     -0.019     -0.073     -0.031     -0.016     -0.006     -0.011     -0.103     -0.082      0.008      0.000      0.001      0.000      0.001      0.000      0.000      0.000      0.000      0.000     -0.001      0.000      0.001      0.000      0.000      0.000      0.012
    -0.001      0.030     -0.035      0.025      0.001     -0.008     -0.036      0.059     -0.045     -0.013      0.027     -0.053     -0.044     -0.058      0.023     -0.027     -0.009      0.010     -0.036     -0.006      0.021     -0.027      0.010      0.042      0.025     -0.012     -0.021      0.016      0.012      0.028      0.037     -0.025      0.008      0.018      0.009      0.033     -0.034      0.013      0.045     -0.053      0.045      0.002      0.007      0.001      0.000      0.000      0.000      0.000      0.000      0.000      0.000     -0.001      0.002      0.000      0.000      0.000      0.000     -0.011
     0.018      0.048      0.018      0.033      0.013      0.007      0.085      0.042      0.005      0.006      0.028     -0.018     -0.014      0.013      0.095      0.002      0.007      0.022      0.033     -0.015     -0.021      0.005      0.027      0.019     -0.034     -0.046     -0.030     -0.053      0.007      0.045      0.014      0.072      0.001      0.036      0.014     -0.012      0.058     -0.014     -0.012     -0.003      0.035      0.040      0.052      0.050     -0.002      0.000      0.001      0.000      0.000      0.000      0.000     -0.002      0.007     -0.003      0.000     -0.001      0.001     -0.027
    -0.042     -0.009      0.026     -0.012     -0.033     -0.029      0.052     -0.004      0.024      0.002     -0.032      0.027     -0.002     -0.043     -0.001     -0.005      0.009      0.032     -0.024      0.071     -0.052     -0.031     -0.031     -0.025     -0.014      0.005      0.045      0.018      0.022      0.020     -0.012      0.021     -0.002      0.008     -0.050      0.009     -0.024      0.027      0.013     -0.027     -0.001     -0.023      0.018     -0.074      0.015     -0.001      0.000     -0.001      0.000      0.000      0.000      0.000      0.002      0.001      0.000     -0.001      0.000      0.019
    -0.064     -0.013     -0.043     -0.004     -0.003      0.078     -0.015     -0.018     -0.036     -0.033     -0.014     -0.035      0.003      0.064      0.018      0.006     -0.105      0.000      0.024     -0.001     -0.008      0.013     -0.017      0.068     -0.002      0.010     -0.024      0.009     -0.034     -0.008     -0.045     -0.015      0.010      0.026      0.032      0.020      0.008     -0.014      0.002     -0.075     -0.038      0.069     -0.009      0.025     -0.068      0.007      0.000      0.000      0.000      0.000      0.000      0.000     -0.004      0.000      0.000     -0.001      0.000      0.006
     0.060      0.024     -0.047     -0.090     -0.086      0.040     -0.005     -0.055     -0.060     -0.004      0.002      0.014      0.020      0.016     -0.030     -0.004      0.000      0.018     -0.005      0.012     -0.047      0.020      0.012     -0.043      0.013      0.015      0.070      0.049      0.014     -0.029      0.034      0.086     -0.034     -0.001     -0.026      0.003     -0.036      0.025     -0.036     -0.003      0.014     -0.011     -0.039      0.051      0.035     -0.009      0.010      0.000      0.000      0.000      0.000      0.000     -0.001      0.000      0.000      0.000      0.000     -0.008
     0.022      0.043      0.033     -0.023     -0.013      0.014     -0.006      0.019      0.053     -0.084      0.074     -0.021      0.012     -0.012     -0.044      0.034      0.017     -0.020      0.001     -0.034      0.014     -0.041      0.006      0.052     -0.038      0.043     -0.071     -0.019      0.038     -0.040     -0.030      0.092     -0.084     -0.033     -0.001      0.030     -0.027     -0.062     -0.016     -0.011     -0.005      0.007      0.004      0.018     -0.089     -0.018     -0.023      0.006      0.000     -0.001      0.000      0.002      0.012     -0.002      0.000     -0.001      0.001     -0.010
     0.004      0.045      0.050      0.000      0.025      0.042      0.050     -0.015     -0.015      0.011     -0.034      0.004      0.002     -0.024     -0.011      0.002      0.025      0.023      0.013      0.000     -0.033      0.030      0.029      0.015      0.011      0.013      0.005     -0.007     -0.033      0.127      0.166      0.092      0.138      0.045      0.183      0.084      0.087      0.036      0.068      0.024     -0.012     -0.039      0.039      0.061      0.018     -0.019      0.071     -0.184      0.001      0.000      0.000      0.001      0.005      0.000      0.000      0.000      0.000     -0.022
    -0.022     -0.004     -0.056      0.000     -0.042     -0.026     -0.034     -0.037     -0.004      0.058     -0.081     -0.030      0.001     -0.031      0.045     -0.034     -0.018      0.023      0.012     -0.008      0.000     -0.019     -0.005     -0.016      0.014     -0.051      0.052      0.030     -0.015     -0.046     -0.055     -0.067      0.004     -0.012     -0.058     -0.038     -0.025      0.028     -0.025      0.000      0.042     -0.017     -0.066      0.003      0.043     -0.012      0.003     -0.573     -0.125      0.001      0.000     -0.001     -0.002      0.000      0.000      0.000     -0.001      0.004
     0.014     -0.008      0.037     -0.004      0.032      0.028      0.047      0.016     -0.003     -0.060      0.071      0.030      0.010      0.006     -0.042      0.024      0.012     -0.018      0.001      0.021     -0.019      0.043      0.021      0.008     -0.015      0.041     -0.026     -0.026      0.013      0.029      0.066      0.041     -0.011      0.001      0.042      0.014      0.026     -0.036     -0.016     -0.017     -0.054     -0.001      0.047     -0.002     -0.037      0.020      0.019      0.404      0.106     -0.902      0.000      0.000      0.000      0.000      0.000      0.000      0.000     -0.001
    -0.005      0.031      0.060      0.057     -0.027      0.011      0.059      0.015      0.056     -0.016     -0.009      0.015     -0.023      0.006     -0.011      0.014     -0.031     -0.019     -0.030      0.018      0.028      0.040      0.000     -0.031      0.047     -0.012     -0.028     -0.042     -0.009      0.022      0.026      0.055     -0.021      0.015      0.063      0.036     -0.046     -0.030     -0.032      0.034     -0.044     -0.089     -0.066     -0.059     -0.008     -0.005      0.025      0.210      0.192     -0.178      0.139      0.020      0.004     -0.010      0.000      0.004      0.001      0.047
    -0.037     -0.001      0.095      0.014     -0.042      0.020      0.039     -0.054     -0.008     -0.033      0.034     -0.019      0.000     -0.020     -0.042      0.012      0.000     -0.004      0.019     -0.017      0.024     -0.008     -0.003      0.042     -0.026      0.000      0.025     -0.006     -0.007      0.009      0.012      0.079     -0.020      0.080      0.044      0.059      0.041     -0.010      0.057      0.026      0.022     -0.004      0.028      0.037      0.016     -0.052     -0.006      0.171      0.216     -0.108      0.066      0.034      0.735      0.002      0.000     -0.005      0.000     -0.201
    -0.008     -0.020     -0.004     -0.006      0.043     -0.043     -0.058      0.004     -0.012      0.016      0.014      0.028      0.031      0.045      0.006     -0.039      0.030     -0.017     -0.046     -0.021      0.031     -0.021      0.025      0.030     -0.057      0.066     -0.049      0.042      0.038      0.001     -0.003     -0.046      0.001     -0.006      0.017      0.012      0.039      0.053      0.033     -0.013     -0.020      0.059      0.011     -0.090      0.034     -0.004      0.026     -0.181     -0.042     -0.062     -0.011     -0.426      0.014      0.027      0.000      0.000     -0.002     -0.014
     0.044     -0.031      0.043      0.037      0.057      0.079      0.000      0.024      0.018     -0.011      0.069      0.033      0.036      0.049     -0.060      0.014      0.019      0.052      0.025      0.035     -0.060     -0.010      0.017      0.038     -0.034      0.031     -0.058     -0.034      0.017      0.073     -0.007      0.064     -0.001      0.002     -0.014     -0.013     -0.007     -0.011      0.079     -0.029      0.057      0.029      0.060      0.024     -0.071     -0.041     -0.064      0.415      0.013     -0.376      0.226     -0.014      0.039     -0.290      0.000      0.000      0.000      0.000
     0.032     -0.012      0.080      0.012      0.017      0.007     -0.045      0.001     -0.023     -0.004      0.004      0.011      0.057      0.041     -0.022     -0.028      0.026     -0.012     -0.011      0.034     -0.052     -0.008     -0.028      0.000     -0.010      0.020      0.001     -0.002      0.057      0.014     -0.038     -0.016      0.003     -0.023      0.061     -0.038     -0.024      0.010      0.125      0.027     -0.016      0.009      0.017     -0.022     -0.024     -0.047     -0.007     -0.073     -0.056      0.064     -0.054      0.158     -0.029      0.006      0.053      0.038     -0.001      0.036
    -0.026      0.035      0.026      0.006      0.028      0.016      0.050      0.055     -0.040     -0.061      0.022     -0.021     -0.023      0.058      0.063      0.052     -0.013     -0.048     -0.028     -0.022      0.069      0.013     -0.002     -0.037      0.048     -0.015     -0.001     -0.029     -0.013      0.022     -0.008     -0.052      0.008      0.048      0.021      0.014     -0.002     -0.021     -0.007      0.072     -0.045     -0.051      0.028      0.064     -0.009      0.049     -0.025      0.090     -0.218     -0.251      0.206      0.050      0.002     -0.124      0.027     -0.059      0.008     -0.027
    -0.002     -0.077     -0.033      0.052     -0.017     -0.022     -0.027     -0.035     -0.058      0.023     -0.022     -0.051     -0.013      0.004      0.042     -0.035     -0.042     -0.004     -0.023     -0.002      0.031     -0.004     -0.043     -0.074     -0.002     -0.011      0.009      0.030      0.000     -0.013     -0.065      0.085      0.001     -0.002     -0.084     -0.046     -0.033     -0.020      0.062     -0.006      0.063      0.047     -0.046     -0.043      0.055      0.026     -0.028     -0.043     -0.312      0.061     -0.051      0.120     -0.083     -0.030      0.027      0.065     -0.109      7.947

Derivative matrix of expected statistics X by parameters and
covariance/correlation matrix of X can be found using
summary(ans) within R, or by using the 'verbose' option in Siena07.
 
Total computation time 1337.55 seconds.
