

-----------------------------------
New Analysis started.
Date and time: 21/09/2026 00:09:51
New results follow.
-----------------------------------

RSiena version 1.3.10 (28 Apr 22)


@1
Estimation by stochastic approximation algorithm.
=================================================

Current random number seed is 12347.
Effects object used: effs 
Model Type:
 Initiative model
Behavioral Model Type:
 Standard behavior actor-oriented model ('restrict')
Estimation method: unconditional moment estimation
.

Time duration for simulations in each period is 1.0.
Changing composition.
Joiners/leavers option: 1
Standard errors are estimated with the likelihood ratio method.
Dolby method (regression on scores) is used.
Initial value of gain parameter is  0.2000000.
Reduction factor for gain parameter is  0.5000000.
Number of subphases in Phase 2 is 3.

Initial parameter values are 
  1. rate:  constant dv.net rate (period 1)                 0.0473
  2. rate:  constant dv.net rate (period 2)                 0.1391
  3. rate:  constant dv.net rate (period 3)                 0.4310
  4. rate:  constant dv.net rate (period 4)                 0.3476
  5. rate:  constant dv.net rate (period 5)                 0.3250
  6. rate:  constant dv.net rate (period 6)                 0.3208
  7. rate:  constant dv.net rate (period 7)                 0.3967
  8. rate:  constant dv.net rate (period 8)                 0.3074
  9. rate:  constant dv.net rate (period 9)                 0.3287
 10. rate:  constant dv.net rate (period 10)                0.2760
 11. rate:  constant dv.net rate (period 11)                0.3217
 12. rate:  constant dv.net rate (period 12)                0.4457
 13. rate:  constant dv.net rate (period 13)                0.3531
 14. rate:  constant dv.net rate (period 14)                0.3229
 15. rate:  constant dv.net rate (period 15)                0.2891
 16. rate:  constant dv.net rate (period 16)                0.5158
 17. rate:  constant dv.net rate (period 17)                0.3417
 18. rate:  constant dv.net rate (period 18)                0.3967
 19. eval:  degree (density)                               -5.5374
 20. eval:  transitive triads                               0.1578
 21. eval:  degree act+pop                                  0.0570
 22. eval:  nets.lndistance_d                              -0.8552
 23. eval:  nets.ATOP_d                                     1.0976
 24. eval:  nets.absidealdiff_d                            -0.6057
 25. eval:  nets.lntrade_d                                  0.0708
 26. eval:  nets.NATO_d                                    -3.3757
 27. eval:  milex.beh alter                                -0.0585
 28. eval:  beh.democracy_1 alter                           1.4643
 29. eval:  beh.lncinc_1 alter                              0.7991
 30. rate:  rate milex.beh (period 1)                       0.9398
 31. rate:  rate milex.beh (period 2)                       1.3010
 32. rate:  rate milex.beh (period 3)                       1.3508
 33. rate:  rate milex.beh (period 4)                       1.1891
 34. rate:  rate milex.beh (period 5)                       0.6938
 35. rate:  rate milex.beh (period 6)                       0.5687
 36. rate:  rate milex.beh (period 7)                       0.4747
 37. rate:  rate milex.beh (period 8)                       0.5197
 38. rate:  rate milex.beh (period 9)                       0.3740
 39. rate:  rate milex.beh (period 10)                      1.7108
 40. rate:  rate milex.beh (period 11)                      0.5872
 41. rate:  rate milex.beh (period 12)                      1.3212
 42. rate:  rate milex.beh (period 13)                      0.3236
 43. rate:  rate milex.beh (period 14)                      0.3021
 44. rate:  rate milex.beh (period 15)                      1.0880
 45. rate:  rate milex.beh (period 16)                      0.4102
 46. rate:  rate milex.beh (period 17)                      0.3568
 47. rate:  rate milex.beh (period 18)                      0.4041
 48. eval:  milex.beh linear shape                         -1.1736
 49. eval:  milex.beh quadratic shape                      -0.0280
 50. eval:  milex.beh degree                                0.0894
 51. eval:  milex.beh dense triads                         -0.0208
 52. eval:  milex.beh: effect from beh.democracy_1         -0.4473
 53. eval:  milex.beh: effect from beh.GDPgrowth_1         -2.2413
 54. eval:  milex.beh: effect from beh.nato_1               0.8752
 55. eval:  milex.beh: effect from beh.allies_1            -0.0111
 56. eval:  milex.beh: effect from beh.military_1           0.2614
 57. eval:  milex.beh: effect from beh.lnmids_1             0.1356
 58. eval:  milex.beh: effect from beh.milexSpLag_1         7.2256


Observed values of target statistics are
  1. Amount of network change in period 1                                10.0000
  2. Amount of network change in period 2                                34.0000
  3. Amount of network change in period 3                                86.0000
  4. Amount of network change in period 4                                94.0000
  5. Amount of network change in period 5                                76.0000
  6. Amount of network change in period 6                                76.0000
  7. Amount of network change in period 7                                94.0000
  8. Amount of network change in period 8                                78.0000
  9. Amount of network change in period 9                                84.0000
 10. Amount of network change in period 10                               72.0000
 11. Amount of network change in period 11                               84.0000
 12. Amount of network change in period 12                              114.0000
 13. Amount of network change in period 13                               94.0000
 14. Amount of network change in period 14                               88.0000
 15. Amount of network change in period 15                               80.0000
 16. Amount of network change in period 16                              138.0000
 17. Amount of network change in period 17                               96.0000
 18. Amount of network change in period 18                              112.0000
 19. Number of edges                                                   5257.0000
 20. Number of transitive triads                                       7339.0000
 21. Sum of squared degrees                                            333172.0000
 22. Sum of ties x nets.lndistance_d                                   -10629.6066
 23. Sum of ties x nets.ATOP_d                                         5960.4379
 24. Sum of ties x nets.absidealdiff_d                                 -2858.5692
 25. Sum of ties x nets.lntrade_d                                      37643.5933
 26. Sum of ties x nets.NATO_d                                         1247.4871
 27. Sum of degrees x milex.beh                                        -136.5119
 28. Sum of degrees x beh.democracy_1                                  2911.8786
 29. Sum of degrees x beh.lncinc_1                                     13015.0208
 30. Amount of behavioral change in period 1 on milex.beh                41.0000
 31. Amount of behavioral change in period 2 on milex.beh                50.0000
 32. Amount of behavioral change in period 3 on milex.beh                57.0000
 33. Amount of behavioral change in period 4 on milex.beh                52.0000
 34. Amount of behavioral change in period 5 on milex.beh                37.0000
 35. Amount of behavioral change in period 6 on milex.beh                32.0000
 36. Amount of behavioral change in period 7 on milex.beh                28.0000
 37. Amount of behavioral change in period 8 on milex.beh                31.0000
 38. Amount of behavioral change in period 9 on milex.beh                24.0000
 39. Amount of behavioral change in period 10 on milex.beh               71.0000
 40. Amount of behavioral change in period 11 on milex.beh               34.0000
 41. Amount of behavioral change in period 12 on milex.beh               55.0000
 42. Amount of behavioral change in period 13 on milex.beh               18.0000
 43. Amount of behavioral change in period 14 on milex.beh               17.0000
 44. Amount of behavioral change in period 15 on milex.beh               48.0000
 45. Amount of behavioral change in period 16 on milex.beh               20.0000
 46. Amount of behavioral change in period 17 on milex.beh               18.0000
 47. Amount of behavioral change in period 18 on milex.beh               21.0000
 48. milex.beh centered sum                                             -69.2728
 49. milex.beh sum of cent. squares                                    5872.2362
 50. milex.beh outdegrees                                              -140.2801
 51. milex.beh dense triads                                            -2487.5508
 52. milex.beh x beh.democracy_1                                       -379.2596
 53. milex.beh x beh.GDPgrowth_1                                         -0.6794
 54. milex.beh x beh.nato_1                                              58.7026
 55. milex.beh x beh.allies_1                                          -4906.7851
 56. milex.beh x beh.military_1                                         125.8892
 57. milex.beh x beh.lnmids_1                                           583.7664
 58. milex.beh x beh.milexSpLag_1                                        23.9632

 58 parameters, 58 statistics

Estimation of derivatives by the LR method (type 1).


@2
End of stochastic approximation algorithm, phase 3.
---------------------------------------------------

Total of 3206 iterations.
Parameter estimates based on 2206 iterations,
convergence diagnostics, covariance and derivative matrices based on 1000 iterations.

Information for convergence diagnosis.
Averages, standard deviations, and t-ratios for deviations from targets:
  1.  -0.0300    4.2357  -0.0071 
  2.   0.0240    8.3870   0.0029 
  3.   0.4880   12.7736   0.0382 
  4.  -0.4100   14.2955  -0.0287 
  5.  -0.5840   11.8703  -0.0492 
  6.  -0.6220   12.0337  -0.0517 
  7.   0.4240   12.8618   0.0330 
  8.   0.3280   12.4280   0.0264 
  9.   0.4740   12.4231   0.0382 
 10.   0.0440   11.9081   0.0037 
 11.  -0.0660   12.3619  -0.0053 
 12.  -0.1220   14.7897  -0.0082 
 13.  -0.1800   12.8939  -0.0140 
 14.  -0.4380   12.6692  -0.0346 
 15.  -0.2000   12.4773  -0.0160 
 16.   0.7360   16.4451   0.0448 
 17.   1.0260   13.5215   0.0759 
 18.  -0.1940   15.0711  -0.0129 
 19.   0.5750   28.5838   0.0201 
 20.   2.1060   89.9688   0.0234 
 21.  68.1120 2830.6708   0.0241 
 22.  -3.3293   70.6756  -0.0471 
 23.   1.2963   34.5525   0.0375 
 24.  -2.3187   48.2058  -0.0481 
 25.  -1.7891  201.7334  -0.0089 
 26.  -0.4589   10.9051  -0.0421 
 27.  -1.3025   56.7733  -0.0229 
 28.   0.3035   19.8336   0.0153 
 29.   0.9095   89.1363   0.0102 
 30.   0.0910    5.8341   0.0156 
 31.  -0.0850    6.1309  -0.0139 
 32.  -0.4550    6.1936  -0.0735 
 33.  -0.2950    6.0301  -0.0489 
 34.  -0.0330    5.5607  -0.0059 
 35.  -0.1160    5.3784  -0.0216 
 36.   0.2790    5.0066   0.0557 
 37.   0.2050    5.1685   0.0397 
 38.  -0.0660    4.6049  -0.0143 
 39.   0.0600    6.8721   0.0087 
 40.  -0.1160    5.3227  -0.0218 
 41.  -0.1870    6.1185  -0.0306 
 42.  -0.0490    3.9661  -0.0124 
 43.   0.1020    3.7913   0.0269 
 44.  -0.1590    6.2272  -0.0255 
 45.  -0.1710    4.2073  -0.0406 
 46.  -0.0960    3.8337  -0.0250 
 47.   0.0190    4.2043   0.0045 
 48.  -1.0600   24.4402  -0.0434 
 49.  -2.3870   93.2388  -0.0256 
 50.  -4.5320  186.5831  -0.0243 
 51.  -8.0990  498.2138  -0.0163 
 52.  -0.4376   12.5479  -0.0349 
 53.  -0.0563    2.1732  -0.0259 
 54.  -0.1378   10.0060  -0.0138 
 55.  10.5896  482.6342   0.0219 
 56.   0.0352    7.1281   0.0049 
 57.   0.1791   15.4817   0.0116 
 58.  -0.0108    0.4928  -0.0218 

Good convergence is indicated by the t-ratios being close to zero.

Overall maximum convergence ratio =  0.2613 .



@2
Estimation Results.
-------------------

Regular end of estimation algorithm.
Total of 3206 iteration steps.


@3
Estimates and standard errors
                             
Network Dynamics
 1. rate:  constant dv.net rate (period 1)                         0.0471  (   0.0234)
 2. rate:  constant dv.net rate (period 2)                         0.1395  (   0.0332)
 3. rate:  constant dv.net rate (period 3)                         0.4297  (   0.0801)
 4. rate:  constant dv.net rate (period 4)                         0.3478  (   0.0495)
 5. rate:  constant dv.net rate (period 5)                         0.3234  (   0.0572)
 6. rate:  constant dv.net rate (period 6)                         0.3183  (   0.0572)
 7. rate:  constant dv.net rate (period 7)                         0.3978  (   0.0653)
 8. rate:  constant dv.net rate (period 8)                         0.3086  (   0.0504)
 9. rate:  constant dv.net rate (period 9)                         0.3269  (   0.0534)
10. rate:  constant dv.net rate (period 10)                        0.2745  (   0.0486)
11. rate:  constant dv.net rate (period 11)                        0.3228  (   0.0551)
12. rate:  constant dv.net rate (period 12)                        0.4464  (   0.0623)
13. rate:  constant dv.net rate (period 13)                        0.3539  (   0.0576)
14. rate:  constant dv.net rate (period 14)                        0.3236  (   0.0536)
15. rate:  constant dv.net rate (period 15)                        0.2899  (   0.0471)
16. rate:  constant dv.net rate (period 16)                        0.5159  (   0.0651)
17. rate:  constant dv.net rate (period 17)                        0.3421  (   0.0522)
18. rate:  constant dv.net rate (period 18)                        0.3963  (   0.0536)
19. eval:  degree (density)                                       -5.5374  (   0.2275)
20. eval:  transitive triads                                       0.1584  (   0.0509)
21. eval:  degree act+pop                                          0.0572  (   0.0050)
22. eval:  nets.lndistance_d                                      -0.8576  (   0.0717)
23. eval:  nets.ATOP_d                                             1.0931  (   0.1336)
24. eval:  nets.absidealdiff_d                                    -0.6065  (   0.0715)
25. eval:  nets.lntrade_d                                          0.0709  (   0.0290)
26. eval:  nets.NATO_d                                            -3.3897  (   0.3505)
27. eval:  milex.beh alter                                        -0.0559  (   0.0572)
28. eval:  beh.democracy_1 alter                                   1.4516  (   0.2346)
29. eval:  beh.lncinc_1 alter                                      0.7991  (   0.0661)
Behavior Dynamics

30. rate:  rate milex.beh (period 1)                               0.9340  (   0.1730)
31. rate:  rate milex.beh (period 2)                               1.2965  (   0.2454)
32. rate:  rate milex.beh (period 3)                               1.3504  (   0.2325)
33. rate:  rate milex.beh (period 4)                               1.1915  (   0.2407)
34. rate:  rate milex.beh (period 5)                               0.6969  (   0.1258)
35. rate:  rate milex.beh (period 6)                               0.5621  (   0.1149)
36. rate:  rate milex.beh (period 7)                               0.4763  (   0.0932)
37. rate:  rate milex.beh (period 8)                               0.5215  (   0.1027)
38. rate:  rate milex.beh (period 9)                               0.3722  (   0.0876)
39. rate:  rate milex.beh (period 10)                              1.7115  (   0.3951)
40. rate:  rate milex.beh (period 11)                              0.5829  (   0.1107)
41. rate:  rate milex.beh (period 12)                              1.3129  (   0.2445)
42. rate:  rate milex.beh (period 13)                              0.3212  (   0.0816)
43. rate:  rate milex.beh (period 14)                              0.2948  (   0.0835)
44. rate:  rate milex.beh (period 15)                              1.0851  (   0.2080)
45. rate:  rate milex.beh (period 16)                              0.4075  (   0.1031)
46. rate:  rate milex.beh (period 17)                              0.3524  (   0.0844)
47. rate:  rate milex.beh (period 18)                              0.4067  (   0.1008)
48. eval:  milex.beh linear shape                                 -1.1717  (   0.0768)
49. eval:  milex.beh quadratic shape                              -0.0278  (   0.0228)
50. eval:  milex.beh degree                                        0.0887  (   0.0222)
51. eval:  milex.beh dense triads                                 -0.0207  (   0.0070)
52. eval:  milex.beh: effect from beh.democracy_1                 -0.4488  (   0.1373)
53. eval:  milex.beh: effect from beh.GDPgrowth_1                 -2.2396  (   0.8510)
54. eval:  milex.beh: effect from beh.nato_1                       0.8752  (   0.1709)
55. eval:  milex.beh: effect from beh.allies_1                    -0.0109  (   0.0034)
56. eval:  milex.beh: effect from beh.military_1                   0.2575  (   0.2030)
57. eval:  milex.beh: effect from beh.lnmids_1                     0.1371  (   0.0916)
58. eval:  milex.beh: effect from beh.milexSpLag_1                 7.1308  (   2.8404)


@3
Covariance matrices
                   
Covariance matrix of estimates (correlations below diagonal):
     0.001      0.000      0.000      0.000      0.000      0.000      0.000      0.000      0.000      0.000      0.000      0.000      0.000      0.000      0.000      0.000      0.000      0.000      0.000      0.000      0.000      0.000      0.000      0.000      0.000      0.000      0.000      0.000      0.000      0.000      0.000      0.000      0.000      0.000      0.000      0.000      0.000      0.000      0.001      0.000      0.000      0.000      0.000      0.000      0.000      0.000      0.000      0.000      0.000      0.000      0.000      0.000      0.000      0.000      0.000      0.000      0.000      0.000
    -0.054      0.001      0.000      0.000      0.000      0.000      0.000      0.000      0.000      0.000      0.000      0.000      0.000      0.000      0.000      0.000      0.000      0.000     -0.001      0.000      0.000      0.000      0.000      0.000      0.000      0.000      0.000      0.000      0.000      0.000      0.000      0.000      0.000      0.000      0.000      0.000      0.000      0.000     -0.001      0.000      0.000      0.000      0.000      0.000      0.000      0.000      0.000      0.000      0.000      0.000      0.000      0.000     -0.002      0.000      0.000      0.000      0.000      0.002
     0.083      0.040      0.006      0.000      0.000      0.000      0.000      0.000      0.000      0.000      0.000      0.000      0.000      0.000      0.000      0.000      0.000      0.000     -0.002      0.000      0.000      0.000      0.000      0.000      0.000      0.002      0.000     -0.002     -0.001      0.000      0.001      0.000      0.000      0.000      0.000      0.000      0.000      0.000      0.001      0.000      0.000      0.000      0.000      0.000      0.000      0.000      0.000      0.000      0.000      0.000      0.000     -0.001      0.001      0.000      0.000     -0.002      0.000      0.001
     0.033     -0.022     -0.016      0.002      0.000      0.000      0.000      0.000      0.000      0.000      0.000      0.000      0.000      0.000      0.000      0.000      0.000      0.000      0.000      0.000      0.000      0.000      0.000      0.000      0.000     -0.001      0.000      0.000      0.000      0.000      0.000      0.000     -0.002      0.000      0.000      0.000      0.000      0.000      0.001      0.000      0.000      0.000      0.000      0.000      0.000      0.000      0.000      0.000      0.000      0.000      0.000      0.000     -0.002      0.000      0.000      0.000      0.000      0.000
     0.030     -0.007      0.064      0.004      0.003      0.000      0.000      0.000      0.000      0.000      0.000      0.000      0.000      0.000      0.000      0.000      0.000      0.000      0.000      0.000      0.000      0.000      0.000      0.000      0.000     -0.001      0.000     -0.001      0.000      0.000      0.000      0.000      0.000      0.001      0.000      0.000      0.000      0.000      0.001      0.000     -0.001      0.000      0.000      0.001      0.000      0.000      0.000      0.000      0.000      0.000      0.000      0.000      0.000      0.000      0.000      0.000      0.000      0.005
     0.005      0.031      0.078     -0.035      0.027      0.003      0.000      0.000      0.000      0.000      0.000      0.000      0.000      0.000      0.000      0.000      0.000      0.000      0.000      0.000      0.000      0.000      0.000      0.000      0.000      0.000      0.000      0.000      0.000      0.000      0.000      0.000      0.001      0.000      0.000      0.000      0.000      0.000     -0.001      0.000      0.000      0.000      0.000      0.000      0.000      0.000      0.000      0.000      0.000      0.000      0.000      0.000      0.002      0.000      0.000      0.000      0.000      0.000
     0.050     -0.023      0.035     -0.019      0.027      0.014      0.004      0.000      0.000      0.000      0.000      0.000      0.000      0.000      0.000      0.000      0.000      0.000      0.000      0.000      0.000      0.000      0.000      0.000      0.000      0.000      0.000      0.000      0.000      0.000     -0.002     -0.001      0.001      0.000      0.000      0.000      0.000      0.000      0.001      0.000      0.000      0.000      0.000     -0.001      0.000      0.000      0.000      0.000      0.000      0.000      0.000     -0.001      0.003      0.000      0.000      0.000      0.000     -0.001
    -0.010      0.004      0.061      0.044      0.051     -0.040      0.030      0.003      0.000      0.000      0.000      0.000      0.000      0.000      0.000      0.000      0.000      0.000     -0.001      0.000      0.000      0.000      0.000      0.000      0.000     -0.001      0.000      0.000      0.000      0.000      0.000      0.000      0.000      0.000      0.000      0.000      0.000      0.000      0.000      0.000      0.000      0.000      0.000      0.000      0.000      0.000      0.000      0.000      0.000      0.000      0.000      0.000      0.000      0.000      0.000      0.000      0.000      0.009
    -0.011     -0.015     -0.014      0.003      0.002      0.007      0.042     -0.007      0.003      0.000      0.000      0.000      0.000      0.000      0.000      0.000      0.000      0.000      0.000      0.000      0.000      0.000      0.000      0.000      0.000      0.000      0.000     -0.001      0.000      0.000      0.000      0.000      0.000      0.000      0.000      0.000      0.000      0.000      0.000      0.000      0.000      0.000      0.000      0.000      0.000      0.000      0.000      0.000      0.000      0.000      0.000      0.000      0.001      0.000      0.000      0.000      0.000      0.001
     0.042     -0.032     -0.017      0.101     -0.006      0.027     -0.037     -0.018      0.005      0.002      0.000      0.000      0.000      0.000      0.000      0.000      0.000      0.000     -0.001      0.000      0.000      0.000      0.000      0.000      0.000      0.000      0.000      0.000      0.000      0.000      0.000      0.000      0.000      0.000      0.000      0.000      0.000      0.000      0.001      0.000      0.000      0.000      0.000      0.000      0.000      0.000      0.000      0.000      0.000      0.000      0.000      0.000      0.000      0.000      0.000      0.000      0.000      0.009
     0.062      0.010      0.082     -0.018     -0.006      0.005      0.044     -0.021      0.033      0.042      0.003      0.000      0.000      0.000      0.000      0.000      0.000      0.000      0.000      0.000      0.000      0.000      0.000      0.000      0.000      0.001      0.000     -0.001      0.000      0.000      0.000      0.001      0.000      0.000      0.000      0.000      0.000      0.000      0.000      0.000      0.000      0.000      0.000      0.000      0.000      0.000      0.000      0.000      0.000      0.000      0.000      0.000      0.005      0.000      0.000     -0.001      0.000      0.001
     0.001      0.021      0.016     -0.007     -0.025      0.037     -0.004     -0.042     -0.025      0.002      0.028      0.004      0.000      0.000      0.000      0.000      0.000      0.000      0.000      0.000      0.000      0.000      0.000      0.000      0.000      0.000      0.000     -0.001      0.000      0.000      0.000     -0.001      0.000      0.000      0.000      0.000      0.000      0.000      0.000      0.000      0.000      0.000      0.000      0.000      0.000      0.000      0.000      0.000      0.000      0.000      0.000      0.000     -0.001      0.000      0.000      0.001      0.000      0.006
     0.022      0.002     -0.003     -0.061     -0.032     -0.017      0.013     -0.001      0.032     -0.024     -0.004      0.050      0.003      0.000      0.000      0.000      0.000      0.000      0.000      0.000      0.000      0.000      0.000      0.000      0.000      0.000      0.000      0.000      0.000      0.000      0.001      0.000      0.001      0.000      0.000      0.000      0.000      0.000      0.000      0.000     -0.001      0.000      0.000      0.000      0.000      0.000      0.000      0.000      0.000      0.000      0.000      0.000      0.001      0.000      0.000      0.000      0.000      0.005
    -0.019     -0.016      0.024      0.000     -0.018      0.026     -0.078      0.037      0.021      0.069     -0.034     -0.028      0.021      0.003      0.000      0.000      0.000      0.000      0.000      0.000      0.000      0.000      0.000      0.000      0.000      0.000      0.000      0.000      0.000      0.000      0.000      0.000      0.000      0.000      0.000      0.000      0.000      0.000     -0.001      0.000      0.000      0.000      0.000      0.000      0.000      0.000      0.000      0.000      0.000      0.000      0.000      0.000      0.000      0.000      0.000      0.000      0.000     -0.001
     0.000      0.004     -0.024      0.049      0.027      0.022      0.019      0.003      0.022     -0.043      0.015      0.008     -0.002      0.041      0.002      0.000      0.000      0.000      0.000      0.000      0.000      0.000      0.000      0.000      0.000      0.001      0.000      0.000      0.000      0.000      0.000      0.000      0.000      0.000      0.000      0.000      0.000      0.000      0.000      0.000      0.000      0.000      0.000     -0.001      0.000      0.000      0.000      0.000      0.000      0.000      0.000      0.000     -0.001      0.000      0.000      0.000      0.000     -0.006
     0.078     -0.048      0.017      0.007      0.006      0.011      0.046      0.014      0.041      0.022      0.018      0.018     -0.011      0.008      0.036      0.004      0.000      0.000      0.000      0.000      0.000      0.000     -0.001      0.000      0.000      0.001      0.000     -0.001      0.000      0.000      0.000      0.000      0.000      0.000      0.000      0.000      0.000      0.000      0.001      0.001      0.000      0.000      0.000      0.000      0.000      0.000      0.000      0.000      0.000      0.000      0.000      0.000      0.002      0.000      0.000      0.000      0.000      0.003
    -0.024     -0.008     -0.023     -0.050      0.011      0.020     -0.005      0.010     -0.006      0.006     -0.008      0.032      0.027     -0.023     -0.016      0.032      0.003      0.000      0.000      0.000      0.000      0.000      0.000      0.000      0.000      0.000      0.000      0.000      0.000      0.000      0.000      0.000     -0.001      0.000      0.000      0.000      0.000      0.000      0.000      0.000      0.000      0.000      0.000      0.000      0.000      0.001      0.000      0.000      0.000      0.000      0.000      0.001     -0.002      0.000      0.000      0.000      0.000     -0.002
    -0.061     -0.001      0.028      0.033      0.038      0.029     -0.007      0.049      0.006      0.013     -0.005      0.005     -0.015      0.014     -0.037      0.000     -0.028      0.003      0.000      0.000      0.000      0.000      0.000      0.000      0.000      0.000      0.000      0.000      0.000      0.000      0.001     -0.001     -0.001      0.000      0.000      0.000      0.000      0.000      0.000      0.000      0.000      0.000      0.000      0.000      0.000      0.000      0.000      0.000      0.000      0.000      0.000      0.000     -0.001      0.000      0.000      0.000      0.000     -0.001
     0.012     -0.126     -0.107     -0.039     -0.016     -0.028     -0.031     -0.067      0.006     -0.073     -0.020      0.009      0.019      0.022      0.035      0.028      0.019     -0.008      0.052     -0.003      0.000      0.006     -0.006      0.006      0.000      0.026      0.002     -0.017     -0.009      0.003     -0.002     -0.001     -0.001     -0.003      0.002      0.000      0.000      0.000      0.004      0.001     -0.001     -0.001      0.000      0.002     -0.001      0.001      0.001      0.000      0.000      0.000      0.000      0.003     -0.009     -0.001      0.000      0.002      0.000     -0.005
    -0.005     -0.012     -0.050      0.047      0.004      0.016      0.012      0.108      0.032      0.028     -0.006     -0.037     -0.027     -0.033      0.012     -0.032      0.041     -0.009     -0.299      0.003      0.000      0.000      0.000     -0.001      0.000     -0.009      0.000      0.004      0.001      0.000      0.000      0.000      0.000      0.001      0.000      0.000      0.000      0.000     -0.002      0.000      0.000      0.000      0.000      0.000      0.000      0.000      0.000      0.000      0.000      0.000      0.000      0.000      0.002      0.000      0.000      0.001      0.000      0.009
     0.055      0.128      0.174      0.043      0.028      0.010      0.054     -0.039     -0.020      0.064      0.024      0.079     -0.001     -0.001     -0.049     -0.008     -0.035      0.029     -0.336     -0.481      0.000      0.000      0.000      0.000      0.000      0.000      0.000      0.000      0.000      0.000      0.000      0.000      0.000      0.000      0.000      0.000      0.000      0.000      0.000      0.000      0.000      0.000      0.000      0.000      0.000      0.000      0.000      0.000      0.000      0.000      0.000      0.000      0.000      0.000      0.000      0.000      0.000      0.000
     0.057     -0.041      0.040      0.020      0.050      0.017      0.065     -0.023      0.068      0.048      0.011      0.071     -0.037      0.013      0.009      0.077      0.015      0.026      0.395     -0.126      0.014      0.005      0.002      0.000      0.001      0.003      0.000     -0.003     -0.003      0.001      0.000     -0.002     -0.001      0.000      0.000      0.000      0.000      0.000      0.003      0.000      0.000      0.000      0.000     -0.001      0.000      0.000      0.000      0.000      0.000      0.000      0.000      0.000     -0.005     -0.001      0.000      0.000      0.000      0.006
     0.023     -0.005     -0.022      0.042     -0.012      0.021     -0.017     -0.041     -0.025      0.047      0.021     -0.017     -0.017     -0.001     -0.011     -0.062     -0.043      0.012     -0.202      0.021     -0.010      0.201      0.018      0.001     -0.001     -0.005     -0.001      0.009      0.001     -0.001      0.001     -0.001     -0.001      0.001     -0.001      0.000      0.000      0.000     -0.001      0.000      0.000      0.000      0.000     -0.001      0.001      0.000      0.000      0.000      0.000      0.000      0.000      0.000      0.002      0.000      0.000     -0.001      0.001      0.002
     0.011     -0.060      0.062      0.000      0.002     -0.012     -0.055     -0.012      0.006      0.004      0.046     -0.012      0.010      0.063      0.008      0.016      0.008     -0.037      0.374     -0.172     -0.027      0.094      0.107      0.005      0.000      0.006     -0.002     -0.005     -0.001      0.000      0.000      0.000      0.000      0.000      0.001      0.000      0.000      0.000      0.001      0.000     -0.001      0.000      0.000      0.001      0.000      0.000      0.000      0.000      0.000      0.000      0.000      0.000      0.001     -0.001      0.000      0.000      0.000     -0.002
     0.022      0.027      0.083      0.065      0.152     -0.039      0.064      0.059      0.053      0.015     -0.015      0.003     -0.025     -0.025     -0.024      0.015      0.022     -0.017     -0.031     -0.060      0.176      0.421     -0.180     -0.148      0.001     -0.001      0.000     -0.001     -0.001      0.000      0.000      0.000      0.000      0.000      0.000      0.000      0.000      0.000      0.000      0.000      0.000      0.000      0.000      0.000      0.000      0.000      0.000      0.000      0.000      0.000      0.000      0.000     -0.002      0.000      0.000      0.000      0.000      0.007
     0.027      0.007      0.074     -0.039     -0.057      0.007     -0.009     -0.075      0.019     -0.019      0.053     -0.015      0.021      0.024      0.036      0.039     -0.026      0.005      0.330     -0.496      0.036      0.132     -0.105      0.229     -0.136      0.123     -0.002     -0.027     -0.003      0.002     -0.001      0.002      0.002     -0.003      0.003      0.001      0.000      0.000      0.008      0.000     -0.003      0.000      0.001      0.003      0.001      0.001      0.000      0.001      0.000      0.000      0.000      0.001     -0.014      0.000      0.000     -0.002      0.001     -0.103
     0.025     -0.026     -0.081     -0.005      0.012     -0.017      0.015      0.014      0.040     -0.062     -0.050     -0.054     -0.019     -0.045      0.024     -0.005      0.040      0.004      0.136      0.109     -0.239      0.001     -0.153     -0.367      0.066     -0.100      0.003      0.003     -0.001      0.000      0.000      0.000     -0.001      0.000      0.000      0.000      0.000      0.000      0.001      0.000      0.001      0.000      0.000      0.000      0.000      0.000      0.000      0.000      0.000      0.000      0.000      0.000     -0.002      0.000      0.000      0.000      0.000      0.008
    -0.015     -0.006     -0.101      0.000     -0.039     -0.010     -0.032      0.011     -0.041     -0.036     -0.047     -0.055     -0.022     -0.029     -0.018     -0.046      0.005     -0.030     -0.320      0.346     -0.347     -0.186      0.278     -0.286     -0.143     -0.334      0.202      0.055      0.005     -0.002      0.001      0.002     -0.001      0.000      0.000     -0.002      0.000      0.000      0.000      0.000      0.003      0.001      0.001      0.000      0.000     -0.002     -0.002      0.000      0.000      0.000      0.000     -0.001      0.008      0.001      0.000      0.001      0.000      0.025
    -0.094      0.031     -0.097     -0.049     -0.108      0.004     -0.042     -0.020     -0.054     -0.005     -0.015     -0.070     -0.023     -0.017     -0.004     -0.060     -0.027     -0.011     -0.572      0.289     -0.184     -0.585      0.142     -0.284     -0.523     -0.130     -0.140      0.291      0.004     -0.001     -0.001      0.000      0.000      0.001      0.000      0.000      0.000      0.000     -0.002      0.000      0.000      0.000      0.000      0.000      0.000      0.000      0.000      0.000      0.000      0.000      0.000      0.000      0.004      0.001      0.000      0.000      0.000     -0.011
     0.016     -0.023      0.019      0.038      0.022      0.034      0.007      0.030      0.001      0.019     -0.002     -0.024      0.044      0.035     -0.011     -0.006     -0.007     -0.018      0.069     -0.017     -0.054      0.044     -0.048      0.028      0.044      0.026     -0.009     -0.043     -0.046      0.030      0.002      0.000      0.002     -0.002      0.002      0.000      0.001      0.000      0.002      0.000      0.001      0.000      0.000     -0.001      0.001      0.000      0.000      0.000      0.000      0.000      0.000      0.001      0.001      0.000      0.000     -0.001     -0.001      0.021
    -0.005      0.058      0.027      0.026      0.032      0.017     -0.101      0.010     -0.027      0.021      0.025     -0.005      0.036     -0.029      0.014      0.026      0.000      0.042     -0.028     -0.007      0.019     -0.027      0.018     -0.018      0.042     -0.016      0.022      0.009     -0.032      0.046      0.060      0.000     -0.001      0.000      0.001      0.000      0.000      0.000     -0.003      0.000     -0.001      0.000      0.001     -0.001      0.001      0.000      0.000      0.000      0.000      0.000      0.000      0.002     -0.015     -0.002      0.000      0.001      0.001      0.068
     0.035      0.004      0.023     -0.009     -0.010     -0.009     -0.074     -0.010      0.016      0.003      0.083     -0.038      0.015      0.028     -0.005     -0.023     -0.004     -0.051     -0.011     -0.030     -0.005     -0.094     -0.044      0.000     -0.047      0.028      0.025      0.044      0.022      0.012      0.002      0.054      0.002      0.001     -0.001      0.000      0.001      0.001     -0.002      0.000     -0.003      0.001      0.000      0.001      0.000      0.000      0.001      0.001      0.001      0.000      0.000      0.003      0.015      0.000      0.000     -0.002      0.000      0.024
    -0.045     -0.034      0.010     -0.127      0.015      0.054      0.033     -0.028     -0.005      0.002      0.025      0.025      0.054      0.028     -0.022     -0.015     -0.049     -0.044     -0.013     -0.030      0.048     -0.039     -0.029      0.019     -0.021      0.022     -0.062     -0.012      0.003      0.040     -0.020      0.034      0.058      0.001      0.001      0.002      0.000      0.000     -0.002     -0.001      0.002      0.000      0.001     -0.001     -0.001      0.000      0.000      0.000      0.001      0.000      0.000      0.000      0.022      0.001      0.000     -0.002      0.000      0.023
    -0.014     -0.010     -0.012      0.021      0.119     -0.021      0.021      0.058      0.018      0.009      0.017     -0.017      0.034     -0.004     -0.040     -0.025      0.029      0.013     -0.115      0.095      0.000      0.013      0.063     -0.052      0.022     -0.073     -0.029      0.016      0.068     -0.080      0.007      0.026      0.020      0.016      0.000      0.000      0.000      0.000      0.003     -0.001      0.001      0.001      0.000      0.000      0.000      0.000     -0.001     -0.001      0.000      0.000      0.000     -0.001      0.009      0.001      0.000      0.000      0.000      0.016
    -0.047      0.007      0.034     -0.053      0.036      0.023     -0.031     -0.044     -0.011      0.062     -0.043      0.011     -0.005     -0.012      0.037      0.001     -0.006      0.025      0.064     -0.022     -0.050     -0.048     -0.058      0.063     -0.069      0.077     -0.038     -0.010      0.003      0.079      0.047     -0.050      0.045      0.031      0.013      0.000      0.001      0.000      0.002      0.000      0.000      0.000      0.000      0.001      0.000      0.000      0.000     -0.001      0.000      0.000      0.000      0.000      0.002      0.001      0.000      0.000      0.000      0.000
     0.009     -0.037     -0.019      0.038     -0.011      0.016      0.010     -0.017     -0.025     -0.010      0.001      0.055     -0.018      0.020      0.055     -0.027     -0.027      0.065      0.007     -0.003      0.066     -0.002     -0.017      0.010      0.002      0.019     -0.052     -0.075     -0.031      0.028      0.011      0.021      0.067     -0.007      0.013      0.009      0.000      0.000      0.001      0.000     -0.001      0.000      0.000      0.000      0.000      0.000      0.000      0.000      0.000      0.000      0.000      0.000      0.002      0.000      0.000      0.001      0.000      0.000
    -0.028      0.040      0.011     -0.045     -0.056     -0.009      0.032      0.032     -0.035      0.013     -0.037      0.011     -0.016     -0.014     -0.014      0.042     -0.080     -0.005      0.008      0.005      0.000     -0.022      0.005      0.060     -0.058     -0.007     -0.051     -0.015      0.031      0.035      0.000      0.037      0.019      0.016      0.053     -0.025      0.011      0.000     -0.001      0.000      0.000      0.000      0.000      0.000      0.000      0.000      0.000      0.000      0.000      0.000      0.000      0.000      0.000      0.000      0.000      0.000      0.000      0.005
     0.014      0.057     -0.044     -0.012     -0.030      0.007     -0.062     -0.003      0.057      0.039     -0.046      0.014     -0.003      0.056      0.010      0.068      0.061      0.029     -0.015     -0.003     -0.029     -0.019      0.008     -0.007     -0.039      0.014      0.037     -0.018      0.040      0.031     -0.001      0.058     -0.003      0.017      0.017      0.014      0.007      0.008      0.001      0.000     -0.001      0.000      0.000      0.000      0.000      0.000      0.000      0.000      0.000      0.000      0.000      0.000     -0.001      0.000      0.000      0.000      0.000      0.014
     0.066     -0.038      0.022      0.036      0.053     -0.023      0.023     -0.001     -0.013      0.029      0.009      0.006      0.002     -0.051      0.017      0.045     -0.010     -0.012      0.048     -0.080      0.061      0.104     -0.014      0.026      0.012      0.060      0.027      0.001     -0.095      0.034     -0.031     -0.018     -0.022      0.056      0.038      0.034     -0.035      0.018      0.156     -0.001      0.006      0.002     -0.001     -0.003      0.000      0.001     -0.002      0.001      0.001      0.000      0.000      0.001      0.007      0.002      0.000      0.005     -0.003      0.046
    -0.006     -0.104     -0.009      0.005     -0.017     -0.007     -0.044     -0.053     -0.016     -0.026     -0.038      0.018      0.035      0.055      0.008      0.072     -0.005      0.001      0.022     -0.034     -0.005      0.012     -0.015      0.018     -0.005      0.004     -0.044      0.017     -0.010     -0.014     -0.007      0.019     -0.029     -0.078      0.008     -0.006      0.043      0.032     -0.027      0.012      0.000      0.000      0.000      0.001      0.000      0.000      0.000      0.000      0.000      0.000      0.000      0.001      0.003      0.000      0.000      0.000      0.001     -0.005
    -0.022      0.007     -0.020      0.016     -0.053      0.022     -0.004      0.013      0.009     -0.020      0.017      0.004     -0.050     -0.034     -0.034     -0.014      0.021     -0.005     -0.025     -0.004      0.039      0.022      0.010     -0.069     -0.006     -0.035      0.048      0.044      0.002      0.021     -0.021     -0.055      0.028      0.036      0.000     -0.042     -0.016     -0.033      0.059      0.008      0.060      0.000      0.001     -0.002      0.001      0.000     -0.001     -0.001      0.000      0.000      0.000     -0.001      0.005      0.000      0.000     -0.001     -0.002      0.037
     0.018      0.012      0.008      0.032      0.084      0.013     -0.009     -0.005     -0.004      0.030     -0.011     -0.095     -0.084     -0.066      0.061     -0.003     -0.020     -0.002     -0.034     -0.023      0.021     -0.047     -0.036      0.008     -0.047      0.017      0.028      0.037      0.033     -0.022      0.015      0.027     -0.024      0.072      0.030      0.007     -0.018     -0.008      0.073     -0.008      0.013      0.007      0.000      0.000      0.000      0.000      0.000      0.000      0.000      0.000      0.000      0.000     -0.004      0.001      0.000      0.000      0.000      0.008
     0.027     -0.036      0.019      0.058     -0.057      0.004     -0.076     -0.017      0.009     -0.026     -0.005     -0.036      0.010      0.043     -0.007      0.013      0.047      0.002     -0.011     -0.009      0.007     -0.036      0.006      0.005      0.008      0.024     -0.009      0.046      0.013     -0.025      0.029     -0.003      0.025     -0.023     -0.036      0.022      0.001     -0.003     -0.022      0.000      0.033     -0.016      0.007      0.000      0.000      0.000      0.000      0.000      0.000      0.000      0.000      0.000     -0.005      0.001      0.000      0.000      0.000      0.002
    -0.034     -0.068      0.013      0.011      0.065      0.019     -0.053      0.040      0.015     -0.022     -0.012     -0.036     -0.023      0.006     -0.082      0.008      0.020      0.006      0.040     -0.018     -0.046     -0.057     -0.041      0.042     -0.020      0.043     -0.019      0.002      0.006     -0.018     -0.029      0.016     -0.025     -0.013      0.025     -0.024     -0.017      0.012     -0.037      0.027     -0.032     -0.026     -0.027      0.043      0.000      0.000     -0.001      0.002      0.000      0.000      0.000      0.001      0.010     -0.002      0.000     -0.002      0.000     -0.003
    -0.012     -0.038     -0.031      0.033     -0.052      0.003     -0.019      0.016     -0.010     -0.020     -0.030     -0.025      0.022      0.022      0.007      0.072      0.019     -0.004     -0.027      0.017     -0.013     -0.052      0.054      0.026     -0.060      0.024     -0.016     -0.001      0.045      0.062      0.041     -0.006     -0.027     -0.017     -0.004      0.012     -0.031      0.017      0.000      0.022      0.022      0.014      0.013     -0.005      0.011      0.000      0.001     -0.001      0.000      0.000      0.000      0.001     -0.001      0.000      0.000      0.000      0.000     -0.012
    -0.016     -0.012      0.031     -0.080      0.024     -0.015      0.036     -0.015     -0.044      0.004     -0.038     -0.023      0.011     -0.013      0.012      0.008      0.149      0.057      0.031     -0.013      0.022      0.063      0.014      0.072     -0.003      0.038      0.008     -0.080     -0.018      0.015      0.024      0.005      0.006      0.019      0.020      0.028      0.003     -0.017      0.036     -0.009     -0.011     -0.045     -0.001     -0.028      0.030      0.007      0.000      0.000      0.000      0.000      0.000      0.000     -0.001     -0.001      0.000      0.000      0.000      0.010
     0.039      0.003     -0.002     -0.028      0.007     -0.028      0.046      0.015      0.000      0.025     -0.016      0.022      0.032     -0.016      0.034     -0.004     -0.003      0.067      0.030      0.018     -0.023      0.001     -0.026     -0.026     -0.012      0.010      0.006     -0.067      0.004     -0.029     -0.013      0.021     -0.011     -0.047      0.004     -0.024      0.008     -0.001     -0.048      0.002     -0.041     -0.002      0.022     -0.027      0.068     -0.002      0.010      0.000      0.000      0.000      0.000      0.000     -0.002      0.000      0.000      0.000      0.000     -0.016
    -0.016      0.009      0.001      0.009     -0.004     -0.021     -0.051     -0.050     -0.006      0.013     -0.003      0.052      0.039      0.009     -0.025      0.004      0.038      0.002     -0.001     -0.012      0.020      0.001      0.040      0.063     -0.062      0.021     -0.027     -0.025     -0.009     -0.009     -0.002      0.080      0.003     -0.074     -0.065     -0.024      0.014     -0.021      0.024     -0.008     -0.036     -0.026      0.015      0.110     -0.084     -0.071     -0.026      0.006      0.000     -0.001      0.000      0.002      0.010     -0.003      0.000     -0.002      0.001     -0.026
    -0.009     -0.011      0.023     -0.048      0.018      0.015      0.034      0.013      0.011     -0.039      0.067      0.023      0.022      0.008     -0.030     -0.006      0.038      0.027     -0.011      0.019     -0.059     -0.050     -0.050      0.032     -0.016      0.052     -0.006      0.009      0.028      0.101      0.015      0.106      0.106      0.051      0.082      0.071      0.036      0.056      0.064      0.052      0.050     -0.038     -0.020      0.048      0.059      0.040      0.061     -0.067      0.001      0.000      0.000      0.001      0.005      0.000      0.000      0.000      0.000     -0.018
     0.059      0.042      0.013      0.028     -0.052      0.030      0.053     -0.029      0.057     -0.012      0.023     -0.055     -0.022      0.004      0.017      0.058     -0.036     -0.014     -0.058      0.052      0.023      0.007     -0.022     -0.047      0.034     -0.062      0.019      0.044      0.020     -0.052     -0.062     -0.094     -0.083      0.030      0.001     -0.014      0.004      0.005     -0.035      0.006      0.089      0.024      0.007     -0.086      0.021     -0.006     -0.027     -0.545     -0.207      0.000      0.000     -0.001     -0.001      0.000      0.000      0.000      0.000      0.005
    -0.082     -0.038     -0.011     -0.047      0.048     -0.042     -0.060      0.041     -0.067     -0.005     -0.032      0.032     -0.003      0.005     -0.016     -0.068      0.021      0.025      0.041     -0.074     -0.015     -0.016      0.032      0.023     -0.023      0.064     -0.025     -0.024     -0.006      0.051      0.062      0.080      0.091     -0.043      0.002     -0.005      0.006      0.007     -0.032     -0.013     -0.134     -0.014     -0.023      0.075     -0.024      0.007      0.030      0.359      0.179     -0.896      0.000      0.000      0.000      0.000      0.000      0.000      0.000     -0.001
     0.053     -0.002     -0.093     -0.024      0.026     -0.050     -0.057      0.027      0.026      0.045     -0.006      0.026      0.021      0.022      0.004      0.003      0.076     -0.052      0.108     -0.021     -0.070      0.039     -0.023      0.050     -0.010      0.030     -0.001     -0.023     -0.051      0.049      0.058      0.091      0.008     -0.053     -0.006      0.015      0.004      0.005      0.016      0.035     -0.015     -0.044     -0.036      0.026      0.036      0.001      0.027      0.234      0.168     -0.262      0.207      0.019     -0.003     -0.010      0.000      0.005      0.001      0.041
    -0.001     -0.076      0.021     -0.052      0.009      0.032      0.061     -0.003      0.018      0.006      0.096     -0.011      0.020      0.000     -0.029      0.031     -0.039     -0.028     -0.044      0.046     -0.027     -0.088      0.021      0.021     -0.077     -0.045     -0.034      0.040      0.066      0.009     -0.074      0.073      0.109      0.086      0.016      0.030     -0.002     -0.017      0.020      0.032      0.022     -0.056     -0.076      0.056     -0.007     -0.011     -0.025      0.151      0.250     -0.043     -0.020     -0.028      0.724      0.008      0.000     -0.013     -0.001     -0.418
    -0.032     -0.062     -0.023      0.003     -0.011      0.037      0.033     -0.037     -0.014     -0.002     -0.036      0.011      0.041     -0.004      0.031     -0.017     -0.018      0.039     -0.027      0.002     -0.007     -0.070      0.002     -0.057     -0.046     -0.002      0.028      0.020      0.077      0.010     -0.055     -0.012      0.023      0.044      0.029      0.005     -0.010      0.023      0.033     -0.021     -0.007      0.058      0.056     -0.045      0.018     -0.049      0.016     -0.216     -0.039     -0.016     -0.042     -0.445      0.055      0.029      0.000      0.002     -0.002     -0.045
    -0.034      0.013     -0.016      0.039      0.014     -0.020     -0.021      0.013      0.013     -0.011     -0.014      0.021     -0.002      0.007     -0.005     -0.011      0.042      0.019      0.042     -0.024      0.004      0.018      0.010      0.062      0.004      0.022      0.039     -0.049     -0.068      0.034     -0.001      0.024     -0.018      0.006      0.033      0.037      0.007      0.007      0.049     -0.027      0.008     -0.058     -0.023      0.060     -0.054      0.059     -0.068      0.434      0.081     -0.401      0.245      0.043     -0.011     -0.322      0.000      0.000      0.000      0.000
     0.042     -0.057     -0.093      0.002     -0.042     -0.041     -0.036      0.048      0.009      0.014     -0.063      0.068      0.035      0.021      0.024     -0.029      0.029      0.015      0.053      0.051     -0.051     -0.006     -0.052     -0.015      0.025     -0.022      0.040      0.022     -0.030     -0.029      0.017     -0.046     -0.045     -0.018     -0.010      0.058     -0.003      0.020      0.059      0.007     -0.011     -0.021     -0.021     -0.057     -0.018      0.024     -0.020     -0.099     -0.075      0.009     -0.025      0.197     -0.078      0.060     -0.010      0.041      0.000      0.042
    -0.001     -0.011     -0.014      0.001      0.006     -0.017     -0.078     -0.015      0.011      0.029      0.017      0.026      0.019     -0.042     -0.015     -0.045      0.026     -0.017      0.005      0.017     -0.010     -0.036      0.044     -0.025     -0.059      0.025     -0.059      0.014      0.040     -0.075      0.042      0.006      0.010     -0.012     -0.019     -0.031     -0.006     -0.038     -0.075      0.057     -0.101      0.008     -0.012     -0.005      0.004      0.016      0.029      0.083     -0.215     -0.223      0.175      0.116     -0.015     -0.145      0.000     -0.011      0.008     -0.015
     0.006      0.024      0.005     -0.002      0.029      0.002     -0.005      0.061      0.007      0.068      0.005      0.035      0.031     -0.008     -0.041      0.017     -0.010     -0.006     -0.008      0.059     -0.025      0.029      0.005     -0.009      0.086     -0.104      0.049      0.037     -0.056      0.043      0.098      0.036      0.034      0.046     -0.001      0.002      0.019      0.055      0.041     -0.017      0.053      0.033      0.010     -0.005     -0.039      0.043     -0.056     -0.118     -0.282      0.081     -0.050      0.104     -0.173     -0.094      0.050      0.074     -0.058      8.068

Derivative matrix of expected statistics X by parameters and
covariance/correlation matrix of X can be found using
summary(ans) within R, or by using the 'verbose' option in Siena07.
 
Total computation time 1752.96 seconds.
