

-----------------------------------
New Analysis started.
Date and time: 20/09/2026 23:25:38
New results follow.
-----------------------------------

RSiena version 1.3.10 (28 Apr 22)


@1
Estimation by stochastic approximation algorithm.
=================================================

Current random number seed is 12345.
Effects object used: effs 
Model Type:
 Initiative model
Behavioral Model Type:
 Standard behavior actor-oriented model ('restrict')
Estimation method: unconditional moment estimation
.

Time duration for simulations in each period is 1.0.
Changing composition.
Joiners/leavers option: 1
Standard errors are estimated with the likelihood ratio method.
Dolby method (regression on scores) is used.
Initial value of gain parameter is  0.2000000.
Reduction factor for gain parameter is  0.5000000.
Number of subphases in Phase 2 is 3.

Initial parameter values are 
  1. rate:  constant dv.net rate (period 1)                 0.1737
  2. rate:  constant dv.net rate (period 2)                 0.4673
  3. rate:  constant dv.net rate (period 3)                 0.8177
  4. rate:  constant dv.net rate (period 4)                 1.1922
  5. rate:  constant dv.net rate (period 5)                 0.9644
  6. rate:  constant dv.net rate (period 6)                 0.9644
  7. rate:  constant dv.net rate (period 7)                 1.1922
  8. rate:  constant dv.net rate (period 8)                 0.9897
  9. rate:  constant dv.net rate (period 9)                 1.0657
 10. rate:  constant dv.net rate (period 10)                0.9138
 11. rate:  constant dv.net rate (period 11)                1.0657
 12. rate:  constant dv.net rate (period 12)                1.4453
 13. rate:  constant dv.net rate (period 13)                1.1922
 14. rate:  constant dv.net rate (period 14)                1.1163
 15. rate:  constant dv.net rate (period 15)                1.0150
 16. rate:  constant dv.net rate (period 16)                1.7491
 17. rate:  constant dv.net rate (period 17)                1.2175
 18. rate:  constant dv.net rate (period 18)                1.4200
 19. eval:  degree (density)                               -0.2598
 20. eval:  transitive triads                               0.0000
 21. eval:  degree act+pop                                  0.0000
 22. eval:  nets.lndistance_d                               0.0000
 23. eval:  nets.ATOP_d                                     0.0000
 24. eval:  nets.absidealdiff_d                             0.0000
 25. eval:  nets.lntrade_d                                  0.0000
 26. eval:  nets.NATO_d                                     0.0000
 27. eval:  milex.beh alter                                 0.0000
 28. eval:  beh.democracy_1 alter                           0.0000
 29. eval:  beh.lncinc_1 alter                              0.0000
 30. rate:  rate milex.beh (period 1)                       0.7680
 31. rate:  rate milex.beh (period 2)                       0.9106
 32. rate:  rate milex.beh (period 3)                       1.2728
 33. rate:  rate milex.beh (period 4)                       0.8873
 34. rate:  rate milex.beh (period 5)                       0.3413
 35. rate:  rate milex.beh (period 6)                       0.5489
 36. rate:  rate milex.beh (period 7)                       0.3224
 37. rate:  rate milex.beh (period 8)                       0.3545
 38. rate:  rate milex.beh (period 9)                       0.2491
 39. rate:  rate milex.beh (period 10)                      0.9035
 40. rate:  rate milex.beh (period 11)                      0.3190
 41. rate:  rate milex.beh (period 12)                      0.9347
 42. rate:  rate milex.beh (period 13)                      0.2118
 43. rate:  rate milex.beh (period 14)                      0.2056
 44. rate:  rate milex.beh (period 15)                      0.6321
 45. rate:  rate milex.beh (period 16)                      0.2242
 46. rate:  rate milex.beh (period 17)                      0.2118
 47. rate:  rate milex.beh (period 18)                      0.2304
 48. eval:  milex.beh linear shape                         -0.0720
 49. eval:  milex.beh quadratic shape                       0.0000
 50. eval:  milex.beh degree                                0.0000
 51. eval:  milex.beh dense triads                          0.0000
 52. eval:  milex.beh: effect from beh.democracy_1          0.0000
 53. eval:  milex.beh: effect from beh.GDPgrowth_1          0.0000
 54. eval:  milex.beh: effect from beh.nato_1               0.0000
 55. eval:  milex.beh: effect from beh.allies_1             0.0000
 56. eval:  milex.beh: effect from beh.military_1           0.0000
 57. eval:  milex.beh: effect from beh.lnmids_1             0.0000
 58. eval:  milex.beh: effect from beh.milexSpLag_1         0.0000


Observed values of target statistics are
  1. Amount of network change in period 1                                10.0000
  2. Amount of network change in period 2                                34.0000
  3. Amount of network change in period 3                                86.0000
  4. Amount of network change in period 4                                94.0000
  5. Amount of network change in period 5                                76.0000
  6. Amount of network change in period 6                                76.0000
  7. Amount of network change in period 7                                94.0000
  8. Amount of network change in period 8                                78.0000
  9. Amount of network change in period 9                                84.0000
 10. Amount of network change in period 10                               72.0000
 11. Amount of network change in period 11                               84.0000
 12. Amount of network change in period 12                              114.0000
 13. Amount of network change in period 13                               94.0000
 14. Amount of network change in period 14                               88.0000
 15. Amount of network change in period 15                               80.0000
 16. Amount of network change in period 16                              138.0000
 17. Amount of network change in period 17                               96.0000
 18. Amount of network change in period 18                              112.0000
 19. Number of edges                                                   5257.0000
 20. Number of transitive triads                                       7339.0000
 21. Sum of squared degrees                                            333172.0000
 22. Sum of ties x nets.lndistance_d                                   -10629.6066
 23. Sum of ties x nets.ATOP_d                                         5960.4379
 24. Sum of ties x nets.absidealdiff_d                                 -2858.5692
 25. Sum of ties x nets.lntrade_d                                      37643.5933
 26. Sum of ties x nets.NATO_d                                         1247.4871
 27. Sum of degrees x milex.beh                                        -136.5119
 28. Sum of degrees x beh.democracy_1                                  2911.8786
 29. Sum of degrees x beh.lncinc_1                                     13015.0208
 30. Amount of behavioral change in period 1 on milex.beh                41.0000
 31. Amount of behavioral change in period 2 on milex.beh                50.0000
 32. Amount of behavioral change in period 3 on milex.beh                57.0000
 33. Amount of behavioral change in period 4 on milex.beh                52.0000
 34. Amount of behavioral change in period 5 on milex.beh                37.0000
 35. Amount of behavioral change in period 6 on milex.beh                32.0000
 36. Amount of behavioral change in period 7 on milex.beh                28.0000
 37. Amount of behavioral change in period 8 on milex.beh                31.0000
 38. Amount of behavioral change in period 9 on milex.beh                24.0000
 39. Amount of behavioral change in period 10 on milex.beh               71.0000
 40. Amount of behavioral change in period 11 on milex.beh               34.0000
 41. Amount of behavioral change in period 12 on milex.beh               55.0000
 42. Amount of behavioral change in period 13 on milex.beh               18.0000
 43. Amount of behavioral change in period 14 on milex.beh               17.0000
 44. Amount of behavioral change in period 15 on milex.beh               48.0000
 45. Amount of behavioral change in period 16 on milex.beh               20.0000
 46. Amount of behavioral change in period 17 on milex.beh               18.0000
 47. Amount of behavioral change in period 18 on milex.beh               21.0000
 48. milex.beh centered sum                                             -69.2728
 49. milex.beh sum of cent. squares                                    5872.2362
 50. milex.beh outdegrees                                              -140.2801
 51. milex.beh dense triads                                            -2487.5508
 52. milex.beh x beh.democracy_1                                       -379.2596
 53. milex.beh x beh.GDPgrowth_1                                         -0.6794
 54. milex.beh x beh.nato_1                                              58.7026
 55. milex.beh x beh.allies_1                                          -4906.7851
 56. milex.beh x beh.military_1                                         125.8892
 57. milex.beh x beh.lnmids_1                                           583.7664
 58. milex.beh x beh.milexSpLag_1                                        23.9632

 58 parameters, 58 statistics

Estimation of derivatives by the LR method (type 1).


@2
End of stochastic approximation algorithm, phase 3.
---------------------------------------------------

Total of 3387 iterations.
Parameter estimates based on 2387 iterations,
convergence diagnostics, covariance and derivative matrices based on 1000 iterations.

Information for convergence diagnosis.
Averages, standard deviations, and t-ratios for deviations from targets:
  1.  -0.2880    4.4803  -0.0643 
  2.   0.5140    8.3896   0.0613 
  3.  -1.3260   12.4519  -0.1065 
  4.   0.7840   13.5079   0.0580 
  5.   0.2020   11.5783   0.0174 
  6.   0.9120   11.9810   0.0761 
  7.   0.2100   13.0698   0.0161 
  8.   1.3360   11.8988   0.1123 
  9.   0.7840   12.7243   0.0616 
 10.   0.0860   11.5399   0.0075 
 11.   0.6460   12.0278   0.0537 
 12.   0.2560   14.4035   0.0178 
 13.   0.3100   13.4328   0.0231 
 14.  -0.2040   13.0878  -0.0156 
 15.  -0.3660   12.2489  -0.0299 
 16.   0.3720   15.8354   0.0235 
 17.  -0.1380   13.7427  -0.0100 
 18.   0.4420   14.8940   0.0297 
 19.   0.1720   26.5768   0.0065 
 20.  -1.4930   88.9100  -0.0168 
 21. -22.3200 2655.5823  -0.0084 
 22.   0.7747   70.2502   0.0110 
 23.  -1.0694   33.4227  -0.0320 
 24.   2.6446   46.9917   0.0563 
 25.  -1.9962  197.3587  -0.0101 
 26.  -0.0492   11.2813  -0.0044 
 27.  -2.0422   55.3202  -0.0369 
 28.  -0.1851   19.7724  -0.0094 
 29.   0.0443   84.5338   0.0005 
 30.   0.0680    5.3807   0.0126 
 31.   0.3510    6.0563   0.0580 
 32.  -0.2000    6.1436  -0.0326 
 33.   0.0630    6.3735   0.0099 
 34.   0.2250    5.5603   0.0405 
 35.   0.0440    5.1006   0.0086 
 36.   0.1850    4.9416   0.0374 
 37.   0.0270    5.2124   0.0052 
 38.  -0.0640    4.6380  -0.0138 
 39.   0.4360    7.1207   0.0612 
 40.  -0.0440    5.3224  -0.0083 
 41.  -0.2250    6.3323  -0.0355 
 42.   0.0140    4.1220   0.0034 
 43.   0.0160    4.0734   0.0039 
 44.   0.1940    5.9103   0.0328 
 45.   0.1060    4.1350   0.0256 
 46.   0.3070    3.9996   0.0768 
 47.  -0.1680    4.1443  -0.0405 
 48.  -0.1050   24.3030  -0.0043 
 49.   3.6753  100.7233   0.0365 
 50. -13.0190  182.2430  -0.0714 
 51. -49.5450  492.1250  -0.1007 
 52.   0.1611   12.1616   0.0132 
 53.  -0.0877    2.2067  -0.0397 
 54.  -0.2194    9.4463  -0.0232 
 55. -27.5512  462.1470  -0.0596 
 56.   0.1093    6.5443   0.0167 
 57.   0.1267   15.4939   0.0082 
 58.   0.0099    0.5287   0.0187 

Good convergence is indicated by the t-ratios being close to zero.

Overall maximum convergence ratio =  0.3509 .



@2
Estimation Results.
-------------------

Regular end of estimation algorithm.
Total of 3387 iteration steps.


@3
Estimates and standard errors
                             
Network Dynamics
 1. rate:  constant dv.net rate (period 1)                         0.0463  (   0.0211)
 2. rate:  constant dv.net rate (period 2)                         0.1413  (   0.0331)
 3. rate:  constant dv.net rate (period 3)                         0.4252  (   0.0814)
 4. rate:  constant dv.net rate (period 4)                         0.3503  (   0.0537)
 5. rate:  constant dv.net rate (period 5)                         0.3251  (   0.0585)
 6. rate:  constant dv.net rate (period 6)                         0.3251  (   0.0554)
 7. rate:  constant dv.net rate (period 7)                         0.4021  (   0.0641)
 8. rate:  constant dv.net rate (period 8)                         0.3147  (   0.0559)
 9. rate:  constant dv.net rate (period 9)                         0.3307  (   0.0534)
10. rate:  constant dv.net rate (period 10)                        0.2754  (   0.0476)
11. rate:  constant dv.net rate (period 11)                        0.3247  (   0.0558)
12. rate:  constant dv.net rate (period 12)                        0.4482  (   0.0654)
13. rate:  constant dv.net rate (period 13)                        0.3547  (   0.0557)
14. rate:  constant dv.net rate (period 14)                        0.3254  (   0.0505)
15. rate:  constant dv.net rate (period 15)                        0.2912  (   0.0501)
16. rate:  constant dv.net rate (period 16)                        0.5148  (   0.0683)
17. rate:  constant dv.net rate (period 17)                        0.3430  (   0.0513)
18. rate:  constant dv.net rate (period 18)                        0.4015  (   0.0545)
19. eval:  degree (density)                                       -5.5219  (   0.2196)
20. eval:  transitive triads                                       0.1543  (   0.0491)
21. eval:  degree act+pop                                          0.0571  (   0.0049)
22. eval:  nets.lndistance_d                                      -0.8501  (   0.0698)
23. eval:  nets.ATOP_d                                             1.0892  (   0.1330)
24. eval:  nets.absidealdiff_d                                    -0.6014  (   0.0711)
25. eval:  nets.lntrade_d                                          0.0724  (   0.0287)
26. eval:  nets.NATO_d                                            -3.3426  (   0.3506)
27. eval:  milex.beh alter                                        -0.0598  (   0.0582)
28. eval:  beh.democracy_1 alter                                   1.4389  (   0.2332)
29. eval:  beh.lncinc_1 alter                                      0.7934  (   0.0637)
Behavior Dynamics

30. rate:  rate milex.beh (period 1)                               0.9355  (   0.1919)
31. rate:  rate milex.beh (period 2)                               1.3180  (   0.2738)
32. rate:  rate milex.beh (period 3)                               1.3558  (   0.2686)
33. rate:  rate milex.beh (period 4)                               1.1811  (   0.2051)
34. rate:  rate milex.beh (period 5)                               0.7012  (   0.1535)
35. rate:  rate milex.beh (period 6)                               0.5701  (   0.1141)
36. rate:  rate milex.beh (period 7)                               0.4737  (   0.1069)
37. rate:  rate milex.beh (period 8)                               0.5234  (   0.1061)
38. rate:  rate milex.beh (period 9)                               0.3736  (   0.0807)
39. rate:  rate milex.beh (period 10)                              1.7216  (   0.3077)
40. rate:  rate milex.beh (period 11)                              0.5854  (   0.1150)
41. rate:  rate milex.beh (period 12)                              1.3154  (   0.2300)
42. rate:  rate milex.beh (period 13)                              0.3238  (   0.0742)
43. rate:  rate milex.beh (period 14)                              0.2968  (   0.0770)
44. rate:  rate milex.beh (period 15)                              1.0912  (   0.2131)
45. rate:  rate milex.beh (period 16)                              0.4124  (   0.1026)
46. rate:  rate milex.beh (period 17)                              0.3556  (   0.0931)
47. rate:  rate milex.beh (period 18)                              0.4026  (   0.0954)
48. eval:  milex.beh linear shape                                 -1.1745  (   0.0751)
49. eval:  milex.beh quadratic shape                              -0.0273  (   0.0250)
50. eval:  milex.beh degree                                        0.0898  (   0.0230)
51. eval:  milex.beh dense triads                                 -0.0210  (   0.0074)
52. eval:  milex.beh: effect from beh.democracy_1                 -0.4495  (   0.1329)
53. eval:  milex.beh: effect from beh.GDPgrowth_1                 -2.2472  (   0.8790)
54. eval:  milex.beh: effect from beh.nato_1                       0.8789  (   0.1648)
55. eval:  milex.beh: effect from beh.allies_1                    -0.0111  (   0.0034)
56. eval:  milex.beh: effect from beh.military_1                   0.2556  (   0.1862)
57. eval:  milex.beh: effect from beh.lnmids_1                     0.1341  (   0.0899)
58. eval:  milex.beh: effect from beh.milexSpLag_1                 7.2079  (   2.8333)


@3
Covariance matrices
                   
Covariance matrix of estimates (correlations below diagonal):
     0.000      0.000      0.000      0.000      0.000      0.000      0.000      0.000      0.000      0.000      0.000      0.000      0.000      0.000      0.000      0.000      0.000      0.000      0.000      0.000      0.000      0.000      0.000      0.000      0.000      0.000      0.000      0.000      0.000      0.001      0.000      0.000      0.000      0.000      0.000      0.000      0.000      0.000      0.000      0.000      0.000      0.000      0.000      0.000      0.000      0.000      0.000      0.000      0.000      0.000      0.000      0.000     -0.002      0.000      0.000      0.000      0.000      0.000
     0.033      0.001      0.000      0.000      0.000      0.000      0.000      0.000      0.000      0.000      0.000      0.000      0.000      0.000      0.000      0.000      0.000      0.000      0.000      0.000      0.000      0.000      0.000      0.000      0.000      0.000      0.000      0.000      0.000      0.000      0.000      0.000      0.000      0.000      0.000      0.000      0.000      0.000      0.000      0.000      0.000      0.000      0.000      0.000      0.000      0.000      0.000      0.000      0.000      0.000      0.000      0.000      0.000      0.000      0.000      0.000      0.000      0.000
    -0.023     -0.021      0.007      0.000      0.000      0.000      0.000      0.000      0.000      0.000      0.000      0.000      0.000      0.000      0.000      0.000      0.000      0.000     -0.001      0.000      0.000      0.001     -0.001      0.000      0.000      0.000     -0.001     -0.002     -0.001      0.000      0.000     -0.002      0.000      0.000      0.000      0.000     -0.001      0.000      0.001      0.000      0.000      0.000      0.000     -0.001      0.000      0.000      0.001      0.000      0.000      0.000      0.000      0.000      0.001      0.001      0.000      0.000      0.000     -0.006
    -0.020     -0.031      0.081      0.003      0.000      0.000      0.000      0.000      0.000      0.000      0.000      0.000      0.000      0.000      0.000      0.000      0.000      0.000     -0.001      0.000      0.000      0.000      0.000      0.000      0.000      0.000      0.000     -0.001      0.000      0.000      0.000      0.000      0.001      0.000      0.000      0.000      0.000      0.000      0.000      0.000      0.000      0.000      0.000      0.000      0.000      0.000      0.000      0.000      0.000      0.000      0.000      0.000      0.001      0.001      0.000      0.000      0.000     -0.002
     0.045      0.024     -0.014      0.037      0.003      0.000      0.000      0.000      0.000      0.000      0.000      0.000      0.000      0.000      0.000      0.000      0.000      0.000      0.000      0.000      0.000      0.000     -0.001      0.000      0.000      0.001      0.000     -0.001      0.000      0.000     -0.001      0.000      0.000      0.000      0.000      0.000      0.000      0.000      0.000      0.000     -0.001      0.000      0.000      0.000      0.000      0.000      0.000      0.000      0.000      0.000      0.000      0.000     -0.001      0.000      0.000      0.000      0.000      0.009
     0.047     -0.026      0.026     -0.040     -0.035      0.003      0.000      0.000      0.000      0.000      0.000      0.000      0.000      0.000      0.000      0.000      0.000      0.000      0.000      0.000      0.000      0.000      0.000      0.000      0.000      0.001      0.000      0.000      0.000      0.000      0.000      0.000      0.000      0.000      0.000      0.000      0.000      0.000      0.000      0.000      0.001      0.000      0.000      0.000      0.000      0.000      0.000      0.000      0.000      0.000      0.000      0.000     -0.002      0.000      0.000      0.000      0.000     -0.004
     0.080      0.004      0.054      0.083      0.021      0.051      0.004      0.000      0.000      0.000      0.000      0.000      0.000      0.000      0.000      0.000      0.000      0.000     -0.001      0.000      0.000      0.000      0.000      0.000      0.000      0.000      0.000     -0.001      0.000      0.001     -0.001     -0.001      0.000      0.000      0.000      0.000      0.000      0.000      0.000      0.000      0.000      0.000      0.000     -0.001      0.000      0.000      0.000      0.000      0.000      0.000      0.000      0.000      0.003      0.000      0.000      0.000      0.000     -0.002
     0.023     -0.051      0.098      0.013      0.087      0.000      0.032      0.003      0.000      0.000      0.000      0.000      0.000      0.000      0.000      0.000      0.000      0.000      0.000      0.000      0.000      0.000      0.000      0.000      0.000      0.001      0.000     -0.001      0.000      0.000     -0.001      0.000     -0.001      0.000      0.000      0.000      0.000      0.000      0.000      0.000      0.000      0.000      0.000     -0.001      0.000      0.000      0.000      0.000      0.000      0.000      0.000      0.000     -0.002      0.000      0.000     -0.001      0.000     -0.004
     0.013      0.058      0.016     -0.051      0.060      0.012      0.021      0.038      0.003      0.000      0.000      0.000      0.000      0.000      0.000      0.000      0.000      0.000      0.000      0.000      0.000      0.000      0.000      0.000      0.000      0.001      0.000     -0.001      0.000      0.001      0.000      0.000      0.000      0.000      0.000      0.000      0.000      0.000      0.000      0.000      0.001      0.000      0.000     -0.001      0.000      0.000      0.000      0.000      0.000      0.000      0.000      0.000     -0.001      0.000      0.000      0.000      0.000      0.000
     0.005      0.042     -0.017     -0.047     -0.003     -0.041     -0.003      0.010     -0.037      0.002      0.000      0.000      0.000      0.000      0.000      0.000      0.000      0.000     -0.001      0.000      0.000      0.000      0.000      0.000      0.000     -0.001      0.000      0.000      0.000     -0.001      0.000      0.001      0.000      0.000      0.000      0.000      0.000      0.000      0.000      0.000      0.000      0.000      0.000      0.000      0.000      0.000      0.000      0.000      0.000      0.000      0.000      0.000     -0.002      0.000      0.000      0.001      0.000      0.003
     0.004      0.024      0.052      0.046     -0.010      0.027      0.010      0.001     -0.052     -0.004      0.003      0.000      0.000      0.000      0.000      0.000      0.000      0.000      0.000      0.000      0.000      0.000      0.000      0.000      0.000      0.000      0.000      0.000      0.000      0.001      0.000      0.000      0.000      0.000      0.000      0.000      0.000      0.000      0.000      0.000      0.000      0.000      0.000     -0.001      0.000      0.000      0.000      0.000      0.000      0.000      0.000      0.000     -0.002      0.000      0.000      0.000      0.000      0.005
     0.004      0.005      0.030      0.063      0.013      0.008      0.002     -0.039     -0.002      0.012     -0.014      0.004      0.000      0.000      0.000      0.000      0.000      0.000      0.000      0.000      0.000      0.000      0.000      0.000      0.000      0.001      0.000      0.000      0.000      0.000      0.001      0.000      0.000     -0.001      0.000      0.000      0.000      0.000      0.001      0.000     -0.001      0.000      0.000      0.000      0.000      0.000      0.000      0.000      0.000      0.000      0.000      0.000     -0.003      0.000      0.000      0.001      0.000      0.017
     0.023     -0.005      0.051      0.057      0.019      0.045      0.001     -0.005      0.029     -0.005     -0.032      0.009      0.003      0.000      0.000      0.000      0.000      0.000      0.000      0.000      0.000      0.000      0.000      0.000      0.000      0.000      0.000     -0.001      0.000      0.000     -0.001      0.000      0.000      0.000      0.000      0.000      0.000      0.000      0.000      0.000      0.000      0.000      0.000      0.000      0.000      0.000      0.000      0.000      0.000      0.000      0.000      0.000      0.000      0.000      0.000      0.000      0.000     -0.002
     0.009     -0.045      0.036      0.053     -0.056      0.034     -0.047     -0.014     -0.053     -0.033      0.046      0.024      0.013      0.003      0.000      0.000      0.000      0.000     -0.001      0.000      0.000      0.000      0.000      0.000      0.000      0.000      0.000      0.001      0.000      0.000     -0.001      0.000      0.001      0.000      0.000      0.000      0.000      0.000      0.000      0.000      0.000      0.000      0.000      0.000      0.000      0.000      0.000      0.000      0.000      0.000      0.000      0.000      0.002      0.000      0.000      0.000      0.000     -0.006
     0.003      0.015      0.043      0.037      0.015     -0.004      0.042     -0.007     -0.033      0.022      0.051      0.064      0.018     -0.011      0.003      0.000      0.000      0.000     -0.001      0.000      0.000      0.000      0.000      0.000      0.000     -0.001      0.000     -0.001      0.000      0.000     -0.001      0.000      0.000     -0.001      0.000      0.000      0.000      0.000      0.000      0.000      0.000      0.000      0.000      0.001      0.000      0.000      0.000      0.000      0.000      0.000      0.000      0.000      0.000      0.000      0.000     -0.001      0.000      0.000
    -0.036      0.025      0.013      0.025      0.009     -0.030     -0.017      0.060     -0.026     -0.033     -0.024      0.031      0.017     -0.006     -0.027      0.005      0.000      0.000      0.000      0.000      0.000      0.000      0.000      0.000      0.000      0.001      0.000      0.000      0.000      0.000      0.000      0.000      0.000      0.000      0.000      0.000      0.000      0.000      0.001      0.000      0.000      0.000      0.000     -0.001      0.000      0.000      0.000      0.000      0.000      0.000      0.000      0.000      0.002     -0.001      0.000     -0.001      0.000      0.004
     0.013      0.059      0.003      0.032     -0.016     -0.067      0.023     -0.007      0.009     -0.009      0.020      0.026     -0.022      0.007     -0.049     -0.021      0.003      0.000     -0.001      0.000      0.000      0.000      0.000      0.000      0.000     -0.001      0.000      0.000      0.000      0.000      0.001      0.000     -0.001      0.000      0.000      0.000      0.000      0.000      0.000      0.000      0.000      0.000      0.000     -0.001      0.000      0.000      0.000      0.000      0.000      0.000      0.000      0.000      0.001      0.000      0.000      0.001      0.000      0.004
    -0.003     -0.004      0.007     -0.030     -0.038     -0.008      0.016     -0.017     -0.004      0.029     -0.040     -0.050      0.008      0.025      0.029      0.039     -0.017      0.003     -0.001      0.000      0.000      0.000      0.000      0.000      0.000     -0.001      0.000      0.001      0.000      0.000     -0.001      0.000      0.000      0.000      0.000      0.000      0.000      0.000      0.000      0.000      0.001      0.000      0.000      0.000      0.000      0.000      0.000      0.000      0.000      0.000      0.000      0.000      0.002      0.000      0.000     -0.001      0.000      0.001
    -0.040     -0.012     -0.048     -0.085     -0.013     -0.008     -0.042     -0.031     -0.014     -0.064     -0.035      0.012     -0.033     -0.051     -0.076      0.023     -0.047     -0.046      0.048     -0.003      0.000      0.005     -0.007      0.005      0.000      0.025      0.002     -0.019     -0.008     -0.001      0.001     -0.001      0.001      0.001      0.000      0.000     -0.001     -0.001      0.005      0.002     -0.001      0.001     -0.001     -0.002      0.001     -0.001     -0.001      0.000      0.000      0.000      0.000      0.000     -0.011      0.000      0.000     -0.001     -0.001      0.012
    -0.059     -0.030     -0.030     -0.005     -0.064     -0.059      0.003     -0.036     -0.023      0.033      0.024     -0.049      0.000      0.037      0.015     -0.007      0.040      0.071     -0.321      0.002      0.000     -0.001      0.000     -0.001      0.000     -0.007      0.000      0.004      0.001      0.000      0.001      0.000      0.000      0.000      0.000      0.000      0.000      0.000     -0.001      0.000      0.000      0.000      0.000      0.001      0.000      0.000      0.000      0.000      0.000      0.000      0.000      0.000      0.000      0.000      0.000      0.000      0.000     -0.003
     0.111      0.084      0.160      0.098      0.069      0.081      0.038      0.034      0.047      0.023     -0.002      0.006      0.059     -0.040      0.036     -0.030     -0.005     -0.028     -0.305     -0.481      0.000      0.000      0.000      0.000      0.000      0.000      0.000      0.000      0.000      0.000      0.000      0.000      0.000      0.000      0.000      0.000      0.000      0.000      0.000      0.000      0.000      0.000      0.000      0.000      0.000      0.000      0.000      0.000      0.000      0.000      0.000      0.000      0.000      0.000      0.000      0.000      0.000      0.000
     0.034      0.079      0.100      0.017      0.035      0.042      0.033      0.055      0.070     -0.001      0.034      0.091      0.009      0.020     -0.009      0.065      0.012      0.019      0.349     -0.160      0.055      0.005      0.001      0.000      0.001      0.004      0.000     -0.003     -0.003     -0.001      0.000      0.000      0.001      0.000      0.000      0.000      0.000      0.000      0.001      0.000      0.001      0.000      0.000     -0.001      0.000      0.000      0.000      0.000      0.000      0.000      0.000     -0.001     -0.004      0.000      0.000     -0.001      0.000      0.001
    -0.039     -0.022     -0.114      0.009     -0.068     -0.014     -0.030     -0.047     -0.012      0.003      0.020     -0.020     -0.045      0.036     -0.017     -0.048      0.016      0.009     -0.229      0.048     -0.110      0.149      0.018      0.000     -0.001     -0.009     -0.001      0.011      0.002     -0.001      0.001     -0.001      0.001      0.001      0.001      0.000      0.000      0.000     -0.001      0.000     -0.002     -0.001      0.000      0.000      0.001     -0.001      0.000      0.000      0.000      0.000      0.000      0.001      0.005      0.000      0.000      0.001      0.000      0.006
     0.013      0.027      0.065      0.080      0.084      0.020      0.055      0.067      0.031     -0.041     -0.030     -0.020      0.018     -0.032     -0.005     -0.006     -0.036      0.003      0.350     -0.156     -0.007      0.072      0.042      0.005      0.000      0.007     -0.001     -0.005     -0.001      0.000      0.000     -0.001      0.001      0.000      0.000      0.000      0.000      0.000      0.001      0.001      0.001      0.000      0.000      0.000      0.000     -0.001      0.000      0.000      0.000      0.000      0.000      0.000     -0.003      0.000      0.000     -0.001      0.000     -0.002
     0.076      0.058      0.187      0.065      0.101      0.037      0.041      0.108      0.036      0.067      0.067      0.071      0.047      0.022      0.012      0.065      0.030      0.012     -0.073     -0.087      0.203      0.413     -0.186     -0.120      0.001     -0.001      0.000     -0.001     -0.001      0.000      0.000      0.000      0.000      0.000      0.000      0.000      0.000      0.000      0.000      0.000      0.000      0.000      0.000      0.000      0.000      0.000      0.000      0.000      0.000      0.000      0.000      0.000     -0.001      0.000      0.000      0.000      0.000     -0.005
     0.016     -0.015      0.014     -0.018      0.060      0.038     -0.010      0.039      0.038     -0.036     -0.020      0.064     -0.025     -0.004     -0.062      0.057     -0.057     -0.068      0.320     -0.432      0.024      0.143     -0.182      0.266     -0.108      0.123     -0.002     -0.027     -0.004      0.000     -0.005      0.003      0.002     -0.002     -0.002      0.000      0.000      0.000      0.007      0.002      0.001      0.001      0.000     -0.003      0.002      0.001     -0.001      0.000      0.000      0.000      0.000      0.001     -0.012      0.000      0.000     -0.002      0.001      0.004
    -0.053     -0.012     -0.115     -0.096     -0.056      0.014     -0.047     -0.116     -0.055      0.072      0.040      0.013     -0.013      0.006      0.022      0.052     -0.012      0.004      0.165      0.101     -0.269     -0.051     -0.098     -0.344     -0.008     -0.081      0.003      0.003      0.000      0.000      0.000      0.001      0.000      0.000      0.000      0.000      0.000      0.000     -0.001      0.000     -0.001      0.000      0.000      0.001      0.000      0.000      0.000      0.000      0.000      0.000      0.000      0.000      0.001      0.000      0.000      0.000      0.000      0.002
    -0.011     -0.020     -0.113     -0.041     -0.094     -0.036     -0.072     -0.054     -0.048      0.005     -0.036     -0.032     -0.045      0.053     -0.046     -0.021     -0.011      0.040     -0.366      0.327     -0.289     -0.192      0.371     -0.320     -0.113     -0.335      0.192      0.054      0.004      0.002      0.002     -0.002      0.001      0.001      0.001      0.000      0.001      0.001     -0.006     -0.001     -0.001      0.000      0.000      0.000      0.000      0.000      0.000      0.001      0.000      0.000      0.000      0.001      0.015     -0.001      0.000      0.002      0.001     -0.018
    -0.083     -0.093     -0.147     -0.073     -0.091     -0.077     -0.054     -0.040     -0.060     -0.020     -0.023     -0.071     -0.057      0.021      0.017     -0.086      0.053      0.013     -0.537      0.362     -0.258     -0.563      0.218     -0.285     -0.511     -0.166     -0.102      0.272      0.004      0.000      0.001      0.000     -0.001      0.000      0.000      0.000      0.001      0.000     -0.001      0.000     -0.001      0.000      0.000      0.001      0.000      0.000      0.000      0.000      0.000      0.000      0.000      0.000      0.004      0.000      0.000      0.001      0.000      0.006
     0.134      0.003      0.009     -0.010      0.017     -0.034      0.090      0.010      0.062     -0.063      0.057     -0.013      0.000     -0.030      0.035      0.017      0.029      0.028     -0.024      0.019     -0.021     -0.044     -0.025      0.007      0.007      0.003      0.017      0.034     -0.007      0.037      0.000      0.002      0.000      0.001      0.001      0.001      0.000      0.000     -0.002     -0.001      0.000      0.000      0.000      0.000      0.000      0.000      0.001      0.000      0.000      0.000      0.000      0.001      0.015      0.000      0.000     -0.002      0.001     -0.011
     0.002     -0.053      0.018     -0.032     -0.037      0.016     -0.033     -0.048     -0.005     -0.006     -0.004      0.043     -0.051     -0.037     -0.068     -0.019      0.036     -0.045      0.011      0.084     -0.074     -0.013      0.031      0.016     -0.046     -0.047      0.004      0.027      0.041      0.008      0.075      0.007      0.000      0.001      0.000      0.000     -0.001      0.001      0.003     -0.001      0.002      0.001      0.000      0.002      0.000      0.000      0.000      0.000      0.001      0.000      0.000      0.006     -0.007     -0.004      0.000      0.004     -0.002      0.038
     0.003      0.002     -0.075      0.020     -0.006     -0.004     -0.031     -0.014     -0.012      0.081     -0.013      0.003     -0.024     -0.009      0.007      0.015     -0.032      0.030     -0.019      0.008      0.018     -0.012     -0.029     -0.060      0.004      0.037      0.041     -0.028     -0.009      0.029      0.096      0.072      0.003      0.001     -0.001      0.001      0.000      0.000      0.004      0.001      0.001      0.000      0.000      0.001      0.000     -0.001     -0.001      0.002      0.001     -0.001      0.000      0.002      0.023     -0.002      0.000     -0.003      0.000      0.046
    -0.021      0.021     -0.009      0.108     -0.037      0.004     -0.029     -0.045      0.008     -0.012     -0.031     -0.006     -0.005      0.049      0.006     -0.035     -0.057      0.015      0.026      0.011     -0.004      0.047      0.053      0.083     -0.041      0.023     -0.040      0.022     -0.045     -0.009      0.007      0.049      0.042      0.000      0.001     -0.001      0.000      0.000      0.002      0.000      0.001      0.000      0.000      0.004      0.001      0.000      0.000      0.000      0.000      0.000      0.000      0.000      0.013      0.000      0.000     -0.001      0.001      0.032
    -0.062      0.012      0.020      0.058      0.045     -0.045      0.023     -0.023      0.015     -0.001     -0.034     -0.070     -0.031      0.020     -0.070      0.037     -0.030     -0.021      0.041      0.031     -0.071     -0.038      0.025      0.040     -0.066     -0.040      0.042      0.014      0.025      0.036      0.014      0.020     -0.011      0.024      0.000     -0.001      0.000      0.000      0.002      0.000     -0.001      0.000      0.001      0.001      0.002      0.000      0.000     -0.001      0.000      0.000      0.000      0.000      0.009      0.000      0.000      0.001      0.000      0.014
    -0.043     -0.020     -0.011     -0.023     -0.026     -0.001     -0.043     -0.029      0.017     -0.006      0.030      0.039     -0.001     -0.063     -0.011     -0.034      0.015     -0.053      0.009      0.040     -0.036     -0.038      0.050      0.014     -0.092     -0.060      0.057      0.056      0.003      0.034      0.009     -0.026      0.022      0.023      0.013      0.000      0.000      0.000     -0.001      0.000     -0.001      0.000      0.000      0.000      0.001      0.000      0.000      0.000      0.000      0.000      0.000      0.001      0.002      0.001      0.000      0.002      0.000      0.002
     0.016     -0.040      0.005     -0.016      0.037      0.012      0.025      0.015      0.003      0.009      0.032     -0.035     -0.028     -0.027     -0.023     -0.034      0.047      0.002      0.011      0.077     -0.032      0.040      0.007      0.003      0.019     -0.001      0.038     -0.010     -0.015      0.054      0.010      0.026     -0.024     -0.065      0.012      0.011     -0.001      0.000     -0.001     -0.001      0.001      0.000      0.000      0.000      0.000     -0.001      0.000      0.000      0.000      0.000      0.000      0.000     -0.001      0.000      0.000      0.001      0.000     -0.005
    -0.020     -0.032     -0.066     -0.033     -0.027     -0.005     -0.027     -0.063     -0.037      0.013      0.026     -0.018     -0.076      0.018      0.020     -0.040      0.053     -0.051     -0.052      0.020     -0.013     -0.034      0.010     -0.019     -0.060      0.007      0.006      0.021      0.096     -0.020     -0.019     -0.012     -0.020      0.025      0.002     -0.053      0.011      0.000     -0.001      0.000      0.000      0.000      0.000      0.000      0.000      0.000      0.000     -0.001      0.000      0.000      0.000     -0.001      0.001      0.001      0.000      0.000      0.000      0.012
    -0.008      0.011     -0.034      0.045     -0.028      0.010      0.026      0.018     -0.060     -0.050      0.069      0.002     -0.020     -0.021     -0.019     -0.041      0.072     -0.050     -0.030      0.017     -0.003      0.015     -0.029     -0.060     -0.005     -0.008      0.014      0.028      0.011     -0.014      0.029      0.003      0.000      0.040      0.021      0.021     -0.015      0.007      0.000      0.000      0.000      0.000      0.000     -0.001      0.000      0.000      0.000      0.000      0.000      0.000      0.000      0.000      0.000      0.000      0.000      0.001      0.000      0.007
    -0.029      0.017      0.036     -0.001      0.013      0.009      0.014      0.017     -0.010      0.023     -0.016      0.058      0.025      0.020     -0.031      0.032     -0.013      0.027      0.079     -0.075      0.004      0.028     -0.032      0.062      0.024      0.066     -0.032     -0.080     -0.049     -0.035      0.039      0.049      0.027      0.043     -0.040     -0.027     -0.041     -0.005      0.095      0.001      0.002     -0.001      0.000      0.001     -0.002     -0.001     -0.001      0.001      0.000      0.000      0.000      0.000      0.013      0.000      0.000      0.003     -0.001     -0.015
    -0.043      0.032      0.051      0.023      0.069     -0.018     -0.053      0.005      0.046      0.017     -0.063      0.064     -0.013     -0.043      0.033      0.001      0.070      0.009      0.083     -0.038     -0.019      0.049     -0.005      0.076      0.018      0.049     -0.001     -0.055     -0.068     -0.032     -0.026      0.024     -0.020     -0.019     -0.034     -0.042     -0.007      0.022      0.023      0.013     -0.001      0.000      0.000      0.001      0.000      0.001      0.000      0.000      0.000      0.000      0.000     -0.001      0.001      0.000      0.000      0.000      0.000     -0.016
    -0.048      0.008     -0.007      0.023     -0.047      0.049     -0.007      0.033      0.043      0.042     -0.018     -0.098      0.034      0.001      0.010     -0.007      0.000      0.063     -0.020      0.021      0.037      0.042     -0.081      0.043      0.051      0.013     -0.055     -0.021     -0.045     -0.009      0.025      0.015      0.031     -0.025     -0.021      0.046      0.010      0.017      0.025     -0.021      0.053      0.000      0.001     -0.002      0.000     -0.001      0.001      0.000      0.001      0.000      0.000      0.000      0.003     -0.003      0.000     -0.001     -0.001     -0.041
    -0.055      0.000     -0.001      0.007     -0.067     -0.008      0.009     -0.025     -0.036     -0.007     -0.014     -0.025      0.052     -0.063     -0.044     -0.051     -0.007     -0.010      0.049      0.009     -0.011     -0.050     -0.052      0.007     -0.014      0.023      0.036     -0.006     -0.005     -0.007      0.056     -0.011      0.027     -0.003     -0.040     -0.003     -0.010     -0.007     -0.034     -0.014     -0.001      0.006      0.000      0.000      0.000      0.000      0.000      0.000      0.000      0.000      0.000     -0.001      0.002      0.001      0.000      0.000      0.000      0.001
     0.038      0.017     -0.004      0.031     -0.034     -0.018     -0.029     -0.062      0.037      0.033      0.000     -0.015      0.026     -0.004      0.003      0.027      0.040      0.005     -0.073      0.063      0.005     -0.057     -0.004      0.035     -0.054      0.003     -0.037      0.000      0.074      0.004      0.002      0.019     -0.025      0.044      0.021     -0.012      0.061     -0.008      0.013      0.029      0.073     -0.041      0.006     -0.001      0.000      0.000      0.000      0.000      0.000      0.000      0.000     -0.001      0.002      0.001      0.000      0.000      0.000     -0.001
    -0.002      0.001     -0.030     -0.023      0.009     -0.013     -0.081     -0.043     -0.053     -0.034     -0.047      0.009     -0.014      0.026      0.096     -0.039     -0.053     -0.033     -0.050      0.056      0.004     -0.075      0.011     -0.019     -0.048     -0.041      0.045      0.001      0.065      0.011      0.037      0.016      0.083      0.023      0.001      0.002      0.010     -0.038      0.014      0.027     -0.049      0.024     -0.059      0.045      0.000      0.001      0.000     -0.001      0.000      0.000      0.000      0.002      0.006     -0.003      0.000      0.001      0.000      0.003
    -0.018      0.003     -0.055      0.001      0.014      0.027     -0.037      0.002      0.017      0.059     -0.029     -0.017     -0.050     -0.002     -0.043      0.034      0.013     -0.029      0.036     -0.065      0.003      0.019      0.038      0.036     -0.012      0.044     -0.013      0.004     -0.011      0.016     -0.005     -0.004      0.043      0.103      0.062     -0.008     -0.038      0.028     -0.057     -0.013      0.016      0.002     -0.024      0.016      0.011      0.000      0.000     -0.001      0.000      0.000      0.000      0.000     -0.002      0.001      0.000      0.000      0.000      0.003
    -0.006     -0.028      0.020     -0.008     -0.014      0.014     -0.027     -0.022      0.023     -0.019     -0.033      0.026     -0.004      0.020      0.078     -0.004      0.004     -0.029     -0.028     -0.017     -0.009     -0.056     -0.065     -0.084     -0.005      0.036      0.026      0.001      0.054     -0.008      0.014     -0.044     -0.002      0.005      0.009     -0.055      0.021      0.039     -0.029      0.050     -0.035     -0.003     -0.027      0.045     -0.016      0.009      0.000      0.000      0.000      0.000      0.000      0.000     -0.001      0.001      0.000      0.001      0.000     -0.001
     0.029      0.010      0.073     -0.013      0.024      0.018      0.061      0.039     -0.023      0.018     -0.008      0.034     -0.017     -0.021      0.016      0.058      0.010      0.046     -0.041      0.003      0.013      0.005      0.020     -0.045     -0.019     -0.040     -0.023      0.021      0.026      0.052      0.006     -0.038      0.013     -0.015      0.001      0.017     -0.012     -0.056     -0.031      0.033      0.036     -0.011     -0.056      0.022      0.022      0.026      0.009      0.000      0.000      0.000      0.000      0.000      0.001      0.000      0.000      0.000      0.000      0.006
    -0.080      0.001     -0.013     -0.006      0.028     -0.032     -0.046      0.085      0.048      0.014     -0.013      0.005     -0.014      0.074      0.012     -0.006      0.000      0.030      0.007      0.021     -0.062     -0.004      0.049      0.006      0.019      0.007     -0.004      0.042      0.013      0.028      0.014      0.108      0.005     -0.044     -0.047     -0.032     -0.084      0.006      0.051     -0.016     -0.029     -0.074     -0.013     -0.051     -0.083     -0.020     -0.067      0.006      0.000     -0.001      0.000      0.002      0.010     -0.002      0.000      0.000      0.001     -0.018
    -0.019     -0.008     -0.048     -0.006     -0.016      0.002      0.048     -0.058     -0.002     -0.018      0.007     -0.096     -0.010     -0.001     -0.038      0.018     -0.063      0.001      0.012      0.015     -0.051     -0.037      0.030      0.018     -0.067     -0.032      0.048      0.047      0.017      0.094      0.140      0.133      0.042      0.038      0.102      0.001      0.007      0.023      0.061      0.052      0.118      0.000      0.012      0.050      0.032      0.024      0.046     -0.147      0.001      0.000      0.000      0.001      0.006      0.000      0.000      0.000      0.000     -0.021
     0.060      0.062      0.022     -0.017     -0.025      0.045     -0.002     -0.039     -0.004      0.017     -0.022      0.001      0.006     -0.049     -0.006      0.019     -0.005      0.000      0.020     -0.010      0.060      0.046     -0.045     -0.002     -0.001     -0.001     -0.049     -0.067     -0.037     -0.033     -0.033     -0.088     -0.045      0.021     -0.044      0.010     -0.024     -0.013      0.001      0.033      0.022      0.051     -0.011      0.000      0.007     -0.017      0.014     -0.547     -0.157      0.001      0.000      0.000     -0.002      0.000      0.000      0.000     -0.001      0.006
    -0.041     -0.058     -0.006      0.011      0.014     -0.068      0.008      0.033      0.006     -0.020      0.028      0.009      0.014      0.032      0.003      0.006      0.034      0.006     -0.046      0.027     -0.045     -0.043      0.044     -0.025      0.003     -0.015      0.064      0.068      0.044      0.046      0.009      0.064      0.030     -0.035      0.036     -0.008      0.022      0.007     -0.043     -0.053     -0.023     -0.038      0.018      0.009     -0.019      0.013      0.008      0.369      0.127     -0.904      0.000      0.000      0.001      0.000      0.000      0.000      0.000     -0.001
    -0.078     -0.010     -0.044     -0.039      0.052     -0.018      0.006     -0.018      0.030     -0.015     -0.005      0.008     -0.019      0.042     -0.045      0.039      0.038      0.027     -0.005      0.011     -0.062     -0.058      0.041     -0.004     -0.043      0.019     -0.005      0.037      0.059      0.029      0.158      0.055      0.011      0.015      0.059     -0.008     -0.106     -0.007      0.004     -0.049     -0.002     -0.070     -0.079      0.065     -0.020      0.029      0.026      0.201      0.176     -0.153      0.106      0.018      0.007     -0.009      0.000      0.004      0.001      0.026
    -0.086      0.016      0.013      0.014     -0.026     -0.041      0.059     -0.049     -0.023     -0.044     -0.036     -0.049     -0.007      0.039     -0.003      0.041      0.013      0.044     -0.057      0.008     -0.014     -0.070      0.044     -0.052     -0.038     -0.038      0.024      0.075      0.076      0.088     -0.030      0.099      0.073      0.065      0.023     -0.009      0.006     -0.004      0.048      0.014      0.013      0.028      0.035      0.031     -0.020     -0.015      0.015      0.157      0.258     -0.116      0.080      0.056      0.773      0.000      0.000     -0.001      0.000     -0.288
     0.053     -0.008      0.044      0.068     -0.042      0.010      0.025      0.010     -0.001     -0.060     -0.005     -0.020     -0.020     -0.019     -0.057     -0.064      0.037     -0.033     -0.005     -0.019      0.029      0.005     -0.015      0.015     -0.006      0.002     -0.045     -0.027      0.016     -0.013     -0.099     -0.047      0.003      0.014      0.046      0.018      0.079     -0.011     -0.007     -0.025     -0.086      0.060      0.047     -0.078      0.063      0.057      0.019     -0.151     -0.033     -0.083      0.014     -0.414     -0.001      0.027      0.000      0.001     -0.002     -0.043
    -0.053     -0.017     -0.034      0.000      0.027     -0.002     -0.044     -0.004      0.002      0.085     -0.003     -0.002     -0.017      0.037      0.032     -0.029     -0.041     -0.014     -0.022      0.018     -0.029     -0.012      0.064      0.010     -0.006     -0.055      0.048      0.108      0.008     -0.016      0.026      0.046      0.076     -0.009     -0.021     -0.087     -0.007      0.062     -0.009      0.021      0.017     -0.085     -0.013      0.036     -0.027     -0.049     -0.083      0.403      0.077     -0.372      0.227     -0.056      0.067     -0.316      0.000      0.000      0.000      0.000
    -0.009      0.021     -0.008     -0.032      0.027      0.004     -0.008     -0.057     -0.024      0.071     -0.007      0.044     -0.022      0.029     -0.084     -0.040      0.058     -0.059     -0.036      0.042     -0.048     -0.084      0.049     -0.048     -0.074     -0.026      0.037      0.037      0.092     -0.067      0.076     -0.064     -0.034      0.045      0.072      0.035     -0.008      0.056      0.047     -0.010     -0.014     -0.008     -0.001      0.028      0.018      0.033     -0.024     -0.029     -0.059     -0.003      0.020      0.154     -0.008      0.018      0.063      0.035     -0.001      0.017
     0.046     -0.011     -0.029      0.033      0.029     -0.022     -0.014      0.054     -0.008     -0.064      0.002      0.044      0.028      0.021      0.051     -0.019      0.030      0.014     -0.040     -0.049      0.004     -0.054      0.014     -0.011      0.018      0.042      0.003      0.032      0.023      0.040     -0.067      0.012      0.041     -0.021      0.003      0.046      0.040      0.045     -0.020     -0.011     -0.035      0.015      0.012      0.005     -0.009      0.037     -0.033      0.145     -0.160     -0.274      0.218      0.117      0.006     -0.139      0.008     -0.035      0.008     -0.028
    -0.007      0.000     -0.024     -0.011      0.056     -0.027     -0.011     -0.027     -0.003      0.025      0.033      0.093     -0.012     -0.045     -0.001      0.023      0.025      0.008      0.019     -0.022     -0.011      0.006      0.016     -0.010     -0.057      0.004      0.011     -0.027      0.031     -0.021      0.048      0.061      0.055      0.032      0.006     -0.016      0.039      0.028     -0.017     -0.048     -0.062      0.005     -0.003      0.005      0.011     -0.004      0.021     -0.082     -0.295      0.086     -0.049      0.070     -0.116     -0.092      0.010      0.032     -0.112      8.027

Derivative matrix of expected statistics X by parameters and
covariance/correlation matrix of X can be found using
summary(ans) within R, or by using the 'verbose' option in Siena07.
 
Total computation time 1314 seconds.
