

-----------------------------------
New Analysis started.
Date and time: 21/09/2026 16:39:37
New results follow.
-----------------------------------

RSiena version 1.3.10 (28 Apr 22)


@1
Estimation by stochastic approximation algorithm.
=================================================

Current random number seed is 52020061.
Effects object used: bound$effects 
Model Type:
 Initiative model
Behavioral Model Type:
 Standard behavior actor-oriented model ('restrict')
Estimation method: unconditional moment estimation
.

Time duration for simulations in each period is 1.0.
Changing composition.
Joiners/leavers option: 1
Standard errors are estimated with the likelihood ratio method.
Dolby method (regression on scores) is used.
Initial value of gain parameter is  0.2000000.
Reduction factor for gain parameter is  0.5000000.
Number of subphases in Phase 2 is 0.

Initial parameter values are 
  1. rate:  constant dv.net rate (period 1)                 0.0452
  2. rate:  constant dv.net rate (period 2)                 0.1485
  3. rate:  constant dv.net rate (period 3)                 0.4543
  4. rate:  constant dv.net rate (period 4)                 0.3588
  5. rate:  constant dv.net rate (period 5)                 0.3332
  6. rate:  constant dv.net rate (period 6)                 0.3309
  7. rate:  constant dv.net rate (period 7)                 0.4084
  8. rate:  constant dv.net rate (period 8)                 0.3125
  9. rate:  constant dv.net rate (period 9)                 0.3274
 10. rate:  constant dv.net rate (period 10)                0.2751
 11. rate:  constant dv.net rate (period 11)                0.3109
 12. rate:  constant dv.net rate (period 12)                0.4360
 13. rate:  constant dv.net rate (period 13)                0.3585
 14. rate:  constant dv.net rate (period 14)                0.3245
 15. rate:  constant dv.net rate (period 15)                0.2876
 16. eval:  degree (density)                               -6.0833
 17. eval:  transitive triads                               0.2379
 18. eval:  degree act+pop                                  0.0687
 19. eval:  nets.lndistance_d                              -1.0100
 20. eval:  nets.ATOP_d                                     1.1686
 21. eval:  nets.absidealdiff_d                            -0.6621
 22. eval:  nets.lntrade_d                                  0.0572
 23. eval:  nets.NATO_d                                    -3.5440
 24. eval:  milex.beh alter                                -0.0643
 25. eval:  beh.democracy_1 alter                           1.6310
 26. eval:  beh.lncinc_1 alter                              0.8335
 27. rate:  rate milex.beh (period 1)                       0.9320
 28. rate:  rate milex.beh (period 2)                       1.3108
 29. rate:  rate milex.beh (period 3)                       1.3602
 30. rate:  rate milex.beh (period 4)                       1.1972
 31. rate:  rate milex.beh (period 5)                       0.7036
 32. rate:  rate milex.beh (period 6)                       0.5737
 33. rate:  rate milex.beh (period 7)                       0.4796
 34. rate:  rate milex.beh (period 8)                       0.5321
 35. rate:  rate milex.beh (period 9)                       0.3820
 36. rate:  rate milex.beh (period 10)                      1.7891
 37. rate:  rate milex.beh (period 11)                      0.5962
 38. rate:  rate milex.beh (period 12)                      1.3782
 39. rate:  rate milex.beh (period 13)                      0.3292
 40. rate:  rate milex.beh (period 14)                      0.3028
 41. rate:  rate milex.beh (period 15)                      1.1102
 42. eval:  milex.beh linear shape                         -1.1818
 43. eval:  milex.beh quadratic shape                      -0.0286
 44. eval:  milex.beh degree                                0.0931
 45. eval:  milex.beh dense triads                         -0.0279
 46. eval:  milex.beh: effect from beh.democracy_1         -0.4989
 47. eval:  milex.beh: effect from beh.GDPgrowth_1         -2.6756
 48. eval:  milex.beh: effect from beh.nato_1               0.9234
 49. eval:  milex.beh: effect from beh.allies_1            -0.0117
 50. eval:  milex.beh: effect from beh.military_1           0.2665
 51. eval:  milex.beh: effect from beh.lnmids_1             0.1875
 52. eval:  milex.beh: effect from beh.milexSpLag_1         7.5302


Observed values of target statistics are
  1. Amount of network change in period 1                                10.0000
  2. Amount of network change in period 2                                34.0000
  3. Amount of network change in period 3                                86.0000
  4. Amount of network change in period 4                                94.0000
  5. Amount of network change in period 5                                76.0000
  6. Amount of network change in period 6                                76.0000
  7. Amount of network change in period 7                                94.0000
  8. Amount of network change in period 8                                78.0000
  9. Amount of network change in period 9                                84.0000
 10. Amount of network change in period 10                               72.0000
 11. Amount of network change in period 11                               84.0000
 12. Amount of network change in period 12                              114.0000
 13. Amount of network change in period 13                               94.0000
 14. Amount of network change in period 14                               88.0000
 15. Amount of network change in period 15                               80.0000
 16. Number of edges                                                   3807.0000
 17. Number of transitive triads                                       5072.0000
 18. Sum of squared degrees                                            226964.0000
 19. Sum of ties x nets.lndistance_d                                   -8010.2838
 20. Sum of ties x nets.ATOP_d                                         4481.4695
 21. Sum of ties x nets.absidealdiff_d                                 -2131.1065
 22. Sum of ties x nets.lntrade_d                                      27161.2288
 23. Sum of ties x nets.NATO_d                                          722.5164
 24. Sum of degrees x milex.beh                                         140.6170
 25. Sum of degrees x beh.democracy_1                                  2231.9215
 26. Sum of degrees x beh.lncinc_1                                     9867.9263
 27. Amount of behavioral change in period 1 on milex.beh                41.0000
 28. Amount of behavioral change in period 2 on milex.beh                50.0000
 29. Amount of behavioral change in period 3 on milex.beh                57.0000
 30. Amount of behavioral change in period 4 on milex.beh                52.0000
 31. Amount of behavioral change in period 5 on milex.beh                37.0000
 32. Amount of behavioral change in period 6 on milex.beh                32.0000
 33. Amount of behavioral change in period 7 on milex.beh                28.0000
 34. Amount of behavioral change in period 8 on milex.beh                31.0000
 35. Amount of behavioral change in period 9 on milex.beh                24.0000
 36. Amount of behavioral change in period 10 on milex.beh               71.0000
 37. Amount of behavioral change in period 11 on milex.beh               34.0000
 38. Amount of behavioral change in period 12 on milex.beh               55.0000
 39. Amount of behavioral change in period 13 on milex.beh               18.0000
 40. Amount of behavioral change in period 14 on milex.beh               17.0000
 41. Amount of behavioral change in period 15 on milex.beh               48.0000
 42. milex.beh centered sum                                             -61.3312
 43. milex.beh sum of cent. squares                                    5434.8003
 44. milex.beh outdegrees                                              -248.5092
 45. milex.beh dense triads                                            -2289.8418
 46. milex.beh x beh.democracy_1                                       -368.4695
 47. milex.beh x beh.GDPgrowth_1                                          1.9322
 48. milex.beh x beh.nato_1                                              32.8368
 49. milex.beh x beh.allies_1                                          -2822.0961
 50. milex.beh x beh.military_1                                         116.6277
 51. milex.beh x beh.lnmids_1                                           538.3189
 52. milex.beh x beh.milexSpLag_1                                        22.7209

 52 parameters, 52 statistics

Number of subphases is specified as 0.
Therefore the estimation phase is skipped
 and the program passes on immediately to phase 3
 for checking the current parameter values and calculating standard errors.
Estimation of derivatives by the LR method (type 1).


@2
End of stochastic approximation algorithm, phase 3.
---------------------------------------------------

Total of 3000 iterations.
Parameter estimates based on 0 iterations,
convergence diagnostics, covariance and derivative matrices based on 3000 iterations.

Information for convergence diagnosis.
Averages, standard deviations, and t-ratios for deviations from targets:
  1.  -0.9560    4.2378  -0.2256 
  2.   0.3267    8.2993   0.0394 
  3.   0.7233   12.3457   0.0586 
  4.  -0.2373   14.3682  -0.0165 
  5.   0.3960   11.8470   0.0334 
  6.   1.5480   11.8279   0.1309 
  7.   2.0247   13.2062   0.1533 
  8.   0.6907   12.3175   0.0561 
  9.   0.6127   12.6985   0.0482 
 10.  -0.1647   11.5197  -0.0143 
 11.  -2.5800   12.1701  -0.2120 
 12.  -0.9300   14.4411  -0.0644 
 13.   2.0747   13.7265   0.1511 
 14.   0.7533   13.0171   0.0579 
 15.   0.0913   12.7741   0.0071 
 16.   0.5020   24.3437   0.0206 
 17.  -1.2907   79.2067  -0.0163 
 18.  30.7787 2370.6673   0.0130 
 19.   2.9443   63.5884   0.0463 
 20.  -0.3247   30.8935  -0.0105 
 21.   1.8636   41.7990   0.0446 
 22.   2.1452  179.5300   0.0119 
 23.   0.1140    8.6641   0.0132 
 24.  -0.3843   51.3323  -0.0075 
 25.  -0.3670   17.7872  -0.0206 
 26.   0.4166   78.6068   0.0053 
 27.  -0.3537    5.5348  -0.0639 
 28.  -0.0700    6.0176  -0.0116 
 29.   0.4400    6.4745   0.0680 
 30.   0.1987    6.5211   0.0305 
 31.   0.1077    5.4212   0.0199 
 32.   0.0423    5.3010   0.0080 
 33.  -0.1573    4.8243  -0.0326 
 34.   0.0633    5.1478   0.0123 
 35.  -0.0303    4.6349  -0.0065 
 36.  -0.0590    7.1610  -0.0082 
 37.   0.0200    5.3000   0.0038 
 38.   0.0630    6.2118   0.0101 
 39.  -0.0373    4.0073  -0.0093 
 40.  -0.0320    3.8587  -0.0083 
 41.  -0.1717    5.9158  -0.0290 
 42.   0.4597   23.4748   0.0196 
 43.   1.3037   92.6320   0.0141 
 44.  -1.4263  156.9638  -0.0091 
 45.  11.2213  415.1964   0.0270 
 46.  -0.3384   11.7855  -0.0287 
 47.   0.0095    2.1715   0.0044 
 48.  -0.0339    8.7281  -0.0039 
 49. -21.2481  455.0220  -0.0467 
 50.   0.2974    6.6215   0.0449 
 51.  -0.4207   15.1932  -0.0277 
 52.  -0.0058    0.4929  -0.0118 

Good convergence is indicated by the t-ratios being close to zero.

Overall maximum convergence ratio =  0.4985 .



@2
Estimation Results.
-------------------

Regular end of estimation algorithm.
Total of 3000 iteration steps.


@3
Estimates and standard errors
                             
Network Dynamics
 1. rate:  constant dv.net rate (period 1)                         0.0452  (   0.0213)
 2. rate:  constant dv.net rate (period 2)                         0.1485  (   0.0366)
 3. rate:  constant dv.net rate (period 3)                         0.4543  (   0.0897)
 4. rate:  constant dv.net rate (period 4)                         0.3588  (   0.0523)
 5. rate:  constant dv.net rate (period 5)                         0.3332  (   0.0604)
 6. rate:  constant dv.net rate (period 6)                         0.3309  (   0.0606)
 7. rate:  constant dv.net rate (period 7)                         0.4084  (   0.0684)
 8. rate:  constant dv.net rate (period 8)                         0.3125  (   0.0544)
 9. rate:  constant dv.net rate (period 9)                         0.3274  (   0.0534)
10. rate:  constant dv.net rate (period 10)                        0.2751  (   0.0492)
11. rate:  constant dv.net rate (period 11)                        0.3109  (   0.0543)
12. rate:  constant dv.net rate (period 12)                        0.4360  (   0.0628)
13. rate:  constant dv.net rate (period 13)                        0.3585  (   0.0547)
14. rate:  constant dv.net rate (period 14)                        0.3245  (   0.0512)
15. rate:  constant dv.net rate (period 15)                        0.2876  (   0.0455)
16. eval:  degree (density)                                       -6.0833  (   0.2852)
17. eval:  transitive triads                                       0.2379  (   0.0788)
18. eval:  degree act+pop                                          0.0687  (   0.0067)
19. eval:  nets.lndistance_d                                      -1.0100  (   0.0882)
20. eval:  nets.ATOP_d                                             1.1686  (   0.1668)
21. eval:  nets.absidealdiff_d                                    -0.6621  (   0.0842)
22. eval:  nets.lntrade_d                                          0.0572  (   0.0357)
23. eval:  nets.NATO_d                                            -3.5440  (   0.4526)
24. eval:  milex.beh alter                                        -0.0643  (   0.0630)
25. eval:  beh.democracy_1 alter                                   1.6310  (   0.3283)
26. eval:  beh.lncinc_1 alter                                      0.8335  (   0.0820)
Behavior Dynamics

27. rate:  rate milex.beh (period 1)                               0.9320  (   0.1752)
28. rate:  rate milex.beh (period 2)                               1.3108  (   0.2563)
29. rate:  rate milex.beh (period 3)                               1.3602  (   0.2409)
30. rate:  rate milex.beh (period 4)                               1.1972  (   0.2237)
31. rate:  rate milex.beh (period 5)                               0.7036  (   0.1367)
32. rate:  rate milex.beh (period 6)                               0.5737  (   0.1163)
33. rate:  rate milex.beh (period 7)                               0.4796  (   0.1051)
34. rate:  rate milex.beh (period 8)                               0.5321  (   0.1054)
35. rate:  rate milex.beh (period 9)                               0.3820  (   0.0868)
36. rate:  rate milex.beh (period 10)                              1.7891  (   0.3287)
37. rate:  rate milex.beh (period 11)                              0.5962  (   0.1197)
38. rate:  rate milex.beh (period 12)                              1.3782  (   0.2598)
39. rate:  rate milex.beh (period 13)                              0.3292  (   0.0844)
40. rate:  rate milex.beh (period 14)                              0.3028  (   0.0794)
41. rate:  rate milex.beh (period 15)                              1.1102  (   0.2246)
42. eval:  milex.beh linear shape                                 -1.1818  (   0.0821)
43. eval:  milex.beh quadratic shape                              -0.0286  (   0.0246)
44. eval:  milex.beh degree                                        0.0931  (   0.0288)
45. eval:  milex.beh dense triads                                 -0.0279  (   0.0104)
46. eval:  milex.beh: effect from beh.democracy_1                 -0.4989  (   0.1475)
47. eval:  milex.beh: effect from beh.GDPgrowth_1                 -2.6756  (   0.9384)
48. eval:  milex.beh: effect from beh.nato_1                       0.9234  (   0.1834)
49. eval:  milex.beh: effect from beh.allies_1                    -0.0117  (   0.0038)
50. eval:  milex.beh: effect from beh.military_1                   0.2665  (   0.1952)
51. eval:  milex.beh: effect from beh.lnmids_1                     0.1875  (   0.0968)
52. eval:  milex.beh: effect from beh.milexSpLag_1                 7.5302  (   2.9225)


@3
Covariance matrices
                   
Covariance matrix of estimates (correlations below diagonal):
     0.000      0.000      0.000      0.000      0.000      0.000      0.000      0.000      0.000      0.000      0.000      0.000      0.000      0.000      0.000      0.000      0.000      0.000      0.000      0.000      0.000      0.000      0.000      0.000      0.000      0.000      0.000      0.000      0.000      0.000      0.000      0.000      0.000      0.000      0.000      0.000      0.000      0.000      0.000      0.000      0.000      0.000      0.000      0.000      0.000      0.000      0.000      0.000      0.000      0.000      0.000      0.002
    -0.002      0.001      0.000      0.000      0.000      0.000      0.000      0.000      0.000      0.000      0.000      0.000      0.000      0.000      0.000     -0.001      0.000      0.000      0.000      0.000      0.000      0.000      0.000      0.000      0.000      0.000      0.000      0.000      0.000      0.000      0.000      0.000      0.000      0.000      0.000      0.000      0.000      0.000      0.000      0.000      0.000      0.000      0.000      0.000      0.000      0.000      0.000      0.000      0.000      0.000      0.000     -0.001
     0.045      0.048      0.008      0.000      0.001      0.000      0.000      0.000      0.000      0.000      0.000      0.000      0.000      0.000      0.000     -0.002      0.000      0.000      0.001     -0.001      0.000      0.000      0.002      0.000     -0.003     -0.001      0.000      0.000      0.001      0.000      0.000      0.000      0.000      0.000      0.000      0.000      0.000      0.000      0.000      0.000      0.000      0.000      0.000      0.000      0.000      0.000      0.000      0.000      0.000      0.000      0.000     -0.003
    -0.012      0.076      0.066      0.003      0.000      0.000      0.000      0.000      0.000      0.000      0.000      0.000      0.000      0.000      0.000     -0.001      0.000      0.000      0.000      0.000      0.000      0.000      0.001      0.000     -0.001      0.000      0.000      0.000      0.000      0.000      0.000      0.000      0.000      0.000      0.000      0.000      0.000      0.000      0.000      0.000      0.000      0.000      0.000      0.000      0.000      0.000     -0.002      0.000      0.000      0.000      0.000     -0.004
     0.013      0.051      0.094      0.033      0.004      0.000      0.000      0.000      0.000      0.000      0.000      0.000      0.000      0.000      0.000      0.000      0.000      0.000      0.000      0.000      0.000      0.000      0.000      0.000     -0.002      0.000     -0.001      0.000      0.000      0.000     -0.001      0.000      0.000      0.000      0.000      0.000      0.000      0.000      0.000      0.000      0.000      0.000      0.000      0.000      0.000      0.000      0.001      0.000      0.000      0.000      0.000     -0.001
     0.009      0.033      0.050      0.014     -0.005      0.004      0.000      0.000      0.000      0.000      0.000      0.000      0.000      0.000      0.000      0.000      0.000      0.000      0.000      0.000      0.000      0.000      0.000      0.000     -0.002      0.000      0.000      0.000      0.000      0.000      0.000      0.000      0.000      0.000      0.000      0.000      0.000      0.000      0.000      0.000      0.000      0.000      0.000      0.000      0.000      0.000      0.001      0.000      0.000      0.000      0.000      0.001
     0.056      0.054      0.041      0.060      0.064      0.017      0.005      0.000      0.000      0.000      0.000      0.000      0.000      0.000      0.000     -0.001      0.000      0.000      0.000     -0.001      0.000      0.000      0.000      0.000     -0.002      0.000      0.000      0.000      0.000      0.000      0.000      0.000      0.000      0.000      0.000      0.000      0.000      0.000      0.000      0.000      0.000      0.000      0.000      0.000      0.000      0.000      0.000      0.000      0.000      0.000      0.000     -0.005
    -0.005      0.011      0.002      0.044      0.026      0.015      0.024      0.003      0.000      0.000      0.000      0.000      0.000      0.000      0.000      0.000      0.000      0.000      0.000      0.000      0.000      0.000      0.000      0.000     -0.001      0.000      0.000      0.000      0.000      0.000      0.000      0.000      0.000      0.000      0.000      0.000      0.000      0.000      0.000      0.000      0.000      0.000      0.000      0.000      0.000      0.000      0.000      0.000      0.000      0.000      0.000      0.001
     0.029      0.024      0.018      0.004     -0.003      0.009      0.036      0.027      0.003      0.000      0.000      0.000      0.000      0.000      0.000      0.000      0.000      0.000      0.000      0.000      0.000      0.000      0.001      0.000     -0.001      0.000      0.000      0.000      0.000      0.000      0.000      0.000      0.000      0.000      0.000      0.000      0.000      0.000      0.000      0.000      0.000      0.000      0.000      0.000      0.000      0.000      0.001      0.000      0.000      0.000      0.000      0.001
     0.003      0.027      0.018      0.015      0.034      0.047      0.009      0.023      0.011      0.002      0.000      0.000      0.000      0.000      0.000      0.000      0.000      0.000      0.000      0.000      0.000      0.000      0.000      0.000     -0.001      0.000      0.000      0.000      0.000      0.000      0.000      0.000      0.000      0.000      0.000      0.000      0.000      0.000      0.000      0.000      0.000      0.000      0.000      0.000      0.000      0.000     -0.001      0.000      0.000      0.000      0.000      0.002
    -0.011      0.034      0.008      0.006      0.009      0.014      0.045      0.014      0.026      0.040      0.003      0.000      0.000      0.000      0.000      0.000      0.000      0.000      0.000      0.000      0.000      0.000      0.000      0.000      0.000      0.000      0.000      0.000      0.000      0.000      0.000      0.000      0.000      0.000      0.000      0.000      0.000      0.000      0.000      0.000      0.000      0.000      0.000      0.000      0.000      0.000      0.000      0.000      0.000      0.000      0.000      0.003
    -0.006     -0.007      0.029      0.035      0.009      0.025      0.047      0.013      0.014      0.015      0.010      0.004      0.000      0.000      0.000      0.000      0.000      0.000      0.000      0.000      0.000      0.000      0.000      0.000     -0.001      0.000      0.000      0.000      0.000      0.000      0.000      0.000      0.000      0.000      0.000      0.000      0.000      0.000      0.000      0.000      0.000      0.000      0.000      0.000      0.000      0.000      0.000      0.000      0.000      0.000      0.000      0.003
    -0.003     -0.003      0.012     -0.026      0.008      0.036      0.050      0.004      0.006      0.015      0.039      0.012      0.003      0.000      0.000      0.000      0.000      0.000      0.000     -0.001      0.000      0.000      0.000      0.000     -0.001      0.000      0.000      0.000      0.000      0.000      0.000      0.000      0.000      0.000      0.000      0.000      0.000      0.000      0.000      0.000      0.000      0.000      0.000      0.000      0.000      0.000     -0.001      0.000      0.000      0.000      0.000      0.002
    -0.001      0.027     -0.005      0.005      0.022      0.032      0.004      0.019      0.014     -0.004      0.023      0.035     -0.005      0.003      0.000      0.000      0.000      0.000      0.000      0.000      0.000      0.000      0.001      0.000      0.000      0.000      0.000      0.000      0.000      0.000      0.000      0.000      0.000      0.000      0.000      0.000      0.000      0.000      0.000      0.000      0.000      0.000      0.000      0.000      0.000      0.000      0.001      0.000      0.000      0.000      0.000      0.002
     0.011      0.003      0.037      0.040      0.013      0.013     -0.023      0.011      0.017      0.007     -0.009      0.003      0.025     -0.009      0.002      0.000      0.000      0.000      0.000      0.000      0.000      0.000      0.000      0.000      0.000      0.000      0.000      0.000      0.000      0.000      0.000      0.000      0.000      0.000      0.000      0.000      0.000      0.000      0.000      0.000     -0.001      0.000      0.000      0.000      0.000      0.000      0.000      0.000      0.000      0.000      0.000      0.000
    -0.061     -0.088     -0.061     -0.072     -0.028     -0.024     -0.051     -0.010     -0.013     -0.009     -0.004     -0.010      0.023     -0.003     -0.018      0.081     -0.008      0.000      0.012     -0.012      0.010      0.001      0.045      0.002     -0.041     -0.014     -0.001      0.000      0.000     -0.001     -0.001      0.001      0.001     -0.001      0.000      0.000     -0.001      0.001     -0.001      0.001      0.003     -0.001      0.000      0.000      0.000      0.000      0.000      0.000      0.000      0.002      0.000      0.004
    -0.015     -0.018     -0.027     -0.039     -0.013     -0.019      0.030      0.028     -0.010      0.020      0.028     -0.001      0.005      0.023      0.016     -0.365      0.006      0.000     -0.001      0.001     -0.001      0.000     -0.017      0.001      0.008      0.002      0.000      0.000     -0.001     -0.001      0.000      0.000      0.000      0.000      0.000      0.000      0.000      0.000      0.000      0.000      0.000      0.000      0.000      0.000      0.000      0.000     -0.003      0.000      0.000      0.000      0.000      0.001
     0.067      0.105      0.160      0.155      0.097      0.063      0.070      0.034      0.027      0.011     -0.013     -0.009     -0.006     -0.032      0.006     -0.229     -0.460      0.000      0.000      0.000      0.000      0.000      0.000      0.000     -0.001      0.000      0.000      0.000      0.000      0.000      0.000      0.000      0.000      0.000      0.000      0.000      0.000      0.000      0.000      0.000      0.000      0.000      0.000      0.000      0.000      0.000      0.000      0.000      0.000      0.000      0.000     -0.001
     0.032      0.037      0.091      0.047      0.063      0.091      0.065      0.094      0.038      0.045      0.055      0.050      0.053      0.026      0.005      0.461     -0.204      0.080      0.008      0.001      0.001      0.001      0.008      0.000     -0.008     -0.005      0.000      0.000      0.000      0.001      0.000      0.000      0.000      0.000      0.000     -0.001      0.000      0.000      0.000      0.000      0.001      0.000      0.000      0.000      0.000      0.000     -0.001      0.000      0.000      0.001      0.000      0.001
     0.037      0.000     -0.079     -0.049     -0.026     -0.044     -0.057     -0.003     -0.009     -0.043     -0.023     -0.023     -0.062     -0.012      0.006     -0.255      0.058     -0.036      0.091      0.028      0.000     -0.001     -0.011     -0.001      0.019      0.003      0.000      0.001     -0.001      0.001      0.000      0.000      0.000      0.001      0.000     -0.002      0.000     -0.001      0.000      0.000      0.003      0.000      0.000      0.000      0.000      0.000     -0.003      0.000      0.000     -0.001      0.000      0.005
    -0.015     -0.005      0.017      0.018      0.002      0.001      0.021      0.035      0.022      0.011     -0.003      0.006      0.018      0.017      0.009      0.426     -0.216     -0.008      0.130     -0.001      0.007      0.000      0.011     -0.001     -0.010     -0.002      0.000      0.000      0.000      0.000      0.000      0.000      0.000      0.000      0.000      0.000      0.000      0.000      0.000      0.000      0.001      0.000      0.000      0.000      0.000      0.000      0.002      0.000      0.000      0.000      0.000     -0.003
     0.045      0.069      0.119      0.097      0.036      0.097      0.124      0.085      0.048      0.087      0.035      0.069      0.028      0.018     -0.004      0.052     -0.083      0.196      0.470     -0.230     -0.101      0.001     -0.001      0.000     -0.002     -0.002      0.000      0.000      0.000      0.000      0.000      0.000      0.000      0.000      0.000      0.000      0.000      0.000      0.000      0.000      0.000      0.000      0.000      0.000      0.000      0.000      0.000      0.000      0.000      0.000      0.000      0.001
    -0.004      0.016      0.052      0.042     -0.002      0.013     -0.001     -0.010      0.030     -0.002      0.006      0.013      0.004      0.027     -0.017      0.349     -0.463      0.103      0.207     -0.151      0.280     -0.052      0.205     -0.003     -0.053     -0.008      0.000      0.002     -0.004      0.000     -0.001      0.001      0.002     -0.001     -0.001     -0.004     -0.001     -0.003      0.001      0.000      0.002     -0.002      0.000      0.000      0.000      0.000      0.011      0.001      0.000      0.001      0.000      0.000
    -0.030     -0.023     -0.006     -0.026     -0.023     -0.044     -0.054     -0.043     -0.047      0.029     -0.005      0.010      0.010      0.005     -0.023      0.130      0.159     -0.313     -0.013     -0.117     -0.274      0.064     -0.121      0.004      0.006     -0.001      0.000      0.000      0.000     -0.001      0.000      0.000      0.000      0.000      0.000      0.000      0.000      0.000      0.000      0.000      0.000      0.000      0.000      0.000      0.000      0.000     -0.001      0.000      0.000      0.000      0.000      0.008
     0.020     -0.021     -0.088     -0.086     -0.101     -0.094     -0.086     -0.044     -0.036     -0.062     -0.012     -0.032     -0.056     -0.029     -0.023     -0.440      0.325     -0.298     -0.285      0.349     -0.372     -0.130     -0.356      0.285      0.108      0.007      0.000      0.000      0.001      0.000      0.002      0.000      0.000      0.001      0.001     -0.001      0.001      0.001      0.000      0.000      0.001      0.000      0.000      0.000      0.000     -0.001      0.001      0.000      0.000     -0.003      0.000      0.027
    -0.029     -0.049     -0.139     -0.086     -0.068     -0.088     -0.081     -0.097     -0.045     -0.062     -0.045     -0.056     -0.053     -0.019     -0.002     -0.591      0.345     -0.249     -0.631      0.206     -0.303     -0.566     -0.219     -0.178      0.269      0.007      0.000      0.000     -0.001      0.000      0.000      0.000      0.000      0.000      0.000      0.001      0.000     -0.001      0.000      0.000     -0.001      0.000      0.000      0.000      0.000      0.000     -0.001      0.000      0.000     -0.001      0.000      0.002
     0.011      0.001      0.020      0.011     -0.051     -0.012      0.014      0.008      0.002     -0.002     -0.008      0.009      0.025      0.013      0.030     -0.018      0.014      0.009      0.001     -0.010     -0.011      0.016      0.005     -0.011      0.002      0.003      0.031      0.002      0.002      0.002      0.000      0.000      0.000      0.000      0.000      0.001      0.000      0.002      0.000      0.000      0.000      0.000      0.001      0.000      0.000      0.002      0.004     -0.001      0.000     -0.001      0.000      0.008
    -0.027      0.023      0.021      0.023      0.002     -0.025     -0.012      0.016      0.011      0.014      0.006      0.012      0.018      0.016     -0.006      0.001      0.006     -0.016      0.011      0.022     -0.002     -0.011      0.017     -0.001      0.001      0.013      0.053      0.066      0.002      0.001      0.001     -0.001      0.000      0.001      0.000      0.000      0.000      0.000      0.000     -0.001      0.000      0.000      0.001     -0.001      0.000      0.002     -0.004     -0.002      0.000     -0.002      0.000      0.045
    -0.011      0.003      0.062     -0.014      0.033     -0.015     -0.013      0.018     -0.011      0.008      0.022      0.027      0.026      0.012     -0.039     -0.007     -0.027      0.035      0.017     -0.016      0.007      0.029     -0.033      0.016      0.009     -0.030      0.058      0.029      0.058      0.003      0.001      0.001     -0.001      0.001      0.000      0.000      0.000      0.000      0.000      0.000      0.000      0.000      0.001      0.000      0.000      0.003      0.019     -0.002      0.000     -0.001      0.000      0.020
     0.014      0.006     -0.007      0.012     -0.003      0.014      0.006     -0.014      0.015      0.029      0.029     -0.009      0.009      0.023      0.007     -0.022     -0.043      0.047      0.032      0.034      0.001      0.037      0.001     -0.056     -0.001      0.000      0.041      0.010      0.049      0.050      0.001      0.000      0.000      0.000      0.001      0.001     -0.001      0.000      0.000      0.000      0.000      0.000      0.001      0.000      0.000      0.001      0.019     -0.002      0.000     -0.002      0.001      0.014
    -0.009     -0.022     -0.020     -0.024     -0.080     -0.009      0.012     -0.040      0.023      0.008     -0.005      0.003     -0.003     -0.001     -0.003     -0.019      0.002      0.001     -0.022      0.010     -0.006     -0.010     -0.014     -0.001      0.039      0.021      0.019      0.028      0.019      0.023      0.019      0.000      0.001      0.000      0.000     -0.001      0.000      0.000      0.000      0.000      0.000      0.000      0.000      0.000      0.000      0.000      0.007      0.000      0.000      0.000      0.000      0.000
    -0.004      0.030      0.011     -0.030     -0.004     -0.023     -0.001     -0.013      0.004     -0.022      0.014     -0.004     -0.031     -0.008     -0.005      0.018     -0.013     -0.003     -0.005      0.010      0.033      0.010      0.020      0.006      0.006     -0.027     -0.006     -0.018      0.035      0.014      0.018      0.014      0.000      0.000      0.000      0.001      0.000      0.000      0.000      0.000      0.000      0.000      0.000      0.000      0.000      0.000      0.002      0.000      0.000      0.000      0.000     -0.005
     0.010     -0.011      0.017      0.013      0.013     -0.024     -0.019     -0.011      0.020     -0.018     -0.031     -0.021     -0.007     -0.002     -0.010      0.018     -0.029      0.021      0.011     -0.013      0.028     -0.013      0.033      0.024     -0.010     -0.027     -0.025     -0.003     -0.021      0.018      0.045      0.013      0.011      0.000      0.000      0.000      0.000      0.000      0.000      0.000      0.000      0.000      0.000      0.000      0.000      0.001      0.000      0.000      0.000      0.000      0.000      0.004
     0.001     -0.006      0.017      0.016     -0.004      0.046      0.000      0.059     -0.015     -0.019     -0.017     -0.031     -0.024      0.008      0.025     -0.038     -0.004      0.017      0.006      0.052     -0.027     -0.011     -0.012     -0.007      0.025      0.019     -0.003      0.047      0.048     -0.007      0.024      0.007     -0.022      0.011      0.000     -0.001      0.000      0.000      0.000      0.000      0.001      0.000      0.000      0.000      0.000      0.000      0.002      0.000      0.000      0.000      0.000      0.005
     0.026     -0.006      0.003      0.032     -0.002      0.003      0.046      0.011      0.019      0.007     -0.001     -0.035      0.032     -0.026     -0.004     -0.019      0.017      0.002     -0.025     -0.017      0.001      0.008     -0.021     -0.010      0.039      0.003     -0.016     -0.007     -0.014      0.043     -0.030      0.005     -0.029      0.006      0.008      0.000      0.000      0.000      0.000      0.000      0.000      0.000      0.000      0.000      0.000      0.000      0.002      0.000      0.000      0.000      0.000      0.003
    -0.006     -0.013     -0.009     -0.003      0.013      0.019     -0.020     -0.020      0.023      0.024     -0.026     -0.002     -0.016      0.007      0.025     -0.002      0.013     -0.022     -0.020     -0.029     -0.009     -0.019     -0.025      0.000     -0.005      0.035      0.022      0.004     -0.001      0.016     -0.023      0.018      0.007     -0.030      0.010      0.108      0.001      0.000     -0.001      0.000     -0.002      0.000      0.001      0.001      0.000      0.000      0.013     -0.005      0.000      0.001      0.000      0.015
    -0.007     -0.025     -0.007     -0.027      0.011      0.004     -0.002      0.027      0.006      0.013      0.052      0.009      0.007     -0.026     -0.018     -0.020      0.006     -0.006     -0.005     -0.015     -0.032      0.027     -0.020      0.007      0.034      0.005     -0.006      0.000      0.001     -0.038      0.018     -0.030     -0.021      0.005      0.041      0.013      0.014      0.000      0.000      0.000      0.000      0.000      0.000      0.000      0.000     -0.001      0.000      0.000      0.000      0.000      0.000      0.004
    -0.007      0.008     -0.016     -0.021     -0.007      0.024      0.013     -0.003     -0.005      0.019     -0.003      0.020     -0.009     -0.027      0.000      0.013     -0.008      0.006     -0.002     -0.023     -0.002      0.033     -0.027      0.018      0.014     -0.034      0.039      0.007      0.006      0.002      0.001      0.006      0.013      0.002      0.000      0.000      0.015      0.067      0.000      0.000      0.000      0.000      0.000      0.001      0.000     -0.002     -0.001     -0.001      0.000      0.001      0.000     -0.003
     0.008      0.018     -0.005      0.004     -0.003     -0.024     -0.010     -0.022     -0.011     -0.015     -0.003      0.022      0.035      0.035     -0.014     -0.041      0.022      0.002     -0.040     -0.006     -0.023     -0.056      0.013     -0.015      0.004      0.054     -0.001      0.010      0.001     -0.011      0.036     -0.028     -0.033      0.000      0.001     -0.019      0.032     -0.011      0.007      0.000      0.000      0.000      0.000      0.000      0.000      0.000      0.000      0.000      0.000      0.000      0.000      0.000
    -0.009     -0.002      0.007      0.011     -0.028     -0.034      0.017     -0.027     -0.029     -0.012      0.010     -0.010     -0.002      0.036     -0.012      0.030     -0.028     -0.006      0.017     -0.021     -0.005     -0.007      0.000      0.040      0.017     -0.022      0.013     -0.034      0.001     -0.014      0.019     -0.029      0.007      0.000     -0.010      0.003     -0.003     -0.010      0.005      0.006      0.001      0.000      0.000      0.000      0.000     -0.001     -0.002      0.000      0.000      0.000      0.000     -0.001
     0.008     -0.022      0.002     -0.032     -0.004     -0.032     -0.026      0.018      0.013      0.009     -0.006      0.028      0.003     -0.013     -0.085      0.048     -0.005     -0.005      0.049      0.067      0.048     -0.012      0.016      0.009      0.020     -0.047      0.000      0.004      0.001     -0.002      0.010      0.001      0.000      0.024     -0.007     -0.022      0.005      0.002     -0.022      0.032      0.050     -0.001      0.000      0.000      0.000     -0.001      0.001      0.001      0.000     -0.001      0.000      0.015
    -0.017     -0.005     -0.018      0.001     -0.007      0.001      0.014     -0.029      0.038     -0.001      0.009     -0.016     -0.028      0.020      0.015     -0.027      0.030     -0.020     -0.039      0.024      0.002     -0.023     -0.043     -0.028      0.010      0.042      0.014      0.015      0.018     -0.013     -0.020     -0.014     -0.052     -0.034      0.004      0.000     -0.020     -0.019     -0.053     -0.019     -0.053      0.007      0.000     -0.001      0.000      0.003      0.016     -0.003      0.000     -0.001      0.001     -0.025
    -0.039      0.009      0.017     -0.041     -0.027     -0.005      0.004      0.023     -0.003      0.016     -0.045     -0.002     -0.002      0.004     -0.031      0.017     -0.043      0.004      0.003      0.002      0.032     -0.015      0.021     -0.019      0.005     -0.007      0.139      0.123      0.146      0.136      0.084      0.084      0.054      0.048      0.040      0.084      0.029      0.044      0.038      0.013     -0.008     -0.092      0.001      0.000      0.000      0.001      0.005      0.000      0.000      0.000     -0.001     -0.024
     0.019      0.006      0.004      0.022      0.015     -0.005     -0.012      0.008     -0.061     -0.010      0.010      0.001      0.018     -0.021     -0.023      0.018     -0.003      0.006      0.039     -0.010     -0.005      0.025      0.027      0.030     -0.008     -0.029     -0.019     -0.069     -0.057     -0.068     -0.039     -0.026     -0.007     -0.019     -0.034      0.062      0.006      0.072      0.019      0.004      0.054     -0.569     -0.156      0.001      0.000     -0.001     -0.003      0.000      0.000      0.000     -0.001      0.010
    -0.017     -0.022     -0.014     -0.021     -0.021      0.015      0.010     -0.011      0.067      0.009     -0.019     -0.002     -0.018      0.017      0.014     -0.009     -0.002     -0.024     -0.035      0.002      0.008     -0.023     -0.014     -0.030      0.008      0.026     -0.008      0.062      0.048      0.057      0.033      0.020      0.012      0.016      0.019     -0.081      0.003     -0.079     -0.012      0.001     -0.033      0.392      0.134     -0.902      0.000      0.000      0.001      0.000      0.000      0.000      0.000     -0.002
     0.006     -0.008      0.003     -0.002      0.007     -0.030      0.003      0.011      0.002      0.014      0.009      0.010      0.000      0.033      0.015     -0.006      0.012      0.017      0.015      0.019      0.026     -0.008     -0.007     -0.017     -0.023     -0.006      0.060      0.062      0.083      0.038      0.023     -0.001      0.033      0.011     -0.020     -0.005     -0.051     -0.058      0.003     -0.058     -0.044      0.243      0.162     -0.222      0.176      0.022      0.003     -0.011      0.000      0.005      0.001      0.044
    -0.023      0.008     -0.004     -0.035      0.021      0.025      0.003     -0.005      0.015     -0.024      0.006     -0.007     -0.013      0.028     -0.001      0.002     -0.039      0.013     -0.014     -0.021      0.027     -0.007      0.026     -0.017      0.002     -0.008      0.024     -0.018      0.084      0.091      0.056      0.018     -0.004      0.016      0.027      0.042     -0.003     -0.006      0.000     -0.030      0.004      0.201      0.214     -0.103      0.069      0.022      0.881     -0.011      0.000     -0.007      0.000     -0.406
     0.014     -0.002      0.017     -0.005      0.006     -0.001      0.004      0.026      0.005      0.004     -0.002     -0.018     -0.008      0.001     -0.008     -0.008     -0.022      0.054      0.017      0.006     -0.020      0.052      0.011     -0.009     -0.006     -0.029     -0.030     -0.033     -0.052     -0.038      0.002      0.021      0.016     -0.004     -0.004     -0.082     -0.014     -0.018      0.004      0.028      0.021     -0.207     -0.011     -0.060     -0.001     -0.413     -0.064      0.034      0.000     -0.001     -0.003     -0.036
    -0.003      0.035      0.007     -0.032     -0.015      0.023     -0.002     -0.015      0.023      0.001      0.015     -0.038     -0.002      0.024      0.045     -0.011     -0.011     -0.036     -0.044      0.016     -0.002     -0.042     -0.020     -0.002      0.020      0.041      0.029      0.060      0.039      0.065      0.011      0.001     -0.013      0.002      0.058      0.040      0.038      0.020     -0.021      0.026     -0.010      0.409      0.080     -0.348      0.204      0.002      0.132     -0.370      0.000      0.000      0.000      0.000
     0.002      0.015      0.015     -0.011      0.004      0.016      0.006     -0.013     -0.014      0.024      0.021      0.022      0.016      0.001      0.022      0.032     -0.013      0.012      0.039     -0.038      0.017      0.046      0.009     -0.006     -0.051     -0.064     -0.021     -0.041     -0.016     -0.043     -0.003      0.013     -0.001      0.017      0.029      0.012     -0.009      0.027     -0.002     -0.023     -0.012     -0.039     -0.097     -0.008      0.014      0.176     -0.038     -0.032      0.082      0.038      0.000      0.041
     0.007     -0.003     -0.018     -0.010     -0.004     -0.033      0.018      0.005      0.001     -0.002      0.008      0.018      0.026     -0.015      0.028     -0.009      0.026      0.012     -0.004     -0.004      0.014     -0.003     -0.003     -0.004      0.003     -0.002     -0.008     -0.013      0.017      0.054      0.024     -0.010     -0.020      0.018      0.016     -0.008     -0.024     -0.003     -0.006     -0.005     -0.013      0.120     -0.212     -0.255      0.183      0.095      0.000     -0.168      0.031     -0.008      0.009     -0.017
     0.029     -0.008     -0.010     -0.029     -0.008      0.006     -0.026      0.005      0.006      0.011      0.019      0.017      0.012      0.015     -0.001      0.004      0.002     -0.040      0.004      0.011     -0.014      0.007      0.000      0.042      0.028      0.009      0.016      0.060      0.029      0.021      0.001     -0.016      0.013      0.015      0.013      0.016      0.011     -0.003      0.000     -0.004      0.023     -0.104     -0.339      0.115     -0.081      0.103     -0.148     -0.067     -0.024      0.072     -0.061      8.541

Derivative matrix of expected statistics X by parameters and
covariance/correlation matrix of X can be found using
summary(ans) within R, or by using the 'verbose' option in Siena07.
 
Total computation time 654.95 seconds.
