

-----------------------------------
New Analysis started.
Date and time: 21/09/2026 16:50:54
New results follow.
-----------------------------------

RSiena version 1.3.10 (28 Apr 22)


@1
Estimation by stochastic approximation algorithm.
=================================================

Current random number seed is 52020072.
Effects object used: bound$effects 
Model Type:
 Initiative model
Behavioral Model Type:
 Standard behavior actor-oriented model ('restrict')
Estimation method: unconditional moment estimation
.

Time duration for simulations in each period is 1.0.
Changing composition.
Joiners/leavers option: 1
Standard errors are estimated with the likelihood ratio method.
Dolby method (regression on scores) is used.
Initial value of gain parameter is  0.2000000.
Reduction factor for gain parameter is  0.5000000.
Number of subphases in Phase 2 is 0.

Initial parameter values are 
  1. rate:  constant dv.net rate (period 1)                 0.0486
  2. rate:  constant dv.net rate (period 2)                 0.1423
  3. rate:  constant dv.net rate (period 3)                 0.4356
  4. rate:  constant dv.net rate (period 4)                 0.3524
  5. rate:  constant dv.net rate (period 5)                 0.3245
  6. rate:  constant dv.net rate (period 6)                 0.3208
  7. rate:  constant dv.net rate (period 7)                 0.3965
  8. rate:  constant dv.net rate (period 8)                 0.3059
  9. rate:  constant dv.net rate (period 9)                 0.3237
 10. rate:  constant dv.net rate (period 10)                0.2758
 11. rate:  constant dv.net rate (period 11)                0.3213
 12. rate:  constant dv.net rate (period 12)                0.4425
 13. rate:  constant dv.net rate (period 13)                0.3483
 14. rate:  constant dv.net rate (period 14)                0.3206
 15. rate:  constant dv.net rate (period 15)                0.2872
 16. rate:  constant dv.net rate (period 16)                0.5093
 17. eval:  degree (density)                               -5.9069
 18. eval:  transitive triads                               0.2239
 19. eval:  degree act+pop                                  0.0620
 20. eval:  nets.lndistance_d                              -0.9524
 21. eval:  nets.ATOP_d                                     1.1555
 22. eval:  nets.absidealdiff_d                            -0.6526
 23. eval:  nets.lntrade_d                                  0.0556
 24. eval:  nets.NATO_d                                    -3.8451
 25. eval:  milex.beh alter                                -0.0521
 26. eval:  beh.democracy_1 alter                           1.8030
 27. eval:  beh.lncinc_1 alter                              0.8249
 28. rate:  rate milex.beh (period 1)                       0.9355
 29. rate:  rate milex.beh (period 2)                       1.3043
 30. rate:  rate milex.beh (period 3)                       1.3522
 31. rate:  rate milex.beh (period 4)                       1.1946
 32. rate:  rate milex.beh (period 5)                       0.6933
 33. rate:  rate milex.beh (period 6)                       0.5702
 34. rate:  rate milex.beh (period 7)                       0.4788
 35. rate:  rate milex.beh (period 8)                       0.5300
 36. rate:  rate milex.beh (period 9)                       0.3769
 37. rate:  rate milex.beh (period 10)                      1.7707
 38. rate:  rate milex.beh (period 11)                      0.6003
 39. rate:  rate milex.beh (period 12)                      1.3641
 40. rate:  rate milex.beh (period 13)                      0.3304
 41. rate:  rate milex.beh (period 14)                      0.3028
 42. rate:  rate milex.beh (period 15)                      1.1057
 43. rate:  rate milex.beh (period 16)                      0.4261
 44. eval:  milex.beh linear shape                         -1.2018
 45. eval:  milex.beh quadratic shape                      -0.0366
 46. eval:  milex.beh degree                                0.0945
 47. eval:  milex.beh dense triads                         -0.0269
 48. eval:  milex.beh: effect from beh.democracy_1         -0.5141
 49. eval:  milex.beh: effect from beh.GDPgrowth_1         -2.6449
 50. eval:  milex.beh: effect from beh.nato_1               0.8961
 51. eval:  milex.beh: effect from beh.allies_1            -0.0113
 52. eval:  milex.beh: effect from beh.military_1           0.2503
 53. eval:  milex.beh: effect from beh.lnmids_1             0.2083
 54. eval:  milex.beh: effect from beh.milexSpLag_1         7.8159


Observed values of target statistics are
  1. Amount of network change in period 1                                10.0000
  2. Amount of network change in period 2                                34.0000
  3. Amount of network change in period 3                                86.0000
  4. Amount of network change in period 4                                94.0000
  5. Amount of network change in period 5                                76.0000
  6. Amount of network change in period 6                                76.0000
  7. Amount of network change in period 7                                94.0000
  8. Amount of network change in period 8                                78.0000
  9. Amount of network change in period 9                                84.0000
 10. Amount of network change in period 10                               72.0000
 11. Amount of network change in period 11                               84.0000
 12. Amount of network change in period 12                              114.0000
 13. Amount of network change in period 13                               94.0000
 14. Amount of network change in period 14                               88.0000
 15. Amount of network change in period 15                               80.0000
 16. Amount of network change in period 16                              138.0000
 17. Number of edges                                                   4265.0000
 18. Number of transitive triads                                       5799.0000
 19. Sum of squared degrees                                            260112.0000
 20. Sum of ties x nets.lndistance_d                                   -8870.7440
 21. Sum of ties x nets.ATOP_d                                         4953.4629
 22. Sum of ties x nets.absidealdiff_d                                 -2358.0283
 23. Sum of ties x nets.lntrade_d                                      30355.5071
 24. Sum of ties x nets.NATO_d                                          902.1365
 25. Sum of degrees x milex.beh                                         -18.6684
 26. Sum of degrees x beh.democracy_1                                  2457.4901
 27. Sum of degrees x beh.lncinc_1                                     10857.5339
 28. Amount of behavioral change in period 1 on milex.beh                41.0000
 29. Amount of behavioral change in period 2 on milex.beh                50.0000
 30. Amount of behavioral change in period 3 on milex.beh                57.0000
 31. Amount of behavioral change in period 4 on milex.beh                52.0000
 32. Amount of behavioral change in period 5 on milex.beh                37.0000
 33. Amount of behavioral change in period 6 on milex.beh                32.0000
 34. Amount of behavioral change in period 7 on milex.beh                28.0000
 35. Amount of behavioral change in period 8 on milex.beh                31.0000
 36. Amount of behavioral change in period 9 on milex.beh                24.0000
 37. Amount of behavioral change in period 10 on milex.beh               71.0000
 38. Amount of behavioral change in period 11 on milex.beh               34.0000
 39. Amount of behavioral change in period 12 on milex.beh               55.0000
 40. Amount of behavioral change in period 13 on milex.beh               18.0000
 41. Amount of behavioral change in period 14 on milex.beh               17.0000
 42. Amount of behavioral change in period 15 on milex.beh               48.0000
 43. Amount of behavioral change in period 16 on milex.beh               20.0000
 44. milex.beh centered sum                                             -65.8453
 45. milex.beh sum of cent. squares                                    5577.0824
 46. milex.beh outdegrees                                              -304.0788
 47. milex.beh dense triads                                            -2642.8490
 48. milex.beh x beh.democracy_1                                       -377.6470
 49. milex.beh x beh.GDPgrowth_1                                          1.0505
 50. milex.beh x beh.nato_1                                              36.7931
 51. milex.beh x beh.allies_1                                          -3748.6989
 52. milex.beh x beh.military_1                                         122.1105
 53. milex.beh x beh.lnmids_1                                           550.8479
 54. milex.beh x beh.milexSpLag_1                                        23.1712

 54 parameters, 54 statistics

Number of subphases is specified as 0.
Therefore the estimation phase is skipped
 and the program passes on immediately to phase 3
 for checking the current parameter values and calculating standard errors.
Estimation of derivatives by the LR method (type 1).


@2
End of stochastic approximation algorithm, phase 3.
---------------------------------------------------

Total of 3000 iterations.
Parameter estimates based on 0 iterations,
convergence diagnostics, covariance and derivative matrices based on 3000 iterations.

Information for convergence diagnosis.
Averages, standard deviations, and t-ratios for deviations from targets:
  1.   -0.1940    4.3463  -0.0446 
  2.   -0.3587    8.0979  -0.0443 
  3.    0.1847   12.2705   0.0150 
  4.   -0.4013   13.8448  -0.0290 
  5.   -0.3087   11.8136  -0.0261 
  6.    0.0147   11.8458   0.0012 
  7.   -0.0127   13.2043  -0.0010 
  8.   -0.4080   11.9828  -0.0340 
  9.   -0.6507   12.4387  -0.0523 
 10.    0.1747   11.7087   0.0149 
 11.   -0.1287   12.2363  -0.0105 
 12.   -0.1160   14.1923  -0.0082 
 13.   -0.7020   13.3092  -0.0527 
 14.    0.0927   12.8380   0.0072 
 15.   -0.0100   12.3935  -0.0008 
 16.   -0.5940   16.1938  -0.0367 
 17.   -1.4023   25.1017  -0.0559 
 18.   -4.7590   82.7876  -0.0575 
 19. -162.7453 2504.4444  -0.0650 
 20.    3.7557   64.5412   0.0582 
 21.   -1.0875   31.4160  -0.0346 
 22.   -0.1151   44.5916  -0.0026 
 23.  -13.6891  185.3424  -0.0739 
 24.    0.0286    9.1170   0.0031 
 25.   -0.8861   52.9278  -0.0167 
 26.    0.1105   18.2987   0.0060 
 27.   -3.4522   83.4067  -0.0414 
 28.    0.1567    5.6441   0.0278 
 29.   -0.0177    6.0788  -0.0029 
 30.   -0.0040    6.4662  -0.0006 
 31.    0.1193    6.3597   0.0188 
 32.   -0.2933    5.5355  -0.0530 
 33.   -0.0660    5.2482  -0.0126 
 34.   -0.0850    5.0097  -0.0170 
 35.   -0.1350    5.0522  -0.0267 
 36.   -0.0937    4.6181  -0.0203 
 37.    0.0110    6.9226   0.0016 
 38.    0.2683    5.2672   0.0509 
 39.   -0.0280    6.1736  -0.0045 
 40.    0.0210    4.0827   0.0051 
 41.    0.0373    3.7815   0.0099 
 42.   -0.1783    5.9249  -0.0301 
 43.   -0.0653    4.2052  -0.0155 
 44.   -1.3260   24.2216  -0.0547 
 45.   -4.0357   96.1122  -0.0420 
 46.    1.0280  169.8168   0.0061 
 47.   -1.1773  440.4079  -0.0027 
 48.    0.5060   12.1701   0.0416 
 49.    0.0397    2.1904   0.0181 
 50.    0.3147    9.1606   0.0343 
 51.   12.3801  472.8498   0.0262 
 52.    0.2159    6.6869   0.0323 
 53.    0.5932   15.1573   0.0391 
 54.   -0.0116    0.4968  -0.0233 

Good convergence is indicated by the t-ratios being close to zero.

Overall maximum convergence ratio =  0.2299 .



@2
Estimation Results.
-------------------

Regular end of estimation algorithm.
Total of 3000 iteration steps.


@3
Estimates and standard errors
                             
Network Dynamics
 1. rate:  constant dv.net rate (period 1)                         0.0486  (   0.0228)
 2. rate:  constant dv.net rate (period 2)                         0.1423  (   0.0358)
 3. rate:  constant dv.net rate (period 3)                         0.4356  (   0.0829)
 4. rate:  constant dv.net rate (period 4)                         0.3524  (   0.0527)
 5. rate:  constant dv.net rate (period 5)                         0.3245  (   0.0590)
 6. rate:  constant dv.net rate (period 6)                         0.3208  (   0.0562)
 7. rate:  constant dv.net rate (period 7)                         0.3965  (   0.0639)
 8. rate:  constant dv.net rate (period 8)                         0.3059  (   0.0531)
 9. rate:  constant dv.net rate (period 9)                         0.3237  (   0.0547)
10. rate:  constant dv.net rate (period 10)                        0.2758  (   0.0483)
11. rate:  constant dv.net rate (period 11)                        0.3213  (   0.0549)
12. rate:  constant dv.net rate (period 12)                        0.4425  (   0.0669)
13. rate:  constant dv.net rate (period 13)                        0.3483  (   0.0542)
14. rate:  constant dv.net rate (period 14)                        0.3206  (   0.0514)
15. rate:  constant dv.net rate (period 15)                        0.2872  (   0.0470)
16. rate:  constant dv.net rate (period 16)                        0.5093  (   0.0645)
17. eval:  degree (density)                                       -5.9069  (   0.2687)
18. eval:  transitive triads                                       0.2239  (   0.0686)
19. eval:  degree act+pop                                          0.0620  (   0.0059)
20. eval:  nets.lndistance_d                                      -0.9524  (   0.0817)
21. eval:  nets.ATOP_d                                             1.1555  (   0.1605)
22. eval:  nets.absidealdiff_d                                    -0.6526  (   0.0794)
23. eval:  nets.lntrade_d                                          0.0556  (   0.0327)
24. eval:  nets.NATO_d                                            -3.8451  (   0.4549)
25. eval:  milex.beh alter                                        -0.0521  (   0.0618)
26. eval:  beh.democracy_1 alter                                   1.8030  (   0.3231)
27. eval:  beh.lncinc_1 alter                                      0.8249  (   0.0760)
Behavior Dynamics

28. rate:  rate milex.beh (period 1)                               0.9355  (   0.1762)
29. rate:  rate milex.beh (period 2)                               1.3043  (   0.2497)
30. rate:  rate milex.beh (period 3)                               1.3522  (   0.2405)
31. rate:  rate milex.beh (period 4)                               1.1946  (   0.2247)
32. rate:  rate milex.beh (period 5)                               0.6933  (   0.1343)
33. rate:  rate milex.beh (period 6)                               0.5702  (   0.1188)
34. rate:  rate milex.beh (period 7)                               0.4788  (   0.0996)
35. rate:  rate milex.beh (period 8)                               0.5300  (   0.1109)
36. rate:  rate milex.beh (period 9)                               0.3769  (   0.0801)
37. rate:  rate milex.beh (period 10)                              1.7707  (   0.3511)
38. rate:  rate milex.beh (period 11)                              0.6003  (   0.1159)
39. rate:  rate milex.beh (period 12)                              1.3641  (   0.2640)
40. rate:  rate milex.beh (period 13)                              0.3304  (   0.0797)
41. rate:  rate milex.beh (period 14)                              0.3028  (   0.0807)
42. rate:  rate milex.beh (period 15)                              1.1057  (   0.2078)
43. rate:  rate milex.beh (period 16)                              0.4261  (   0.1030)
44. eval:  milex.beh linear shape                                 -1.2018  (   0.0839)
45. eval:  milex.beh quadratic shape                              -0.0366  (   0.0270)
46. eval:  milex.beh degree                                        0.0945  (   0.0277)
47. eval:  milex.beh dense triads                                 -0.0269  (   0.0096)
48. eval:  milex.beh: effect from beh.democracy_1                 -0.5141  (   0.1465)
49. eval:  milex.beh: effect from beh.GDPgrowth_1                 -2.6449  (   0.9396)
50. eval:  milex.beh: effect from beh.nato_1                       0.8961  (   0.1835)
51. eval:  milex.beh: effect from beh.allies_1                    -0.0113  (   0.0038)
52. eval:  milex.beh: effect from beh.military_1                   0.2503  (   0.1988)
53. eval:  milex.beh: effect from beh.lnmids_1                     0.2083  (   0.0949)
54. eval:  milex.beh: effect from beh.milexSpLag_1                 7.8159  (   2.9961)


@3
Covariance matrices
                   
Covariance matrix of estimates (correlations below diagonal):
     0.001      0.000      0.000      0.000      0.000      0.000      0.000      0.000      0.000      0.000      0.000      0.000      0.000      0.000      0.000      0.000      0.000      0.000      0.000      0.000      0.000      0.000      0.000      0.000      0.000      0.000      0.000      0.000      0.000      0.000      0.000      0.000      0.000      0.000      0.000      0.000      0.000      0.000      0.000      0.000      0.000      0.000      0.000      0.000      0.000      0.000      0.000      0.000      0.001      0.000      0.000      0.000      0.000     -0.001
     0.033      0.001      0.000      0.000      0.000      0.000      0.000      0.000      0.000      0.000      0.000      0.000      0.000      0.000      0.000      0.000      0.000      0.000      0.000      0.000      0.000      0.000      0.000      0.000      0.000      0.000      0.000      0.000      0.000      0.000      0.000      0.000      0.000      0.000      0.000      0.000      0.000      0.000      0.000      0.000      0.000      0.000      0.000      0.000      0.000      0.000      0.000      0.000     -0.001      0.000      0.000      0.000      0.000      0.000
     0.016      0.004      0.007      0.000      0.000      0.000      0.000      0.000      0.000      0.000      0.000      0.000      0.000      0.000      0.000      0.000     -0.001      0.000      0.000      0.001     -0.001      0.000      0.000      0.003      0.000     -0.003     -0.001      0.000      0.000      0.001      0.000      0.000      0.000      0.000      0.000      0.000      0.000      0.000      0.000      0.000      0.000      0.000      0.000      0.000      0.000      0.000      0.000     -0.001      0.004      0.000      0.000      0.000      0.000     -0.007
     0.003      0.023      0.057      0.003      0.000      0.000      0.000      0.000      0.000      0.000      0.000      0.000      0.000      0.000      0.000      0.000     -0.001      0.000      0.000      0.000      0.000      0.000      0.000      0.000      0.000      0.000      0.000      0.000      0.000      0.000     -0.001      0.000      0.000      0.000      0.000      0.000      0.000      0.000      0.000      0.000      0.000      0.000      0.000      0.000      0.000      0.000      0.000      0.000     -0.001      0.000      0.000      0.000      0.000      0.001
     0.005      0.036      0.078      0.028      0.003      0.000      0.000      0.000      0.000      0.000      0.000      0.000      0.000      0.000      0.000      0.000     -0.001      0.000      0.000      0.000      0.000      0.000      0.000      0.000      0.000     -0.001      0.000      0.000      0.000      0.000      0.000      0.000      0.000      0.000      0.000      0.000      0.000      0.000      0.000      0.000      0.000      0.000      0.000      0.000      0.000      0.000      0.000      0.000      0.000      0.000      0.000      0.000      0.000     -0.006
     0.007      0.007      0.054      0.012      0.032      0.003      0.000      0.000      0.000      0.000      0.000      0.000      0.000      0.000      0.000      0.000      0.000      0.000      0.000      0.000      0.000      0.000      0.000      0.000      0.000     -0.001      0.000      0.000      0.000      0.000      0.000      0.000      0.000      0.000      0.000      0.000      0.000      0.000      0.001      0.000      0.000      0.000      0.000      0.000      0.000      0.000      0.000      0.000     -0.001      0.000      0.000      0.000      0.000      0.001
     0.021      0.048      0.027      0.015      0.046      0.036      0.004      0.000      0.000      0.000      0.000      0.000      0.000      0.000      0.000      0.000      0.000      0.000      0.000      0.000     -0.001      0.000      0.000      0.001      0.000     -0.002      0.000      0.000      0.000      0.000      0.000      0.000      0.000      0.000      0.000      0.000      0.000      0.000      0.001      0.000      0.000      0.000      0.000      0.000      0.000      0.000      0.000      0.000     -0.001      0.000      0.000      0.000      0.000     -0.001
    -0.008      0.027      0.020      0.004      0.031     -0.013      0.010      0.003      0.000      0.000      0.000      0.000      0.000      0.000      0.000      0.000      0.000      0.000      0.000      0.000      0.000      0.000      0.000      0.000      0.000     -0.001      0.000      0.000      0.000      0.000      0.000      0.000      0.000      0.000      0.000      0.000      0.000      0.000      0.000      0.000      0.000      0.000      0.000      0.000      0.000      0.000      0.000      0.000      0.000      0.000      0.000      0.000      0.000     -0.002
    -0.009      0.002      0.017     -0.005      0.014      0.029      0.049      0.019      0.003      0.000      0.000      0.000      0.000      0.000      0.000      0.000      0.000      0.000      0.000      0.000      0.000      0.000      0.000      0.000      0.000     -0.001      0.000      0.000     -0.001      0.000      0.000      0.000      0.000      0.000      0.000      0.000      0.000      0.000      0.000      0.000      0.000      0.000      0.000      0.000      0.000      0.000      0.000      0.000      0.000      0.000      0.000      0.000      0.000      0.002
     0.004      0.014      0.024      0.038      0.023      0.003      0.027      0.019      0.037      0.002      0.000      0.000      0.000      0.000      0.000      0.000      0.000      0.000      0.000      0.000      0.000      0.000      0.000      0.001      0.000     -0.001      0.000      0.000      0.000      0.000      0.000      0.000      0.000      0.000      0.000      0.000      0.001      0.000      0.000      0.000      0.000      0.000      0.000      0.000      0.000      0.000      0.000      0.000      0.000      0.000      0.000      0.000      0.000     -0.005
     0.020      0.011      0.027      0.017      0.021     -0.004      0.012      0.018      0.017      0.007      0.003      0.000      0.000      0.000      0.000      0.000      0.000      0.000      0.000      0.000      0.000      0.000      0.000      0.001      0.000     -0.001      0.000      0.000      0.000      0.000      0.000      0.000      0.000      0.000      0.000      0.000      0.000      0.000      0.000      0.000      0.000      0.000      0.000      0.000      0.000      0.000      0.000      0.000      0.000      0.000      0.000      0.000      0.000      0.004
     0.008     -0.011      0.020      0.021     -0.003     -0.042     -0.022     -0.011      0.021     -0.026      0.019      0.004      0.000      0.000      0.000      0.000      0.000      0.000      0.000      0.000      0.000      0.000      0.000      0.001      0.000     -0.001      0.000      0.000      0.000      0.000      0.000      0.000      0.000      0.000      0.000      0.000      0.001      0.000      0.000      0.000      0.000      0.000      0.000      0.000      0.000      0.000      0.000      0.000      0.000      0.001      0.000      0.000      0.000      0.003
    -0.006      0.002      0.007      0.006      0.023     -0.008      0.012      0.017     -0.022     -0.022      0.002      0.006      0.003      0.000      0.000      0.000      0.000      0.000      0.000      0.000      0.000      0.000      0.000      0.000      0.000      0.000      0.000      0.000      0.000      0.000      0.000      0.000      0.000      0.000      0.000      0.000      0.000      0.000      0.000      0.000      0.000      0.000      0.000      0.000      0.000      0.000      0.000      0.000      0.000      0.000      0.000      0.000      0.000      0.004
     0.012      0.035      0.004      0.021      0.014      0.028      0.015      0.012      0.032      0.012     -0.005      0.000     -0.011      0.003      0.000      0.000      0.000      0.000      0.000      0.000      0.000      0.000      0.000      0.001      0.000     -0.001      0.000      0.000      0.000      0.000      0.000      0.000      0.000      0.000      0.000      0.000      0.000      0.000      0.000      0.000      0.000      0.000      0.000      0.000      0.000      0.000      0.000      0.000      0.001      0.000      0.000      0.000      0.000     -0.005
     0.006      0.039      0.028      0.043     -0.007     -0.002      0.014      0.007     -0.023      0.030     -0.004     -0.009     -0.027      0.006      0.002      0.000      0.000      0.000      0.000      0.000      0.000      0.000      0.000      0.001      0.000     -0.001      0.000      0.000      0.000      0.000      0.000      0.000      0.000      0.000      0.000      0.000      0.000      0.000      0.000      0.000      0.000      0.000      0.000      0.000      0.000      0.000      0.000      0.000      0.000      0.000      0.000      0.000      0.000     -0.001
    -0.006      0.000      0.035      0.015      0.008     -0.005      0.031     -0.001      0.022     -0.003      0.003      0.002     -0.027     -0.037     -0.008      0.004      0.000      0.000      0.000      0.000      0.000      0.000      0.000      0.000      0.000      0.000      0.000      0.000      0.000      0.000      0.000      0.000      0.000      0.000      0.000      0.000      0.000      0.000      0.000      0.000      0.000      0.000      0.000      0.000      0.000      0.000      0.000      0.000      0.001      0.000      0.000      0.000      0.000      0.000
    -0.026     -0.047     -0.031     -0.082     -0.048     -0.007      0.016      0.003     -0.020     -0.017      0.019      0.024      0.013     -0.002      0.016     -0.024      0.072     -0.007      0.000      0.010     -0.013      0.009      0.000      0.049      0.001     -0.044     -0.012      0.000     -0.001     -0.001     -0.001      0.000      0.000      0.000      0.000      0.000      0.000      0.001      0.001      0.000      0.000     -0.001      0.000      0.000      0.000      0.000      0.000      0.000      0.004      0.001      0.000      0.001      0.001     -0.017
    -0.008     -0.031     -0.059      0.008      0.001     -0.010     -0.017      0.018     -0.021      0.019     -0.051     -0.010      0.032     -0.015     -0.008      0.043     -0.371      0.005      0.000     -0.001      0.001     -0.001      0.000     -0.016      0.001      0.009      0.002      0.000      0.000      0.000      0.000      0.000      0.000      0.000      0.000      0.000      0.000      0.000      0.000      0.000      0.000      0.000      0.000      0.000      0.000      0.000      0.000      0.000      0.001      0.000      0.000     -0.001      0.000      0.000
     0.052      0.118      0.145      0.072      0.085      0.057      0.042      0.001      0.033      0.015      0.048     -0.036     -0.016      0.036      0.007     -0.056     -0.205     -0.533      0.000      0.000      0.000      0.000      0.000      0.000      0.000     -0.001      0.000      0.000      0.000      0.000      0.000      0.000      0.000      0.000      0.000      0.000      0.000      0.000      0.000      0.000      0.000      0.000      0.000      0.000      0.000      0.000      0.000      0.000      0.000      0.000      0.000      0.000      0.000      0.000
     0.012      0.036      0.114      0.052      0.062      0.092      0.079      0.043      0.058      0.040      0.075      0.037      0.039      0.052     -0.004      0.024      0.447     -0.234      0.109      0.007      0.001      0.001      0.001      0.007      0.000     -0.008     -0.004      0.000      0.000      0.000      0.000      0.000      0.000      0.000      0.000      0.000      0.001      0.000      0.001      0.000      0.000      0.000      0.000      0.000      0.000      0.000      0.000      0.000     -0.003      0.000      0.000      0.000      0.000      0.000
    -0.033     -0.046     -0.059     -0.002     -0.017     -0.040     -0.072     -0.041     -0.005     -0.008     -0.039     -0.029     -0.045     -0.014     -0.036      0.014     -0.301      0.107     -0.055      0.100      0.026      0.000     -0.001     -0.018     -0.001      0.020      0.003      0.000      0.002      0.000      0.000      0.000      0.001      0.000      0.000      0.000      0.001      0.000     -0.001      0.000      0.000      0.001      0.000      0.000      0.000      0.000      0.000      0.000     -0.004     -0.001      0.000     -0.001      0.000      0.010
     0.004     -0.009      0.038     -0.029     -0.005      0.036      0.043      0.015     -0.008      0.006      0.016      0.013      0.030     -0.003      0.025     -0.009      0.416     -0.225     -0.016      0.157      0.031      0.006      0.000      0.011     -0.002     -0.009     -0.002      0.000      0.000      0.000      0.000      0.000      0.000      0.000      0.000      0.000      0.001      0.000      0.000      0.000      0.000      0.000      0.000      0.000      0.000      0.000      0.000      0.000      0.002      0.000      0.000      0.000      0.000     -0.001
     0.067      0.087      0.138      0.067      0.105      0.073      0.062      0.080      0.071      0.039      0.087      0.057      0.058      0.038      0.012      0.020      0.045     -0.140      0.206      0.468     -0.222     -0.083      0.001     -0.001      0.000     -0.002     -0.001      0.000      0.000      0.000      0.000      0.000      0.000      0.000      0.000      0.000      0.000      0.000      0.000      0.000      0.000      0.000      0.000      0.000      0.000      0.000      0.000      0.000      0.000      0.000      0.000      0.000      0.000     -0.001
     0.008     -0.010      0.084     -0.001      0.017     -0.012      0.048      0.014      0.009      0.024      0.032      0.018      0.010      0.023      0.041      0.000      0.398     -0.509      0.096      0.185     -0.244      0.295     -0.040      0.207     -0.003     -0.061     -0.009     -0.001     -0.003     -0.002     -0.001      0.000      0.001     -0.001     -0.001      0.000     -0.001      0.002      0.000      0.001      0.000     -0.002      0.000      0.001      0.000      0.000      0.000     -0.001      0.015      0.001      0.000      0.002      0.000     -0.006
    -0.028      0.006     -0.026     -0.012     -0.045     -0.061     -0.037     -0.021     -0.031     -0.001      0.013     -0.001     -0.004     -0.026     -0.001      0.036      0.076      0.172     -0.244     -0.069     -0.138     -0.345      0.040     -0.110      0.004      0.005     -0.001      0.000      0.000      0.000      0.000      0.000      0.000      0.000      0.000      0.000      0.000      0.000      0.000      0.000      0.000      0.000      0.000      0.000      0.000      0.000      0.000      0.000      0.000      0.000      0.000      0.000      0.000      0.005
    -0.030     -0.042     -0.115     -0.021     -0.066     -0.079     -0.099     -0.067     -0.030     -0.039     -0.057     -0.031     -0.024     -0.062     -0.061      0.008     -0.508      0.387     -0.276     -0.315      0.383     -0.334     -0.146     -0.413      0.230      0.104      0.008     -0.001      0.000      0.001     -0.002      0.000      0.000      0.000      0.001      0.000     -0.001     -0.001     -0.002     -0.001      0.001     -0.001      0.000      0.000      0.000      0.000      0.000      0.001     -0.003     -0.001      0.000     -0.002      0.000      0.026
    -0.039     -0.079     -0.153     -0.036     -0.089     -0.067     -0.075     -0.059     -0.052     -0.050     -0.080     -0.062     -0.049     -0.042     -0.010     -0.007     -0.592      0.400     -0.278     -0.613      0.239     -0.316     -0.544     -0.255     -0.115      0.315      0.006      0.000      0.000      0.001      0.000      0.000      0.000      0.000      0.000      0.000     -0.001      0.000      0.000      0.000      0.000      0.000      0.000      0.000      0.000      0.000      0.000      0.000      0.000      0.000      0.000      0.000      0.000      0.002
    -0.016     -0.021     -0.023     -0.016      0.032      0.008      0.031      0.000      0.006     -0.015     -0.017      0.029      0.017     -0.002     -0.009     -0.018      0.006      0.012      0.008      0.010     -0.014     -0.003      0.014     -0.017      0.013     -0.015     -0.005      0.031      0.001      0.001      0.002      0.001      0.000      0.000      0.000      0.000      0.000      0.000      0.000      0.000      0.000      0.001     -0.001      0.000      0.001      0.000      0.000      0.001      0.008     -0.001      0.000     -0.002      0.000      0.008
     0.009      0.035      0.016     -0.019     -0.004     -0.013     -0.005      0.002     -0.037     -0.001     -0.011      0.003      0.016     -0.009     -0.026      0.011     -0.015      0.006      0.018      0.019      0.043      0.008      0.014     -0.023     -0.006     -0.003      0.001      0.032      0.062      0.003     -0.001      0.000      0.000      0.000      0.000      0.000      0.000      0.000      0.000      0.001      0.000      0.001     -0.001      0.000      0.001      0.000      0.000      0.001      0.003     -0.001      0.000     -0.002     -0.001     -0.016
     0.021      0.020      0.040     -0.004     -0.024     -0.006      0.014     -0.010     -0.011      0.038     -0.006     -0.021     -0.015      0.015      0.007     -0.008     -0.017      0.012     -0.015     -0.023     -0.005     -0.020     -0.028     -0.018     -0.001      0.007      0.036      0.035      0.049      0.058      0.002      0.000      0.000      0.000      0.001      0.000      0.002      0.000      0.003      0.000      0.000      0.001      0.000      0.000      0.001      0.000      0.000      0.001      0.033      0.000      0.000     -0.001     -0.001      0.015
     0.005     -0.011      0.021     -0.068     -0.031     -0.012     -0.016     -0.016     -0.020      0.031     -0.032     -0.003      0.010     -0.010      0.015      0.011     -0.019      0.020      0.020     -0.012     -0.004     -0.013     -0.024     -0.012      0.006     -0.028      0.016      0.048     -0.015      0.039      0.050      0.001      0.000     -0.001      0.000      0.000      0.000      0.000      0.001     -0.001      0.000      0.001     -0.001      0.000      0.001      0.000      0.000      0.000      0.011      0.000      0.000     -0.001     -0.001     -0.001
    -0.007      0.011      0.034     -0.003      0.002     -0.005      0.045      0.004     -0.033     -0.040      0.002     -0.011      0.006     -0.022      0.024      0.018     -0.014      0.029     -0.024     -0.031     -0.002     -0.008     -0.012      0.008      0.020      0.010      0.019      0.033      0.002      0.002      0.023      0.018      0.000      0.000      0.000      0.000     -0.001      0.000      0.000      0.000      0.000      0.001      0.000      0.000      0.000      0.000      0.000      0.000      0.006      0.001      0.000      0.000      0.000      0.007
     0.020     -0.007      0.022      0.016     -0.019     -0.028      0.007     -0.006      0.009     -0.019      0.004     -0.037     -0.007     -0.030     -0.013      0.014     -0.001     -0.020      0.038      0.022      0.040      0.010      0.007      0.018      0.005      0.003     -0.034      0.000      0.005     -0.007      0.003      0.008      0.014      0.000      0.000      0.000      0.001      0.000      0.000      0.000      0.000      0.000      0.000      0.000      0.000      0.000      0.000     -0.001      0.002      0.001      0.000      0.000      0.000      0.001
     0.032     -0.007      0.006      0.007     -0.014     -0.033      0.015     -0.010     -0.027      0.012     -0.012      0.008     -0.003     -0.034      0.026      0.014      0.005      0.004     -0.004      0.008     -0.012     -0.022     -0.010     -0.018      0.010      0.009     -0.004     -0.024      0.005      0.010     -0.026      0.002     -0.028      0.010      0.000      0.000      0.001      0.000      0.000      0.000      0.000     -0.001      0.000      0.000      0.000      0.000      0.000      0.000     -0.001      0.000      0.000      0.000      0.001     -0.006
     0.021     -0.037      0.004     -0.027     -0.002     -0.027      0.017     -0.032      0.009     -0.008     -0.003     -0.014      0.005     -0.011     -0.006      0.000     -0.006      0.018     -0.014     -0.004      0.027     -0.002     -0.013     -0.012      0.003      0.024      0.005      0.003      0.010      0.054     -0.010     -0.023      0.014      0.034      0.012      0.000      0.000      0.000      0.001      0.000      0.000     -0.001      0.000      0.000      0.000      0.000      0.000      0.000      0.000      0.000      0.000      0.000      0.000     -0.002
    -0.007     -0.046     -0.012      0.018     -0.016     -0.021     -0.027      0.031     -0.044      0.002     -0.019      0.017     -0.023      0.019      0.005      0.008      0.020      0.011     -0.014     -0.009     -0.010      0.032      0.001     -0.004      0.001     -0.004     -0.012     -0.016     -0.011      0.013      0.024      0.010     -0.007     -0.017     -0.016      0.006      0.000      0.000      0.000      0.000      0.000      0.000      0.000      0.000      0.000      0.000      0.000      0.000      0.003      0.001      0.000      0.000      0.000     -0.004
     0.004     -0.008      0.005      0.016      0.019      0.000     -0.005      0.015      0.017      0.062     -0.005      0.031      0.020      0.004      0.014      0.001      0.004      0.001      0.013      0.032      0.026      0.030      0.018     -0.008      0.006     -0.009     -0.042     -0.005     -0.003      0.020     -0.004     -0.011      0.016      0.019     -0.001      0.012      0.123      0.001      0.000      0.000      0.000     -0.001     -0.001      0.000      0.000      0.000      0.000     -0.001      0.005      0.001      0.000      0.000      0.002      0.021
    -0.014      0.017     -0.004     -0.006      0.011     -0.013     -0.010     -0.029      0.011      0.010     -0.032     -0.029      0.002      0.003      0.020      0.003      0.020     -0.001     -0.003     -0.018     -0.008      0.019     -0.011      0.037      0.011     -0.015      0.002      0.002      0.001     -0.010      0.014     -0.010      0.025      0.024      0.011      0.026      0.020      0.013      0.000      0.000      0.000      0.000      0.000      0.000      0.000      0.000      0.000      0.000      0.002      0.000      0.000      0.000      0.000      0.003
    -0.016     -0.025     -0.001     -0.035      0.002      0.049      0.033      0.008     -0.002      0.013     -0.015     -0.003     -0.014      0.006      0.008      0.009      0.016     -0.005     -0.011      0.029     -0.026      0.015     -0.016      0.003      0.019     -0.024     -0.011      0.000     -0.002      0.047      0.012      0.006     -0.007      0.007      0.037     -0.009     -0.004     -0.011      0.070      0.000      0.000     -0.001     -0.001      0.000      0.001      0.000      0.000     -0.001      0.008      0.002      0.000     -0.002      0.001     -0.023
     0.008      0.017      0.018      0.011     -0.012     -0.012     -0.010     -0.035      0.017     -0.010      0.005      0.016      0.053      0.003      0.009     -0.025      0.019      0.009     -0.002      0.004     -0.037      0.026      0.002      0.021      0.017     -0.038      0.000      0.017      0.043      0.006     -0.047     -0.014     -0.018      0.038      0.037     -0.015     -0.014      0.014     -0.013      0.006      0.000      0.000      0.000      0.000      0.000      0.000      0.000      0.000      0.001      0.000      0.000      0.000      0.000     -0.002
     0.016      0.036     -0.002      0.005     -0.003     -0.027     -0.005      0.004     -0.043     -0.003     -0.014     -0.009      0.024     -0.069      0.006      0.012     -0.015     -0.012     -0.009     -0.011     -0.010      0.006      0.006     -0.010      0.003      0.022      0.009      0.014     -0.013     -0.011     -0.014     -0.004      0.001     -0.011      0.002     -0.002     -0.007      0.004      0.021      0.016      0.007      0.000      0.000      0.000      0.000      0.000      0.000      0.000     -0.001      0.000      0.000      0.000      0.000     -0.002
    -0.012      0.027      0.013     -0.018     -0.014      0.024     -0.019      0.023      0.005      0.010      0.013     -0.002     -0.002      0.008     -0.017      0.007     -0.022     -0.003     -0.006     -0.007      0.016     -0.003     -0.006     -0.022     -0.005     -0.014      0.029      0.022      0.012      0.010      0.015      0.020      0.006     -0.026     -0.037     -0.025     -0.015     -0.001     -0.014     -0.018     -0.010      0.043     -0.001     -0.001      0.000      0.000      0.000     -0.002     -0.002      0.000      0.000      0.001      0.000      0.006
    -0.004      0.007     -0.029     -0.002      0.005     -0.028      0.026      0.013      0.016      0.008      0.007      0.013     -0.017     -0.004     -0.019     -0.018     -0.010     -0.039      0.034      0.002      0.022     -0.023     -0.012     -0.006     -0.011      0.002      0.007     -0.033     -0.024     -0.018     -0.035     -0.029     -0.001      0.014     -0.002     -0.005     -0.023     -0.002     -0.019     -0.026      0.007     -0.028      0.011     -0.001      0.000      0.000      0.000     -0.001     -0.004      0.001      0.000      0.000      0.000      0.001
     0.010     -0.032     -0.011      0.035     -0.017      0.009      0.010      0.045      0.006      0.003      0.011     -0.041     -0.022      0.015     -0.013      0.009     -0.006     -0.007      0.000      0.004      0.017      0.005     -0.011      0.020      0.011     -0.005      0.008      0.030     -0.001      0.014     -0.007     -0.008     -0.028     -0.007     -0.048     -0.020      0.009     -0.004     -0.016     -0.051     -0.049     -0.051     -0.077      0.007      0.000     -0.001      0.000      0.003      0.011     -0.003      0.000     -0.001      0.001     -0.020
     0.001      0.011      0.024     -0.031      0.015     -0.023      0.004      0.020      0.003      0.036     -0.003     -0.028     -0.035     -0.027      0.016     -0.006     -0.018      0.015      0.009     -0.038     -0.007      0.000     -0.001     -0.014      0.006      0.001      0.014      0.111      0.116      0.164      0.182      0.086      0.075      0.025      0.055      0.043      0.031      0.042      0.088      0.030      0.001      0.037      0.011     -0.127      0.001      0.000      0.000      0.001      0.006      0.000      0.000      0.000     -0.001     -0.028
    -0.002     -0.001      0.030     -0.020     -0.002      0.026     -0.006     -0.057      0.007      0.000     -0.001      0.026      0.024      0.010     -0.012     -0.020      0.028     -0.014      0.002      0.020     -0.015      0.026      0.030      0.009     -0.004     -0.014     -0.029     -0.058     -0.019     -0.057     -0.080     -0.055     -0.014     -0.030      0.018     -0.022     -0.024      0.011     -0.022      0.028      0.038      0.012      0.036     -0.569     -0.158      0.001      0.000     -0.001     -0.003      0.000      0.000      0.000     -0.001      0.008
    -0.006      0.012     -0.032      0.017      0.004     -0.025      0.009      0.061     -0.001      0.006     -0.015     -0.028     -0.027     -0.016      0.015      0.021     -0.034      0.013     -0.002     -0.033      0.006     -0.026     -0.034     -0.016     -0.007      0.017      0.041      0.045      0.011      0.048      0.065      0.039      0.013      0.025     -0.038      0.014     -0.011     -0.003      0.000     -0.032     -0.029     -0.001     -0.044      0.409      0.151     -0.909      0.000      0.000      0.001      0.000      0.000      0.000      0.000     -0.002
    -0.004     -0.003     -0.043     -0.006     -0.009      0.016     -0.023      0.049      0.012     -0.024     -0.007     -0.017      0.019     -0.017     -0.006      0.013     -0.013     -0.008      0.009     -0.023      0.012      0.024      0.014     -0.010     -0.008      0.012      0.014      0.049      0.024      0.040      0.015      0.008     -0.034      0.011     -0.003     -0.007     -0.024     -0.019     -0.019     -0.002     -0.027     -0.055     -0.043      0.257      0.129     -0.255      0.227      0.021     -0.001     -0.012      0.000      0.005      0.001      0.046
     0.027     -0.042      0.051     -0.012      0.004     -0.028     -0.015      0.002     -0.001     -0.009     -0.005      0.006     -0.003      0.012     -0.011      0.014      0.016      0.019     -0.035     -0.039     -0.027      0.029     -0.012      0.035      0.007     -0.009      0.006      0.047      0.012      0.148      0.053      0.046      0.021     -0.015      0.004      0.043      0.016      0.016      0.034      0.016     -0.017     -0.008     -0.039      0.143      0.249     -0.100      0.066     -0.008      0.883      0.007      0.000     -0.015     -0.004     -0.424
    -0.031     -0.023      0.006     -0.007     -0.018     -0.018     -0.007     -0.027     -0.009     -0.013      0.009      0.049     -0.020      0.005     -0.007      0.000      0.029     -0.011     -0.012      0.019     -0.033     -0.015     -0.009      0.015      0.017     -0.012     -0.022     -0.042     -0.026      0.001      0.010      0.033      0.028     -0.003      0.008      0.042      0.009     -0.012      0.033      0.024      0.010     -0.003      0.057     -0.190     -0.020     -0.037     -0.039     -0.451      0.038      0.034      0.000     -0.001     -0.003     -0.042
     0.014      0.012     -0.001      0.007      0.026     -0.008      0.007      0.018     -0.003      0.007      0.012     -0.007     -0.007     -0.017      0.015      0.006     -0.049      0.031      0.005     -0.003      0.029     -0.022      0.011     -0.018      0.014      0.016      0.021      0.079      0.049      0.034      0.051      0.010      0.006      0.022      0.028      0.014      0.064     -0.009     -0.031     -0.032     -0.003     -0.005     -0.064      0.410      0.065     -0.386      0.254      0.038      0.036     -0.350      0.000      0.000      0.000      0.000
    -0.005      0.000     -0.007     -0.003     -0.005      0.007     -0.005      0.030      0.006     -0.026      0.023      0.012      0.045      0.007      0.029     -0.022      0.014     -0.038      0.016      0.016     -0.027      0.003      0.038      0.023     -0.013     -0.031     -0.004     -0.051     -0.042     -0.012     -0.033      0.018     -0.016      0.013      0.022      0.006      0.002     -0.011     -0.034     -0.015     -0.014      0.015      0.011     -0.072     -0.066      0.007      0.018      0.165     -0.083     -0.014      0.044      0.040     -0.001      0.037
     0.014      0.002     -0.041      0.029      0.000     -0.015      0.011     -0.002      0.006     -0.018     -0.022     -0.014      0.012      0.014      0.012     -0.015      0.035      0.013     -0.030     -0.002      0.008      0.016     -0.005      0.001     -0.022     -0.002     -0.007      0.001     -0.028     -0.024     -0.042      0.024      0.012      0.054     -0.012      0.001      0.046      0.015      0.031     -0.003     -0.026     -0.001     -0.027      0.098     -0.254     -0.234      0.177      0.103     -0.048     -0.149      0.023     -0.036      0.009     -0.020
    -0.010     -0.004     -0.028      0.008     -0.033      0.006     -0.003     -0.010      0.011     -0.034      0.021      0.013      0.027     -0.031     -0.006     -0.001     -0.021     -0.002     -0.013     -0.002      0.021     -0.006     -0.006     -0.005      0.029      0.027      0.008      0.015     -0.022      0.021     -0.002      0.018      0.003     -0.021     -0.006     -0.017      0.020      0.007     -0.029     -0.009     -0.007      0.010      0.003     -0.081     -0.348      0.100     -0.074      0.104     -0.151     -0.076      0.011      0.061     -0.069      8.976

Derivative matrix of expected statistics X by parameters and
covariance/correlation matrix of X can be found using
summary(ans) within R, or by using the 'verbose' option in Siena07.
 
Total computation time 625.15 seconds.
