

-----------------------------------
New Analysis started.
Date and time: 21/09/2026 14:57:26
New results follow.
-----------------------------------

RSiena version 1.3.10 (28 Apr 22)


@1
Estimation by stochastic approximation algorithm.
=================================================

Current random number seed is 2009403.
Effects object used: bound$effects 
Model Type:
 Initiative model
Behavioral Model Type:
 Standard behavior actor-oriented model ('restrict')
Estimation method: unconditional moment estimation
.

Time duration for simulations in each period is 1.0.
Changing composition.
Joiners/leavers option: 1
Standard errors are estimated with the likelihood ratio method.
Dolby method (regression on scores) is used.
Initial value of gain parameter is  0.2000000.
Reduction factor for gain parameter is  0.5000000.
Number of subphases in Phase 2 is 0.

Initial parameter values are 
  1. rate:  constant dv.net rate (period 1)                 0.0472
  2. rate:  constant dv.net rate (period 2)                 0.1389
  3. rate:  constant dv.net rate (period 3)                 0.4314
  4. rate:  constant dv.net rate (period 4)                 0.3485
  5. rate:  constant dv.net rate (period 5)                 0.3233
  6. rate:  constant dv.net rate (period 6)                 0.3194
  7. rate:  constant dv.net rate (period 7)                 0.3979
  8. rate:  constant dv.net rate (period 8)                 0.3093
  9. rate:  constant dv.net rate (period 9)                 0.3269
 10. rate:  constant dv.net rate (period 10)                0.2749
 11. rate:  constant dv.net rate (period 11)                0.3220
 12. rate:  constant dv.net rate (period 12)                0.4463
 13. rate:  constant dv.net rate (period 13)                0.3536
 14. rate:  constant dv.net rate (period 14)                0.3234
 15. rate:  constant dv.net rate (period 15)                0.2895
 16. rate:  constant dv.net rate (period 16)                0.5157
 17. rate:  constant dv.net rate (period 17)                0.3412
 18. rate:  constant dv.net rate (period 18)                0.3965
 19. eval:  degree (density)                               -5.5318
 20. eval:  transitive triads                               0.1572
 21. eval:  degree act+pop                                  0.0572
 22. eval:  nets.lndistance_d                              -0.8546
 23. eval:  nets.ATOP_d                                     1.0961
 24. eval:  nets.absidealdiff_d                            -0.6046
 25. eval:  nets.lntrade_d                                  0.0714
 26. eval:  nets.NATO_d                                    -3.3720
 27. eval:  milex.beh alter                                -0.0567
 28. eval:  beh.democracy_1 alter                           1.4529
 29. eval:  beh.lncinc_1 alter                              0.7970
 30. rate:  rate milex.beh (period 1)                       0.9319
 31. rate:  rate milex.beh (period 2)                       1.3030
 32. rate:  rate milex.beh (period 3)                       1.3565
 33. rate:  rate milex.beh (period 4)                       1.1874
 34. rate:  rate milex.beh (period 5)                       0.6937
 35. rate:  rate milex.beh (period 6)                       0.5667
 36. rate:  rate milex.beh (period 7)                       0.4755
 37. rate:  rate milex.beh (period 8)                       0.5216
 38. rate:  rate milex.beh (period 9)                       0.3751
 39. rate:  rate milex.beh (period 10)                      1.7195
 40. rate:  rate milex.beh (period 11)                      0.5863
 41. rate:  rate milex.beh (period 12)                      1.3256
 42. rate:  rate milex.beh (period 13)                      0.3229
 43. rate:  rate milex.beh (period 14)                      0.2974
 44. rate:  rate milex.beh (period 15)                      1.0852
 45. rate:  rate milex.beh (period 16)                      0.4083
 46. rate:  rate milex.beh (period 17)                      0.3554
 47. rate:  rate milex.beh (period 18)                      0.4065
 48. eval:  milex.beh linear shape                         -1.1722
 49. eval:  milex.beh quadratic shape                      -0.0274
 50. eval:  milex.beh degree                                0.0893
 51. eval:  milex.beh dense triads                         -0.0208
 52. eval:  milex.beh: effect from beh.democracy_1         -0.4483
 53. eval:  milex.beh: effect from beh.GDPgrowth_1         -2.2277
 54. eval:  milex.beh: effect from beh.nato_1               0.8732
 55. eval:  milex.beh: effect from beh.allies_1            -0.0110
 56. eval:  milex.beh: effect from beh.military_1           0.2596
 57. eval:  milex.beh: effect from beh.lnmids_1             0.1351
 58. eval:  milex.beh: effect from beh.milexSpLag_1         7.1303


Observed values of target statistics are
  1. Amount of network change in period 1                                10.0000
  2. Amount of network change in period 2                                34.0000
  3. Amount of network change in period 3                                86.0000
  4. Amount of network change in period 4                                94.0000
  5. Amount of network change in period 5                                76.0000
  6. Amount of network change in period 6                                76.0000
  7. Amount of network change in period 7                                94.0000
  8. Amount of network change in period 8                                78.0000
  9. Amount of network change in period 9                                84.0000
 10. Amount of network change in period 10                               72.0000
 11. Amount of network change in period 11                               84.0000
 12. Amount of network change in period 12                              114.0000
 13. Amount of network change in period 13                               94.0000
 14. Amount of network change in period 14                               88.0000
 15. Amount of network change in period 15                               80.0000
 16. Amount of network change in period 16                              138.0000
 17. Amount of network change in period 17                               96.0000
 18. Amount of network change in period 18                              112.0000
 19. Number of edges                                                   5257.0000
 20. Number of transitive triads                                       7339.0000
 21. Sum of squared degrees                                            333172.0000
 22. Sum of ties x nets.lndistance_d                                   -10629.6066
 23. Sum of ties x nets.ATOP_d                                         5960.4379
 24. Sum of ties x nets.absidealdiff_d                                 -2858.5692
 25. Sum of ties x nets.lntrade_d                                      37643.5933
 26. Sum of ties x nets.NATO_d                                         1247.4871
 27. Sum of degrees x milex.beh                                        -136.5119
 28. Sum of degrees x beh.democracy_1                                  2911.8786
 29. Sum of degrees x beh.lncinc_1                                     13015.0208
 30. Amount of behavioral change in period 1 on milex.beh                41.0000
 31. Amount of behavioral change in period 2 on milex.beh                50.0000
 32. Amount of behavioral change in period 3 on milex.beh                57.0000
 33. Amount of behavioral change in period 4 on milex.beh                52.0000
 34. Amount of behavioral change in period 5 on milex.beh                37.0000
 35. Amount of behavioral change in period 6 on milex.beh                32.0000
 36. Amount of behavioral change in period 7 on milex.beh                28.0000
 37. Amount of behavioral change in period 8 on milex.beh                31.0000
 38. Amount of behavioral change in period 9 on milex.beh                24.0000
 39. Amount of behavioral change in period 10 on milex.beh               71.0000
 40. Amount of behavioral change in period 11 on milex.beh               34.0000
 41. Amount of behavioral change in period 12 on milex.beh               55.0000
 42. Amount of behavioral change in period 13 on milex.beh               18.0000
 43. Amount of behavioral change in period 14 on milex.beh               17.0000
 44. Amount of behavioral change in period 15 on milex.beh               48.0000
 45. Amount of behavioral change in period 16 on milex.beh               20.0000
 46. Amount of behavioral change in period 17 on milex.beh               18.0000
 47. Amount of behavioral change in period 18 on milex.beh               21.0000
 48. milex.beh centered sum                                             -69.2728
 49. milex.beh sum of cent. squares                                    5872.2362
 50. milex.beh outdegrees                                              -140.2801
 51. milex.beh dense triads                                            -2487.5508
 52. milex.beh x beh.democracy_1                                       -379.2596
 53. milex.beh x beh.GDPgrowth_1                                         -0.6794
 54. milex.beh x beh.nato_1                                              58.7026
 55. milex.beh x beh.allies_1                                          -4906.7851
 56. milex.beh x beh.military_1                                         125.8892
 57. milex.beh x beh.lnmids_1                                           583.7664
 58. milex.beh x beh.milexSpLag_1                                        23.9632

 58 parameters, 58 statistics

Number of subphases is specified as 0.
Therefore the estimation phase is skipped
 and the program passes on immediately to phase 3
 for checking the current parameter values and calculating standard errors.
Estimation of derivatives by the LR method (type 1).


@2
End of stochastic approximation algorithm, phase 3.
---------------------------------------------------

Total of 3000 iterations.
Parameter estimates based on 0 iterations,
convergence diagnostics, covariance and derivative matrices based on 3000 iterations.

Information for convergence diagnosis.
Averages, standard deviations, and t-ratios for deviations from targets:
  1.  -0.1187    4.3708  -0.0271 
  2.  -0.0460    8.2585  -0.0056 
  3.  -0.3500   12.1118  -0.0289 
  4.   0.0960   13.9188   0.0069 
  5.  -0.3267   11.8683  -0.0275 
  6.   0.0620   11.6693   0.0053 
  7.  -0.1140   12.8618  -0.0089 
  8.   0.2320   12.0999   0.0192 
  9.   0.0200   12.2687   0.0016 
 10.   0.1127   11.4494   0.0098 
 11.  -0.3453   12.4778  -0.0277 
 12.   0.0953   14.6408   0.0065 
 13.   0.2113   12.8806   0.0164 
 14.   0.1480   13.0328   0.0114 
 15.  -0.1893   12.1775  -0.0155 
 16.  -0.1433   16.4829  -0.0087 
 17.   0.2080   13.9082   0.0150 
 18.   0.0400   14.7484   0.0027 
 19.   0.5300   27.6477   0.0192 
 20.   0.9190   89.2587   0.0103 
 21.  58.2947 2812.9612   0.0207 
 22.   0.8442   68.2628   0.0124 
 23.   0.9230   33.9363   0.0272 
 24.   0.8409   47.1547   0.0178 
 25.   7.4871  208.1444   0.0360 
 26.   0.0745   10.9238   0.0068 
 27.  -0.0215   53.6439  -0.0004 
 28.   0.5015   20.1886   0.0248 
 29.   2.2634   89.8641   0.0252 
 30.  -0.1150    5.5607  -0.0207 
 31.  -0.0317    6.0144  -0.0053 
 32.   0.2360    6.5250   0.0362 
 33.  -0.0690    6.3574  -0.0109 
 34.   0.0573    5.6335   0.0102 
 35.   0.1190    5.3283   0.0223 
 36.   0.2110    4.9485   0.0426 
 37.   0.0083    5.0984   0.0016 
 38.   0.0543    4.6482   0.0117 
 39.  -0.1033    7.0505  -0.0147 
 40.  -0.0587    5.2220  -0.0112 
 41.   0.0843    6.2059   0.0136 
 42.  -0.0687    4.0166  -0.0171 
 43.   0.0837    3.9054   0.0214 
 44.   0.1567    6.1373   0.0255 
 45.   0.0167    4.2708   0.0039 
 46.   0.0793    3.9985   0.0198 
 47.   0.0117    4.3573   0.0027 
 48.   0.6687   25.0442   0.0267 
 49.   2.2450   96.3256   0.0233 
 50.   0.5713  188.6863   0.0030 
 51.   3.1283  505.6564   0.0062 
 52.  -0.1710   12.4031  -0.0138 
 53.  -0.0365    2.2049  -0.0166 
 54.  -0.2926    9.5500  -0.0306 
 55.   8.8874  476.0274   0.0187 
 56.  -0.0656    6.8285  -0.0096 
 57.  -0.4016   15.5401  -0.0258 
 58.   0.0141    0.5125   0.0276 

Good convergence is indicated by the t-ratios being close to zero.

Overall maximum convergence ratio =  0.1529 .



@2
Estimation Results.
-------------------

Regular end of estimation algorithm.
Total of 3000 iteration steps.


@3
Estimates and standard errors
                             
Network Dynamics
 1. rate:  constant dv.net rate (period 1)                         0.0472  (   0.0223)
 2. rate:  constant dv.net rate (period 2)                         0.1389  (   0.0334)
 3. rate:  constant dv.net rate (period 3)                         0.4314  (   0.0810)
 4. rate:  constant dv.net rate (period 4)                         0.3485  (   0.0520)
 5. rate:  constant dv.net rate (period 5)                         0.3233  (   0.0582)
 6. rate:  constant dv.net rate (period 6)                         0.3194  (   0.0569)
 7. rate:  constant dv.net rate (period 7)                         0.3979  (   0.0670)
 8. rate:  constant dv.net rate (period 8)                         0.3093  (   0.0539)
 9. rate:  constant dv.net rate (period 9)                         0.3269  (   0.0563)
10. rate:  constant dv.net rate (period 10)                        0.2749  (   0.0494)
11. rate:  constant dv.net rate (period 11)                        0.3220  (   0.0534)
12. rate:  constant dv.net rate (period 12)                        0.4463  (   0.0642)
13. rate:  constant dv.net rate (period 13)                        0.3536  (   0.0566)
14. rate:  constant dv.net rate (period 14)                        0.3234  (   0.0515)
15. rate:  constant dv.net rate (period 15)                        0.2895  (   0.0481)
16. rate:  constant dv.net rate (period 16)                        0.5157  (   0.0653)
17. rate:  constant dv.net rate (period 17)                        0.3412  (   0.0504)
18. rate:  constant dv.net rate (period 18)                        0.3965  (   0.0556)
19. eval:  degree (density)                                       -5.5318  (   0.2231)
20. eval:  transitive triads                                       0.1572  (   0.0516)
21. eval:  degree act+pop                                          0.0572  (   0.0050)
22. eval:  nets.lndistance_d                                      -0.8546  (   0.0723)
23. eval:  nets.ATOP_d                                             1.0961  (   0.1360)
24. eval:  nets.absidealdiff_d                                    -0.6046  (   0.0705)
25. eval:  nets.lntrade_d                                          0.0714  (   0.0295)
26. eval:  nets.NATO_d                                            -3.3720  (   0.3580)
27. eval:  milex.beh alter                                        -0.0567  (   0.0567)
28. eval:  beh.democracy_1 alter                                   1.4529  (   0.2388)
29. eval:  beh.lncinc_1 alter                                      0.7970  (   0.0664)
Behavior Dynamics

30. rate:  rate milex.beh (period 1)                               0.9319  (   0.1921)
31. rate:  rate milex.beh (period 2)                               1.3030  (   0.2657)
32. rate:  rate milex.beh (period 3)                               1.3565  (   0.2433)
33. rate:  rate milex.beh (period 4)                               1.1874  (   0.2270)
34. rate:  rate milex.beh (period 5)                               0.6937  (   0.1369)
35. rate:  rate milex.beh (period 6)                               0.5667  (   0.1083)
36. rate:  rate milex.beh (period 7)                               0.4755  (   0.0977)
37. rate:  rate milex.beh (period 8)                               0.5216  (   0.1107)
38. rate:  rate milex.beh (period 9)                               0.3751  (   0.0818)
39. rate:  rate milex.beh (period 10)                              1.7195  (   0.3077)
40. rate:  rate milex.beh (period 11)                              0.5863  (   0.1151)
41. rate:  rate milex.beh (period 12)                              1.3256  (   0.2462)
42. rate:  rate milex.beh (period 13)                              0.3229  (   0.0816)
43. rate:  rate milex.beh (period 14)                              0.2974  (   0.0793)
44. rate:  rate milex.beh (period 15)                              1.0852  (   0.2059)
45. rate:  rate milex.beh (period 16)                              0.4083  (   0.0990)
46. rate:  rate milex.beh (period 17)                              0.3554  (   0.0896)
47. rate:  rate milex.beh (period 18)                              0.4065  (   0.0981)
48. eval:  milex.beh linear shape                                 -1.1722  (   0.0789)
49. eval:  milex.beh quadratic shape                              -0.0274  (   0.0235)
50. eval:  milex.beh degree                                        0.0893  (   0.0237)
51. eval:  milex.beh dense triads                                 -0.0208  (   0.0075)
52. eval:  milex.beh: effect from beh.democracy_1                 -0.4483  (   0.1321)
53. eval:  milex.beh: effect from beh.GDPgrowth_1                 -2.2277  (   0.8722)
54. eval:  milex.beh: effect from beh.nato_1                       0.8732  (   0.1624)
55. eval:  milex.beh: effect from beh.allies_1                    -0.0110  (   0.0035)
56. eval:  milex.beh: effect from beh.military_1                   0.2596  (   0.1940)
57. eval:  milex.beh: effect from beh.lnmids_1                     0.1351  (   0.0907)
58. eval:  milex.beh: effect from beh.milexSpLag_1                 7.1303  (   2.7644)


@3
Covariance matrices
                   
Covariance matrix of estimates (correlations below diagonal):
     0.000      0.000      0.000      0.000      0.000      0.000      0.000      0.000      0.000      0.000      0.000      0.000      0.000      0.000      0.000      0.000      0.000      0.000      0.000      0.000      0.000      0.000      0.000      0.000      0.000      0.000      0.000      0.000      0.000      0.000      0.000      0.000      0.000      0.000      0.000      0.000      0.000      0.000      0.000      0.000      0.000      0.000      0.000      0.000      0.000      0.000      0.000      0.000      0.000      0.000      0.000      0.000      0.000      0.000      0.000      0.000      0.000     -0.002
     0.023      0.001      0.000      0.000      0.000      0.000      0.000      0.000      0.000      0.000      0.000      0.000      0.000      0.000      0.000      0.000      0.000      0.000      0.000      0.000      0.000      0.000      0.000      0.000      0.000      0.000      0.000      0.000      0.000      0.000      0.000      0.000      0.000      0.000      0.000      0.000      0.000      0.000      0.000      0.000      0.000      0.000      0.000      0.000      0.000      0.000      0.000      0.000      0.000      0.000      0.000      0.000      0.000      0.000      0.000      0.000      0.000      0.002
     0.037      0.036      0.007      0.000      0.000      0.000      0.000      0.000      0.000      0.000      0.000      0.000      0.000      0.000      0.000      0.000      0.000      0.000      0.000      0.000      0.000      0.001      0.000      0.000      0.000      0.001      0.000     -0.002     -0.001      0.000     -0.001      0.001      0.000      0.000      0.000      0.000      0.000      0.000      0.000      0.000      0.000      0.000      0.000      0.000      0.000      0.000      0.000      0.000      0.000      0.000      0.000      0.000      0.000      0.000      0.000      0.000      0.000      0.008
     0.038      0.014      0.003      0.003      0.000      0.000      0.000      0.000      0.000      0.000      0.000      0.000      0.000      0.000      0.000      0.000      0.000      0.000     -0.001      0.000      0.000      0.000      0.000      0.000      0.000      0.001      0.000      0.000      0.000      0.000      0.000      0.000      0.000      0.000      0.000      0.000      0.000      0.000      0.000      0.000      0.000      0.000      0.000      0.000      0.000      0.000      0.000      0.000      0.000      0.000      0.000      0.000      0.000      0.000      0.000      0.000      0.000      0.001
     0.039      0.011      0.026      0.040      0.003      0.000      0.000      0.000      0.000      0.000      0.000      0.000      0.000      0.000      0.000      0.000      0.000      0.000      0.000      0.000      0.000      0.000      0.000      0.000      0.000      0.001      0.000     -0.001      0.000      0.000      0.000      0.000      0.000      0.000      0.000      0.000      0.000      0.000      0.000      0.000      0.000      0.000      0.000      0.000      0.000      0.000      0.000      0.000      0.000      0.000      0.000      0.000     -0.003      0.000      0.000      0.000      0.000      0.000
     0.010      0.036      0.024      0.044      0.021      0.003      0.000      0.000      0.000      0.000      0.000      0.000      0.000      0.000      0.000      0.000      0.000      0.000     -0.001      0.000      0.000      0.000      0.000      0.000      0.000     -0.001      0.000      0.000      0.000      0.000      0.000      0.000      0.000      0.000      0.000      0.000      0.000      0.000      0.000      0.000      0.000      0.000      0.000      0.000      0.000      0.000      0.000      0.000      0.000      0.000      0.000      0.000     -0.001      0.000      0.000      0.000      0.000      0.002
     0.006     -0.005      0.008      0.027     -0.016      0.014      0.004      0.000      0.000      0.000      0.000      0.000      0.000      0.000      0.000      0.000      0.000      0.000     -0.001      0.000      0.000      0.000      0.000      0.000      0.000      0.000      0.000     -0.001      0.000      0.000      0.000      0.000      0.000      0.000      0.000      0.000      0.000      0.000      0.000      0.000      0.000      0.000      0.000      0.001      0.000      0.000      0.000      0.000      0.000      0.000      0.000      0.000      0.001      0.000      0.000      0.000      0.000     -0.005
     0.012      0.027      0.015     -0.021      0.010      0.055      0.026      0.003      0.000      0.000      0.000      0.000      0.000      0.000      0.000      0.000      0.000      0.000      0.000      0.000      0.000      0.000      0.000      0.000      0.000      0.001      0.000     -0.001      0.000      0.000      0.000      0.000      0.000      0.000      0.000      0.000      0.000      0.000      0.000      0.000      0.000      0.000      0.000      0.000      0.000      0.000      0.000      0.000      0.000      0.000      0.000      0.000     -0.002      0.000      0.000      0.000      0.000      0.003
     0.001      0.009     -0.020      0.048      0.039      0.002      0.039      0.016      0.003      0.000      0.000      0.000      0.000      0.000      0.000      0.000      0.000      0.000      0.000      0.000      0.000      0.000      0.000      0.000      0.000      0.000      0.000     -0.001      0.000      0.000      0.000      0.000      0.000      0.000      0.000      0.000      0.000      0.000      0.000      0.000      0.000      0.000      0.000      0.000      0.000      0.000      0.000      0.000      0.000      0.000      0.000      0.000      0.000      0.000      0.000      0.000      0.000      0.003
     0.005     -0.006      0.000      0.003     -0.017      0.000      0.009     -0.005     -0.007      0.002      0.000      0.000      0.000      0.000      0.000      0.000      0.000      0.000      0.000      0.000      0.000      0.000      0.000      0.000      0.000      0.000      0.000      0.000      0.000      0.000      0.000      0.000      0.000      0.000      0.000      0.000      0.000      0.000      0.000      0.000      0.000      0.000      0.000      0.000      0.000      0.000      0.000      0.000      0.000      0.000      0.000      0.000      0.000      0.000      0.000      0.000      0.000      0.004
     0.024      0.023      0.034      0.017      0.028      0.004      0.006      0.009      0.030      0.003      0.003      0.000      0.000      0.000      0.000      0.000      0.000      0.000      0.000      0.000      0.000      0.000      0.000      0.000      0.000      0.001      0.000      0.000      0.000      0.000      0.000      0.000      0.000      0.000      0.000      0.000      0.000      0.000      0.000      0.000      0.000      0.000      0.000      0.000      0.000      0.000      0.000      0.000      0.000      0.000      0.000      0.000      0.001      0.000      0.000      0.000      0.000      0.000
    -0.004      0.008      0.044      0.017     -0.011      0.041      0.010      0.028      0.006      0.015      0.003      0.004      0.000      0.000      0.000      0.000      0.000      0.000      0.000      0.000      0.000      0.000      0.000      0.000      0.000      0.000      0.000      0.000      0.000      0.000      0.000      0.000      0.000      0.000      0.000      0.000      0.000      0.000      0.000      0.000      0.000      0.000      0.000      0.000      0.000      0.000      0.000      0.000      0.000      0.000      0.000      0.000      0.000      0.000      0.000      0.000      0.000      0.002
     0.026      0.001      0.031      0.021      0.049      0.033      0.000     -0.027     -0.001      0.015     -0.028      0.000      0.003      0.000      0.000      0.000      0.000      0.000      0.000      0.000      0.000      0.000      0.000      0.000      0.000      0.000      0.000     -0.001      0.000      0.000      0.000      0.000      0.000      0.000      0.000      0.000      0.000      0.000      0.000      0.000     -0.001      0.000      0.000      0.000      0.000      0.000      0.000      0.000      0.000      0.000      0.000      0.000      0.000      0.000      0.000      0.000      0.000     -0.001
    -0.014      0.035      0.015     -0.008      0.002     -0.015     -0.012      0.005      0.022      0.000      0.007     -0.009      0.016      0.003      0.000      0.000      0.000      0.000      0.000      0.000      0.000      0.000      0.000      0.000      0.000      0.000      0.000      0.000      0.000      0.000      0.000      0.000      0.000      0.000      0.000      0.000      0.000      0.000      0.000      0.000      0.000      0.000      0.000      0.000      0.000      0.000      0.000      0.000      0.000      0.000      0.000      0.000      0.000      0.000      0.000      0.000      0.000     -0.004
     0.010      0.025     -0.006      0.008      0.000     -0.021      0.018      0.008      0.000      0.012      0.037     -0.018     -0.033      0.008      0.002      0.000      0.000      0.000      0.000      0.000      0.000      0.000      0.000      0.000      0.000      0.001      0.000      0.000      0.000      0.000      0.000      0.000      0.000      0.000      0.000      0.000      0.000      0.000      0.000      0.000      0.000      0.000      0.000      0.001      0.000      0.000      0.000      0.000      0.000      0.000      0.000      0.000      0.001      0.000      0.000      0.000      0.000     -0.002
     0.027      0.007     -0.010      0.004      0.011      0.011      0.026     -0.002      0.004     -0.001     -0.018      0.013      0.006     -0.007     -0.003      0.004      0.000      0.000      0.000      0.000      0.000      0.000      0.000      0.000      0.000      0.000      0.000      0.000      0.000      0.000      0.000      0.000      0.000      0.000      0.000      0.000      0.000      0.000      0.000      0.000      0.000      0.000      0.000      0.000      0.000      0.000      0.000      0.000      0.000      0.000      0.000      0.000      0.001      0.000      0.000      0.000      0.000      0.005
     0.013      0.005     -0.029     -0.017     -0.004     -0.006      0.020      0.034     -0.028      0.021      0.018      0.020      0.018     -0.015     -0.009      0.025      0.003      0.000      0.000      0.000      0.000      0.000      0.000      0.000      0.000      0.000      0.000      0.000      0.000      0.000      0.000      0.000      0.000      0.000      0.000      0.000      0.000      0.000      0.000      0.000     -0.001      0.000      0.000      0.000      0.000      0.000      0.000      0.000      0.000      0.000      0.000      0.000      0.001      0.000      0.000      0.000      0.000      0.000
     0.006      0.005     -0.006      0.031      0.015     -0.029      0.055      0.012      0.026     -0.004     -0.001     -0.007      0.047      0.007      0.036      0.042      0.024      0.003      0.000      0.000      0.000      0.000      0.000      0.000      0.000      0.000      0.000      0.000      0.000      0.000      0.000      0.000      0.000      0.000      0.000      0.000      0.000      0.000      0.000      0.000      0.000      0.000      0.000      0.000      0.000      0.000      0.000      0.000      0.000      0.000      0.000      0.000     -0.001      0.000      0.000      0.000      0.000      0.000
    -0.056     -0.051      0.013     -0.072      0.000     -0.065     -0.035     -0.027      0.004      0.006      0.023     -0.020      0.006     -0.006      0.037      0.011      0.001      0.014      0.050     -0.004      0.000      0.007     -0.007      0.005      0.000      0.027      0.002     -0.020     -0.008      0.001      0.001      0.002      0.002      0.001      0.002      0.000      0.000     -0.001      0.002     -0.002     -0.001      0.000      0.001     -0.002     -0.001     -0.001      0.000      0.000      0.000      0.000      0.000      0.000      0.006      0.001      0.000      0.002      0.000      0.003
    -0.034     -0.034     -0.047     -0.043     -0.033      0.063      0.018      0.006     -0.002      0.008     -0.001      0.017      0.002      0.015     -0.006      0.012      0.034      0.032     -0.313      0.003      0.000     -0.001      0.000     -0.001      0.000     -0.009      0.000      0.004      0.001      0.000      0.000      0.000      0.000      0.000      0.000      0.000      0.000      0.000      0.000      0.001      0.001      0.000      0.000      0.000      0.000      0.000      0.000      0.000      0.000      0.000      0.000      0.000     -0.001      0.000      0.000      0.000      0.000      0.002
     0.079      0.070      0.116      0.094      0.061      0.065      0.022      0.038      0.015     -0.007      0.007      0.006     -0.004     -0.015     -0.015     -0.039     -0.029     -0.046     -0.300     -0.526      0.000      0.000      0.000      0.000      0.000      0.000      0.000      0.000      0.000      0.000      0.000      0.000      0.000      0.000      0.000      0.000      0.000      0.000      0.000      0.000      0.000      0.000      0.000      0.000      0.000      0.000      0.000      0.000      0.000      0.000      0.000      0.000      0.000      0.000      0.000      0.000      0.000      0.000
     0.038      0.053      0.143      0.042      0.062      0.002      0.058      0.084      0.041      0.021      0.064      0.048      0.030      0.058      0.062      0.023      0.003      0.020      0.409     -0.189      0.055      0.005      0.002      0.001      0.001      0.004      0.000     -0.004     -0.003      0.000      0.000      0.000      0.001      0.000      0.000      0.000      0.000      0.000      0.000      0.000      0.000      0.000      0.000      0.000      0.000      0.000      0.000      0.000      0.000      0.000      0.000      0.000      0.001      0.000      0.000      0.000      0.000     -0.004
    -0.002      0.010     -0.034      0.020     -0.033     -0.060     -0.011     -0.041     -0.040     -0.021     -0.031     -0.021     -0.015      0.026     -0.005     -0.007     -0.006     -0.032     -0.236      0.031     -0.032      0.175      0.018      0.001     -0.001     -0.006     -0.001      0.009      0.002      0.000      0.001      0.000      0.000      0.000      0.000      0.000      0.000      0.000      0.000      0.000      0.001      0.000      0.000      0.000      0.000      0.000      0.000      0.000      0.000      0.000      0.000      0.000     -0.003      0.000      0.000     -0.001      0.000      0.004
    -0.011     -0.031      0.051      0.034      0.022     -0.007     -0.014      0.021      0.030     -0.017      0.028      0.027      0.013      0.000      0.027      0.026      0.007      0.004      0.348     -0.166     -0.036      0.109      0.080      0.005      0.000      0.007     -0.001     -0.005     -0.001      0.000     -0.001      0.000      0.000      0.000      0.000      0.000      0.000      0.000      0.001      0.000      0.000      0.000      0.000      0.000      0.000      0.000      0.000      0.000      0.000      0.000      0.000      0.000     -0.001      0.000      0.000      0.001      0.000      0.004
     0.104      0.094      0.128      0.086      0.074      0.051      0.060      0.071      0.086      0.032      0.055      0.039      0.035      0.037      0.050      0.009      0.004      0.025     -0.010     -0.118      0.197      0.430     -0.195     -0.099      0.001     -0.001      0.000     -0.001     -0.001      0.000      0.000      0.000      0.000      0.000      0.000      0.000      0.000      0.000      0.000      0.000      0.000      0.000      0.000      0.000      0.000      0.000      0.000      0.000      0.000      0.000      0.000      0.000      0.000      0.000      0.000      0.000      0.000      0.000
    -0.010      0.010      0.025      0.034      0.031     -0.030      0.018      0.047     -0.002     -0.016      0.038      0.016      0.005     -0.004      0.039      0.010      0.007     -0.002      0.334     -0.470      0.069      0.167     -0.127      0.285     -0.115      0.128     -0.002     -0.033     -0.003      0.002     -0.001      0.000      0.001      0.000      0.001      0.000     -0.001     -0.001      0.001     -0.004     -0.006      0.000      0.001     -0.002      0.000      0.001      0.000      0.001      0.000     -0.001      0.000      0.000      0.005      0.002      0.000      0.001      0.000     -0.019
    -0.042     -0.003     -0.020     -0.038     -0.022     -0.014      0.011     -0.058     -0.033      0.006      0.003     -0.003      0.000      0.014      0.011      0.044      0.018      0.033      0.153      0.093     -0.193      0.007     -0.170     -0.349      0.041     -0.095      0.003      0.003     -0.001      0.000      0.000      0.000      0.000      0.000      0.000      0.000      0.000      0.000      0.000      0.000      0.000      0.000      0.000      0.000      0.000      0.000      0.000      0.000      0.000      0.000      0.000      0.000      0.001      0.000      0.000      0.000      0.000      0.001
    -0.011     -0.033     -0.106     -0.037     -0.059     -0.023     -0.038     -0.068     -0.047     -0.023     -0.024     -0.016     -0.039     -0.034     -0.036     -0.014     -0.001     -0.009     -0.367      0.360     -0.291     -0.222      0.264     -0.304     -0.122     -0.384      0.193      0.057      0.004      0.001      0.001      0.001      0.000     -0.001      0.000      0.001      0.001      0.000      0.004      0.002      0.001      0.000      0.000      0.001      0.001      0.000      0.001      0.000      0.000      0.000      0.000      0.000     -0.002     -0.001      0.000     -0.001      0.000      0.022
    -0.053     -0.051     -0.160     -0.063     -0.093     -0.044     -0.057     -0.048     -0.067     -0.024     -0.065     -0.038     -0.047     -0.042     -0.052     -0.040     -0.013     -0.035     -0.559      0.348     -0.226     -0.604      0.195     -0.262     -0.549     -0.146     -0.166      0.251      0.004      0.000      0.000      0.000     -0.001      0.000      0.000      0.000      0.000      0.000      0.000      0.000      0.000      0.000      0.000      0.000      0.000      0.000      0.000      0.000      0.000      0.000      0.000      0.000     -0.001      0.000      0.000      0.000      0.000     -0.002
     0.049      0.011     -0.010      0.029     -0.030     -0.028     -0.001      0.002      0.001      0.006     -0.020      0.014      0.019     -0.003      0.016      0.022     -0.006      0.004      0.028     -0.020     -0.010     -0.009      0.009      0.008     -0.025      0.028      0.007      0.022     -0.001      0.037      0.000      0.001      0.002      0.001      0.000      0.000      0.000      0.000     -0.002      0.000      0.001      0.000      0.000      0.000      0.000      0.000      0.000      0.000      0.000      0.000      0.000      0.002      0.001     -0.001      0.000      0.001      0.000      0.028
    -0.004      0.004     -0.024     -0.010     -0.012      0.017      0.010      0.020      0.009     -0.023     -0.007      0.002      0.005     -0.029     -0.009     -0.009     -0.006      0.004      0.021     -0.002     -0.030      0.005      0.027     -0.038     -0.022     -0.008      0.008      0.023      0.009      0.007      0.071      0.001      0.001      0.001      0.000      0.000      0.000      0.000      0.001     -0.001      0.002      0.000      0.000      0.000      0.000      0.001      0.001      0.000      0.001      0.000      0.000      0.002      0.002     -0.001      0.000     -0.003      0.001     -0.006
     0.004     -0.039      0.070     -0.014      0.007     -0.035      0.009     -0.024      0.023      0.013      0.005      0.019      0.005     -0.030      0.038     -0.011     -0.008      0.007      0.039     -0.003     -0.027      0.015      0.002     -0.025     -0.012     -0.003      0.028      0.013     -0.010      0.025      0.021      0.059      0.000     -0.001      0.000      0.000      0.001      0.000     -0.001     -0.001      0.000      0.000      0.000      0.001      0.000      0.000      0.000      0.001      0.001      0.000      0.000      0.002      0.021     -0.001      0.000      0.000     -0.001      0.037
    -0.001      0.005     -0.007     -0.029     -0.013     -0.001      0.013      0.029     -0.006      0.004      0.012      0.027     -0.020      0.026      0.023      0.007      0.032      0.005      0.035     -0.031      0.000      0.044      0.015     -0.012      0.030      0.008      0.034      0.005     -0.060      0.042      0.018     -0.005      0.052      0.000      0.000      0.000      0.000      0.000     -0.001      0.000      0.000      0.000      0.000      0.002      0.000      0.000      0.000      0.000      0.001      0.000      0.000      0.000      0.016      0.000      0.000     -0.001      0.000      0.005
     0.010      0.006      0.026      0.048      0.051     -0.012      0.032      0.032     -0.029     -0.004      0.026     -0.015      0.005      0.034      0.024      0.005     -0.013      0.035      0.036      0.024     -0.003      0.030     -0.021      0.036      0.012      0.006     -0.044     -0.036     -0.037      0.021      0.018     -0.022      0.003      0.019      0.000      0.000      0.000      0.000      0.000      0.000      0.001      0.000      0.000     -0.001      0.000      0.000      0.000      0.000      0.000      0.000      0.000      0.001      0.006      0.000      0.000      0.000      0.000      0.002
     0.006     -0.005      0.011     -0.008      0.003      0.010     -0.012     -0.020     -0.005      0.018     -0.014     -0.015      0.023     -0.007      0.002      0.025     -0.007      0.016      0.064      0.002     -0.050      0.017      0.029     -0.004     -0.025      0.014      0.030      0.006     -0.008     -0.001      0.015      0.006      0.008     -0.017      0.012      0.000      0.000      0.000      0.000      0.000      0.000      0.000      0.000     -0.001      0.000      0.000      0.000      0.000      0.000      0.000      0.000      0.000      0.005      0.001      0.000      0.000      0.000      0.001
     0.020     -0.012      0.001     -0.033     -0.004      0.009      0.025      0.012     -0.006      0.006     -0.007     -0.005     -0.018      0.015      0.022     -0.023      0.005      0.026     -0.015     -0.001      0.013     -0.016     -0.007     -0.006     -0.009     -0.001      0.066      0.025     -0.012      0.005     -0.004      0.014     -0.009     -0.022      0.005      0.010      0.000      0.000      0.000      0.000      0.000      0.000      0.000     -0.001      0.000      0.000      0.000      0.000      0.000      0.000      0.000      0.000     -0.002      0.000      0.000      0.000      0.000     -0.005
     0.014     -0.024     -0.023     -0.002      0.022      0.015      0.009     -0.032     -0.010      0.001      0.004      0.003      0.023     -0.012     -0.010      0.019     -0.009     -0.021     -0.001      0.016     -0.044     -0.030      0.009     -0.041     -0.023     -0.024      0.035      0.041      0.021      0.003      0.001      0.029      0.010     -0.019      0.014      0.029      0.012      0.000      0.000      0.000      0.001      0.000      0.000      0.000      0.000      0.000      0.000      0.000      0.000      0.000      0.000      0.000     -0.001      0.000      0.000     -0.001      0.000     -0.001
     0.002     -0.028     -0.016      0.046     -0.042      0.005     -0.010     -0.016     -0.055      0.025      0.002     -0.005      0.002     -0.009     -0.003      0.041     -0.013      0.024     -0.030      0.007      0.004      0.010      0.032     -0.043      0.017     -0.033     -0.011      0.022      0.027      0.028      0.017     -0.009      0.004     -0.008     -0.011      0.011      0.008      0.007      0.001      0.000     -0.001      0.000      0.000      0.000      0.000      0.000      0.000      0.000      0.000      0.000      0.000      0.000      0.002      0.000      0.000      0.000      0.000      0.001
    -0.019     -0.023      0.015      0.000      0.013      0.016     -0.022     -0.019     -0.020      0.029     -0.006     -0.001      0.005     -0.026     -0.030      0.010     -0.002      0.007      0.026     -0.011     -0.025      0.019      0.012      0.027     -0.005      0.006     -0.008      0.048     -0.018     -0.027      0.007     -0.019     -0.019      0.006      0.013     -0.001     -0.014      0.034      0.095      0.000      0.001      0.000      0.000     -0.001     -0.001      0.000      0.000      0.000      0.000      0.000      0.000     -0.002      0.008      0.001      0.000      0.004      0.000      0.017
     0.021      0.020     -0.030      0.013      0.003     -0.006     -0.008     -0.009     -0.033      0.006     -0.016      0.013     -0.023     -0.006     -0.020     -0.007     -0.018      0.041     -0.067      0.088     -0.011     -0.016     -0.008     -0.015      0.020     -0.091     -0.007      0.057      0.020      0.011     -0.038     -0.021     -0.001      0.006     -0.040     -0.015      0.010      0.013      0.004      0.013      0.001      0.000      0.000      0.000      0.000      0.001      0.000     -0.001      0.000      0.000      0.000     -0.001     -0.002      0.000      0.000      0.000      0.000     -0.006
    -0.024     -0.018     -0.020     -0.006      0.020     -0.010      0.005      0.023      0.022      0.016     -0.009     -0.027     -0.037      0.003     -0.016      0.003     -0.048     -0.031     -0.020      0.046     -0.018      0.003      0.016     -0.020      0.019     -0.071     -0.018      0.024      0.008      0.025      0.029     -0.003     -0.002      0.017      0.008     -0.003      0.020     -0.026      0.019      0.018      0.061      0.000      0.000      0.000      0.000      0.000      0.001      0.000      0.000      0.000      0.000     -0.002      0.004     -0.002      0.000      0.000     -0.001      0.018
     0.011      0.006      0.000     -0.012      0.019      0.006      0.019      0.003      0.037      0.022     -0.004      0.026      0.004      0.019     -0.004     -0.003     -0.016      0.000     -0.009      0.014      0.015     -0.007     -0.019     -0.017      0.021     -0.012      0.037     -0.012     -0.006     -0.010     -0.001     -0.012      0.024      0.010     -0.013      0.011      0.025      0.009     -0.011     -0.017     -0.003      0.007      0.000      0.000      0.000      0.000      0.000      0.000      0.000      0.000      0.000      0.000      0.001      0.000      0.000      0.000      0.000      0.000
    -0.011      0.009      0.006      0.006     -0.008      0.013     -0.008      0.007     -0.033      0.004     -0.010     -0.009      0.026     -0.082      0.003      0.010     -0.011      0.004      0.029     -0.027     -0.018      0.005     -0.015      0.008     -0.010      0.029     -0.004     -0.005      0.004      0.003     -0.002     -0.010     -0.007      0.037      0.016     -0.004      0.002      0.009      0.010     -0.009      0.014      0.008      0.006      0.000      0.000      0.000      0.000      0.000      0.000      0.000      0.000      0.000      0.001      0.000      0.000     -0.001      0.000     -0.006
     0.011      0.004      0.015     -0.001     -0.014      0.002      0.055     -0.005      0.012     -0.013      0.000     -0.001      0.018      0.008      0.073      0.028     -0.003     -0.006     -0.033     -0.007      0.012     -0.014      0.010     -0.028      0.030     -0.033      0.024      0.025      0.007     -0.001      0.002      0.014      0.034     -0.033     -0.025     -0.031      0.003      0.022     -0.009     -0.004     -0.007     -0.015      0.022      0.042      0.000      0.000      0.001     -0.001      0.000      0.000      0.000      0.000     -0.008      0.000      0.000     -0.001     -0.001      0.010
     0.002     -0.025     -0.015     -0.006     -0.014     -0.028     -0.049      0.000      0.027      0.039     -0.016      0.015     -0.018      0.006     -0.017     -0.034     -0.031     -0.003     -0.023     -0.025      0.022      0.004      0.032     -0.024      0.011     -0.008      0.028      0.023     -0.005      0.007     -0.014      0.002      0.008     -0.009      0.004      0.013      0.010      0.017     -0.017      0.005     -0.003      0.021      0.025      0.012      0.010      0.000      0.000      0.000      0.000      0.000      0.000      0.000     -0.004      0.000      0.000      0.000      0.000      0.005
    -0.019     -0.041      0.004      0.005     -0.010      0.015     -0.030      0.004     -0.023     -0.006     -0.006      0.019     -0.001     -0.016      0.000     -0.005     -0.035      0.023     -0.034     -0.007     -0.014     -0.021      0.019     -0.016     -0.008      0.016      0.008     -0.012      0.058      0.007      0.033      0.018      0.012     -0.021     -0.016      0.012      0.020      0.001     -0.003      0.057     -0.016      0.010     -0.027     -0.016      0.016      0.008      0.000      0.000      0.000      0.000      0.000      0.000     -0.001      0.000      0.000      0.000      0.000      0.009
    -0.023      0.012      0.034      0.002     -0.002     -0.032     -0.036      0.019      0.031     -0.006     -0.038      0.007      0.008     -0.032     -0.022      0.019     -0.031     -0.022     -0.016      0.028     -0.027     -0.012      0.028     -0.004     -0.021     -0.010      0.003      0.023      0.043      0.016      0.032     -0.006     -0.012      0.001      0.010      0.039      0.003      0.000      0.005     -0.024      0.023     -0.009     -0.022      0.027      0.016      0.018      0.010      0.000      0.000      0.000      0.000      0.000      0.000      0.001      0.000      0.000      0.000      0.003
    -0.043      0.030      0.031     -0.021     -0.008     -0.001      0.016     -0.003      0.014      0.005     -0.020     -0.007      0.009     -0.024      0.006      0.030      0.010     -0.021     -0.006      0.006     -0.006      0.020      0.003     -0.002     -0.014      0.044     -0.021     -0.004      0.013      0.027      0.004      0.043     -0.008     -0.028     -0.039     -0.047     -0.018     -0.040      0.003     -0.057      0.013     -0.040     -0.035     -0.062     -0.023     -0.051     -0.022      0.006      0.000     -0.001      0.000      0.002      0.013     -0.003      0.000     -0.001      0.001     -0.017
     0.024     -0.022     -0.039     -0.047     -0.015     -0.021     -0.010     -0.008     -0.018      0.010      0.005     -0.035      0.018     -0.021      0.013      0.017      0.011      0.018      0.030     -0.022     -0.024     -0.021     -0.007     -0.028     -0.027     -0.003      0.041      0.015      0.015      0.072      0.115      0.102      0.152      0.060      0.078      0.068      0.057      0.053      0.043      0.023      0.029      0.043      0.041      0.051      0.022      0.020     -0.003     -0.153      0.001      0.000      0.000      0.000      0.003      0.000      0.000      0.000      0.000     -0.021
     0.019     -0.017     -0.024      0.028     -0.005      0.010     -0.018     -0.004     -0.020      0.022      0.016     -0.024      0.022      0.022      0.003     -0.019     -0.024     -0.006     -0.029      0.006      0.023     -0.013      0.000     -0.025      0.019     -0.068      0.005      0.010      0.019     -0.045     -0.044     -0.048     -0.060     -0.035     -0.019      0.001     -0.001      0.020      0.026      0.002      0.022      0.043      0.028     -0.004     -0.006      0.019     -0.016     -0.568     -0.116      0.001      0.000     -0.001     -0.002      0.000      0.000      0.000     -0.001      0.006
    -0.018      0.018      0.011     -0.029     -0.009     -0.010      0.018      0.007      0.017     -0.023     -0.015      0.041     -0.023     -0.012     -0.002      0.015      0.029      0.005      0.030     -0.009     -0.033      0.007     -0.002      0.029     -0.011      0.058      0.004     -0.012     -0.015      0.038      0.035      0.037      0.055      0.027      0.002     -0.009     -0.002     -0.022     -0.058      0.004     -0.050     -0.057     -0.020      0.022     -0.005     -0.030      0.016      0.394      0.098     -0.908      0.000      0.000      0.000      0.000      0.000      0.000      0.000     -0.001
     0.003      0.000      0.011      0.028      0.002      0.002     -0.005      0.028      0.021     -0.008      0.009      0.030      0.014     -0.025     -0.015      0.025      0.025      0.004      0.012      0.004      0.003      0.013     -0.005     -0.006      0.002      0.006      0.013      0.011     -0.023      0.060      0.045      0.073      0.004      0.039     -0.011     -0.012     -0.030     -0.013     -0.037     -0.065     -0.051     -0.037     -0.038     -0.010      0.001     -0.017      0.021      0.192      0.151     -0.170      0.132      0.017      0.000     -0.009      0.000      0.005      0.001      0.029
    -0.008      0.004     -0.007     -0.011     -0.050     -0.021      0.014     -0.035      0.004     -0.002      0.027      0.002      0.003     -0.001      0.022      0.018      0.031     -0.017      0.031     -0.029      0.005      0.020     -0.023     -0.017      0.005      0.016      0.011     -0.011     -0.012      0.006      0.010      0.098      0.079      0.053      0.053     -0.020     -0.006      0.032      0.029     -0.018      0.017      0.015      0.012     -0.043     -0.042     -0.012      0.001      0.182      0.160     -0.104      0.059      0.002      0.761      0.003      0.000     -0.018      0.004     -0.331
     0.001     -0.037     -0.015      0.004      0.032     -0.031      0.001     -0.001     -0.006      0.005     -0.016     -0.021      0.004      0.019      0.009     -0.015     -0.009      0.021      0.032     -0.012     -0.027      0.006      0.015      0.010     -0.053      0.030     -0.014     -0.028      0.023     -0.031     -0.029     -0.035      0.007      0.016      0.044      0.021      0.027     -0.003      0.015      0.019     -0.048      0.034      0.014      0.014      0.018      0.027      0.053     -0.196     -0.034     -0.064      0.008     -0.407      0.021      0.026      0.000      0.001     -0.002     -0.015
    -0.021      0.036      0.029     -0.010      0.003      0.003      0.023     -0.043      0.005     -0.009     -0.001     -0.010      0.020     -0.010     -0.012      0.045      0.014      0.001      0.019     -0.023      0.024     -0.005     -0.037      0.021      0.008      0.021      0.000     -0.017     -0.042      0.044      0.010      0.011      0.046      0.004      0.010      0.007     -0.009      0.014      0.003     -0.001      0.038     -0.031     -0.021      0.015     -0.022     -0.022     -0.076      0.419      0.051     -0.384      0.234     -0.013      0.022     -0.326      0.000      0.000      0.000      0.000
    -0.039     -0.057     -0.013      0.016      0.030      0.009      0.033     -0.014      0.028     -0.008      0.007      0.015      0.017     -0.003     -0.001      0.015     -0.033     -0.006      0.036     -0.028      0.003     -0.001     -0.029      0.045     -0.009      0.018     -0.009     -0.018     -0.034      0.027     -0.052     -0.004     -0.024     -0.019      0.008     -0.007     -0.027      0.005      0.068      0.015     -0.010     -0.028     -0.033     -0.015     -0.003     -0.019     -0.009     -0.093     -0.049      0.023      0.006      0.179     -0.106      0.017      0.023      0.038     -0.001      0.040
     0.028      0.007      0.000      0.011      0.007     -0.019      0.022      0.007      0.006     -0.022      0.000      0.039     -0.053      0.025     -0.002     -0.024     -0.001     -0.001     -0.016      0.011      0.018      0.046      0.018     -0.012      0.061      0.000      0.005      0.001     -0.043     -0.019      0.028     -0.039     -0.022      0.024     -0.006      0.047     -0.004     -0.015      0.018      0.001     -0.026     -0.020     -0.006     -0.050      0.008      0.008      0.002      0.141     -0.204     -0.271      0.213      0.061      0.053     -0.117      0.045     -0.039      0.008     -0.030
    -0.030      0.017      0.037      0.009     -0.002      0.011     -0.027      0.021      0.022      0.028      0.002      0.011     -0.008     -0.030     -0.015      0.030      0.003      0.002      0.005      0.017     -0.015     -0.018      0.009      0.020     -0.006     -0.019      0.006      0.033     -0.011      0.054     -0.008      0.055      0.009      0.006      0.003     -0.020     -0.002      0.002      0.020     -0.020      0.027      0.000     -0.025      0.018      0.017      0.035      0.012     -0.079     -0.322      0.085     -0.059      0.081     -0.137     -0.034      0.017      0.074     -0.120      7.642

Derivative matrix of expected statistics X by parameters and
covariance/correlation matrix of X can be found using
summary(ans) within R, or by using the 'verbose' option in Siena07.
 
Total computation time 804.63 seconds.
