

-----------------------------------
New Analysis started.
Date and time: 20/09/2026 22:25:23
New results follow.
-----------------------------------

RSiena version 1.3.10 (28 Apr 22)


@1
Estimation by stochastic approximation algorithm.
=================================================

Current random number seed is 12345.
Effects object used: effs 
Model Type:
 Initiative model
Behavioral Model Type:
 Standard behavior actor-oriented model ('restrict')
Estimation method: unconditional moment estimation
.

Time duration for simulations in each period is 1.0.
Changing composition.
Joiners/leavers option: 1
Standard errors are estimated with the likelihood ratio method.
Dolby method (regression on scores) is used.
Initial value of gain parameter is  0.2000000.
Reduction factor for gain parameter is  0.5000000.
Number of subphases in Phase 2 is 3.

Initial parameter values are 
  1. rate:  constant dv.net rate (period 1)                 0.1737
  2. rate:  constant dv.net rate (period 2)                 0.4673
  3. rate:  constant dv.net rate (period 3)                 0.8177
  4. rate:  constant dv.net rate (period 4)                 1.1922
  5. rate:  constant dv.net rate (period 5)                 0.9644
  6. rate:  constant dv.net rate (period 6)                 0.9644
  7. rate:  constant dv.net rate (period 7)                 1.1922
  8. rate:  constant dv.net rate (period 8)                 0.9897
  9. rate:  constant dv.net rate (period 9)                 1.0657
 10. rate:  constant dv.net rate (period 10)                0.9138
 11. rate:  constant dv.net rate (period 11)                1.0657
 12. rate:  constant dv.net rate (period 12)                1.4453
 13. rate:  constant dv.net rate (period 13)                1.1922
 14. rate:  constant dv.net rate (period 14)                1.1163
 15. rate:  constant dv.net rate (period 15)                1.0150
 16. rate:  constant dv.net rate (period 16)                1.7491
 17. rate:  constant dv.net rate (period 17)                1.2175
 18. eval:  degree (density)                               -0.2608
 19. eval:  transitive triads                               0.0000
 20. eval:  degree act+pop                                  0.0000
 21. eval:  nets.lndistance_d                               0.0000
 22. eval:  nets.ATOP_d                                     0.0000
 23. eval:  nets.absidealdiff_d                             0.0000
 24. eval:  nets.lntrade_d                                  0.0000
 25. eval:  nets.NATO_d                                     0.0000
 26. eval:  milex.beh alter                                 0.0000
 27. eval:  beh.democracy_1 alter                           0.0000
 28. eval:  beh.lncinc_1 alter                              0.0000
 29. rate:  rate milex.beh (period 1)                       0.7680
 30. rate:  rate milex.beh (period 2)                       0.9106
 31. rate:  rate milex.beh (period 3)                       1.2728
 32. rate:  rate milex.beh (period 4)                       0.8873
 33. rate:  rate milex.beh (period 5)                       0.3413
 34. rate:  rate milex.beh (period 6)                       0.5489
 35. rate:  rate milex.beh (period 7)                       0.3224
 36. rate:  rate milex.beh (period 8)                       0.3545
 37. rate:  rate milex.beh (period 9)                       0.2491
 38. rate:  rate milex.beh (period 10)                      0.9035
 39. rate:  rate milex.beh (period 11)                      0.3190
 40. rate:  rate milex.beh (period 12)                      0.9347
 41. rate:  rate milex.beh (period 13)                      0.2118
 42. rate:  rate milex.beh (period 14)                      0.2056
 43. rate:  rate milex.beh (period 15)                      0.6321
 44. rate:  rate milex.beh (period 16)                      0.2242
 45. rate:  rate milex.beh (period 17)                      0.2118
 46. eval:  milex.beh linear shape                         -0.0837
 47. eval:  milex.beh quadratic shape                       0.0000
 48. eval:  milex.beh degree                                0.0000
 49. eval:  milex.beh dense triads                          0.0000
 50. eval:  milex.beh: effect from beh.democracy_1          0.0000
 51. eval:  milex.beh: effect from beh.GDPgrowth_1          0.0000
 52. eval:  milex.beh: effect from beh.nato_1               0.0000
 53. eval:  milex.beh: effect from beh.allies_1             0.0000
 54. eval:  milex.beh: effect from beh.military_1           0.0000
 55. eval:  milex.beh: effect from beh.lnmids_1             0.0000
 56. eval:  milex.beh: effect from beh.milexSpLag_1         0.0000


Observed values of target statistics are
  1. Amount of network change in period 1                                10.0000
  2. Amount of network change in period 2                                34.0000
  3. Amount of network change in period 3                                86.0000
  4. Amount of network change in period 4                                94.0000
  5. Amount of network change in period 5                                76.0000
  6. Amount of network change in period 6                                76.0000
  7. Amount of network change in period 7                                94.0000
  8. Amount of network change in period 8                                78.0000
  9. Amount of network change in period 9                                84.0000
 10. Amount of network change in period 10                               72.0000
 11. Amount of network change in period 11                               84.0000
 12. Amount of network change in period 12                              114.0000
 13. Amount of network change in period 13                               94.0000
 14. Amount of network change in period 14                               88.0000
 15. Amount of network change in period 15                               80.0000
 16. Amount of network change in period 16                              138.0000
 17. Amount of network change in period 17                               96.0000
 18. Number of edges                                                   4749.0000
 19. Number of transitive triads                                       6550.0000
 20. Sum of squared degrees                                            295492.0000
 21. Sum of ties x nets.lndistance_d                                   -9747.6740
 22. Sum of ties x nets.ATOP_d                                         5448.6151
 23. Sum of ties x nets.absidealdiff_d                                 -2610.8800
 24. Sum of ties x nets.lntrade_d                                      33846.3182
 25. Sum of ties x nets.NATO_d                                         1074.4417
 26. Sum of degrees x milex.beh                                        -147.2762
 27. Sum of degrees x beh.democracy_1                                  2684.2037
 28. Sum of degrees x beh.lncinc_1                                     11911.5952
 29. Amount of behavioral change in period 1 on milex.beh                41.0000
 30. Amount of behavioral change in period 2 on milex.beh                50.0000
 31. Amount of behavioral change in period 3 on milex.beh                57.0000
 32. Amount of behavioral change in period 4 on milex.beh                52.0000
 33. Amount of behavioral change in period 5 on milex.beh                37.0000
 34. Amount of behavioral change in period 6 on milex.beh                32.0000
 35. Amount of behavioral change in period 7 on milex.beh                28.0000
 36. Amount of behavioral change in period 8 on milex.beh                31.0000
 37. Amount of behavioral change in period 9 on milex.beh                24.0000
 38. Amount of behavioral change in period 10 on milex.beh               71.0000
 39. Amount of behavioral change in period 11 on milex.beh               34.0000
 40. Amount of behavioral change in period 12 on milex.beh               55.0000
 41. Amount of behavioral change in period 13 on milex.beh               18.0000
 42. Amount of behavioral change in period 14 on milex.beh               17.0000
 43. Amount of behavioral change in period 15 on milex.beh               48.0000
 44. Amount of behavioral change in period 16 on milex.beh               20.0000
 45. Amount of behavioral change in period 17 on milex.beh               18.0000
 46. milex.beh centered sum                                             -67.9151
 47. milex.beh sum of cent. squares                                    5722.2550
 48. milex.beh outdegrees                                              -256.4846
 49. milex.beh dense triads                                            -2686.3147
 50. milex.beh x beh.democracy_1                                       -381.2796
 51. milex.beh x beh.GDPgrowth_1                                          0.3065
 52. milex.beh x beh.nato_1                                              47.2347
 53. milex.beh x beh.allies_1                                          -4376.9242
 54. milex.beh x beh.military_1                                         126.7983
 55. milex.beh x beh.lnmids_1                                           566.8675
 56. milex.beh x beh.milexSpLag_1                                        23.5793

 56 parameters, 56 statistics

Estimation of derivatives by the LR method (type 1).


@2
End of stochastic approximation algorithm, phase 3.
---------------------------------------------------

Total of 3333 iterations.
Parameter estimates based on 2333 iterations,
convergence diagnostics, covariance and derivative matrices based on 1000 iterations.

Information for convergence diagnosis.
Averages, standard deviations, and t-ratios for deviations from targets:
  1.  -0.4440    4.3797  -0.1014 
  2.   0.3680    7.9915   0.0460 
  3.   0.3820   12.7774   0.0299 
  4.   1.4420   13.4677   0.1071 
  5.  -1.9380   11.3713  -0.1704 
  6.  -0.4200   11.5716  -0.0363 
  7.   0.2900   13.3045   0.0218 
  8.  -0.3480   12.0439  -0.0289 
  9.   0.3500   12.3972   0.0282 
 10.  -1.3600   11.3761  -0.1195 
 11.   1.6460   12.4648   0.1321 
 12.  -0.8800   14.4967  -0.0607 
 13.   0.0160   13.6291   0.0012 
 14.  -1.0020   12.1275  -0.0826 
 15.   0.2160   12.6558   0.0171 
 16.   1.2060   16.8067   0.0718 
 17.   0.1100   13.6954   0.0080 
 18.   1.8710   25.6870   0.0728 
 19.   1.3500   86.1137   0.0157 
 20.  98.1520 2686.1080   0.0365 
 21.  -6.2362   69.0513  -0.0903 
 22.   1.9606   32.4229   0.0605 
 23.  -2.1266   46.8443  -0.0454 
 24.   8.4700  194.3884   0.0436 
 25.   0.0358    9.9928   0.0036 
 26.   0.3871   53.8435   0.0072 
 27.   0.7890   18.8814   0.0418 
 28.   2.8655   86.7245   0.0330 
 29.  -0.1870    5.7730  -0.0324 
 30.  -0.0310    5.8727  -0.0053 
 31.   0.0610    6.2556   0.0098 
 32.   0.1340    6.4855   0.0207 
 33.   0.1940    5.7029   0.0340 
 34.   0.0490    5.1811   0.0095 
 35.  -0.1730    4.8453  -0.0357 
 36.   0.1680    5.1541   0.0326 
 37.   0.1030    4.6411   0.0222 
 38.   0.3410    6.9031   0.0494 
 39.   0.0090    5.1530   0.0017 
 40.   0.1130    6.4761   0.0174 
 41.  -0.1690    3.9978  -0.0423 
 42.   0.0940    3.9981   0.0235 
 43.  -0.4370    5.8122  -0.0752 
 44.   0.0860    4.2611   0.0202 
 45.   0.0130    4.1350   0.0031 
 46.   0.0860   24.1956   0.0036 
 47.   1.1129   95.5951   0.0116 
 48.  -3.5280  180.7641  -0.0195 
 49. -13.8440  480.1614  -0.0288 
 50.   0.1122   12.2683   0.0091 
 51.   0.0011    2.1703   0.0005 
 52.   0.0409    9.5400   0.0043 
 53. -29.1131  485.6130  -0.0600 
 54.  -0.0512    6.7029  -0.0076 
 55.   0.2505   15.4297   0.0162 
 56.   0.0249    0.5080   0.0490 

Good convergence is indicated by the t-ratios being close to zero.

Overall maximum convergence ratio =  0.4018 .



@2
Estimation Results.
-------------------

Regular end of estimation algorithm.
Total of 3333 iteration steps.


@3
Estimates and standard errors
                             
Network Dynamics
 1. rate:  constant dv.net rate (period 1)                         0.0464  (   0.0216)
 2. rate:  constant dv.net rate (period 2)                         0.1406  (   0.0354)
 3. rate:  constant dv.net rate (period 3)                         0.4317  (   0.0740)
 4. rate:  constant dv.net rate (period 4)                         0.3534  (   0.0550)
 5. rate:  constant dv.net rate (period 5)                         0.3167  (   0.0611)
 6. rate:  constant dv.net rate (period 6)                         0.3164  (   0.0593)
 7. rate:  constant dv.net rate (period 7)                         0.3968  (   0.0627)
 8. rate:  constant dv.net rate (period 8)                         0.3059  (   0.0546)
 9. rate:  constant dv.net rate (period 9)                         0.3267  (   0.0537)
10. rate:  constant dv.net rate (period 10)                        0.2666  (   0.0488)
11. rate:  constant dv.net rate (period 11)                        0.3252  (   0.0532)
12. rate:  constant dv.net rate (period 12)                        0.4374  (   0.0649)
13. rate:  constant dv.net rate (period 13)                        0.3511  (   0.0530)
14. rate:  constant dv.net rate (period 14)                        0.3166  (   0.0545)
15. rate:  constant dv.net rate (period 15)                        0.2872  (   0.0474)
16. rate:  constant dv.net rate (period 16)                        0.5143  (   0.0630)
17. rate:  constant dv.net rate (period 17)                        0.3402  (   0.0512)
18. eval:  degree (density)                                       -5.7415  (   0.2327)
19. eval:  transitive triads                                       0.1820  (   0.0582)
20. eval:  degree act+pop                                          0.0607  (   0.0059)
21. eval:  nets.lndistance_d                                      -0.9060  (   0.0764)
22. eval:  nets.ATOP_d                                             1.1452  (   0.1499)
23. eval:  nets.absidealdiff_d                                    -0.6444  (   0.0764)
24. eval:  nets.lntrade_d                                          0.0711  (   0.0326)
25. eval:  nets.NATO_d                                            -3.8052  (   0.4088)
26. eval:  milex.beh alter                                        -0.0653  (   0.0619)
27. eval:  beh.democracy_1 alter                                   1.6253  (   0.2794)
28. eval:  beh.lncinc_1 alter                                      0.8164  (   0.0719)
Behavior Dynamics

29. rate:  rate milex.beh (period 1)                               0.9336  (   0.1669)
30. rate:  rate milex.beh (period 2)                               1.3063  (   0.2683)
31. rate:  rate milex.beh (period 3)                               1.3443  (   0.2728)
32. rate:  rate milex.beh (period 4)                               1.1936  (   0.2372)
33. rate:  rate milex.beh (period 5)                               0.7053  (   0.1520)
34. rate:  rate milex.beh (period 6)                               0.5678  (   0.1128)
35. rate:  rate milex.beh (period 7)                               0.4768  (   0.1075)
36. rate:  rate milex.beh (period 8)                               0.5286  (   0.1087)
37. rate:  rate milex.beh (period 9)                               0.3787  (   0.0804)
38. rate:  rate milex.beh (period 10)                              1.7532  (   0.3495)
39. rate:  rate milex.beh (period 11)                              0.5886  (   0.1289)
40. rate:  rate milex.beh (period 12)                              1.3416  (   0.2762)
41. rate:  rate milex.beh (period 13)                              0.3263  (   0.0829)
42. rate:  rate milex.beh (period 14)                              0.3019  (   0.0757)
43. rate:  rate milex.beh (period 15)                              1.0883  (   0.1739)
44. rate:  rate milex.beh (period 16)                              0.4148  (   0.0949)
45. rate:  rate milex.beh (period 17)                              0.3588  (   0.0923)
46. eval:  milex.beh linear shape                                 -1.1911  (   0.0810)
47. eval:  milex.beh quadratic shape                              -0.0349  (   0.0255)
48. eval:  milex.beh degree                                        0.0937  (   0.0256)
49. eval:  milex.beh dense triads                                 -0.0240  (   0.0083)
50. eval:  milex.beh: effect from beh.democracy_1                 -0.4934  (   0.1431)
51. eval:  milex.beh: effect from beh.GDPgrowth_1                 -2.4079  (   0.9133)
52. eval:  milex.beh: effect from beh.nato_1                       0.9184  (   0.1778)
53. eval:  milex.beh: effect from beh.allies_1                    -0.0110  (   0.0038)
54. eval:  milex.beh: effect from beh.military_1                   0.2614  (   0.1962)
55. eval:  milex.beh: effect from beh.lnmids_1                     0.1496  (   0.0919)
56. eval:  milex.beh: effect from beh.milexSpLag_1                 7.8506  (   3.0079)


@3
Covariance matrices
                   
Covariance matrix of estimates (correlations below diagonal):
     0.000      0.000      0.000      0.000      0.000      0.000      0.000      0.000      0.000      0.000      0.000      0.000      0.000      0.000      0.000      0.000      0.000      0.000      0.000      0.000      0.000      0.000      0.000      0.000      0.001      0.000      0.000      0.000      0.000      0.000      0.000      0.000      0.000      0.000      0.000      0.000      0.000      0.000      0.000      0.000      0.000      0.000      0.000      0.000      0.000      0.000      0.000      0.000      0.000      0.000      0.000      0.000      0.000      0.000      0.000      0.000
     0.034      0.001      0.000      0.000      0.000      0.000      0.000      0.000      0.000      0.000      0.000      0.000      0.000      0.000      0.000      0.000      0.000     -0.001      0.000      0.000      0.000      0.000      0.000      0.000      0.000      0.000      0.000      0.000      0.000      0.000      0.000      0.000      0.000      0.000      0.000      0.000      0.000      0.000      0.000      0.000      0.000      0.000      0.000      0.000      0.000      0.000      0.000      0.000      0.000      0.000      0.000      0.000      0.000      0.000      0.000     -0.002
    -0.006     -0.004      0.005      0.000      0.000      0.000      0.000      0.000      0.000      0.000      0.000      0.000      0.000      0.000      0.000      0.000      0.000      0.000      0.000      0.000      0.000     -0.001      0.000      0.000      0.003      0.000     -0.002     -0.001      0.000     -0.001      0.001      0.000     -0.001      0.000      0.000      0.000      0.000     -0.001      0.000      0.000      0.000      0.000      0.000      0.000      0.000      0.000      0.000      0.000      0.000      0.000     -0.004      0.000      0.000      0.000      0.000      0.003
     0.005      0.041     -0.053      0.003      0.000      0.000      0.000      0.000      0.000      0.000      0.000      0.000      0.000      0.000      0.000      0.000      0.000     -0.002      0.000      0.000      0.000      0.000      0.000      0.000     -0.001      0.000      0.000      0.000      0.000      0.001      0.000     -0.002      0.000      0.000      0.000      0.000      0.000      0.001      0.000     -0.001      0.000      0.000      0.000      0.000      0.000      0.000      0.000      0.000      0.000      0.000      0.004      0.000      0.000      0.001      0.000      0.000
     0.050      0.027      0.061      0.089      0.004      0.000      0.000      0.000      0.000      0.000      0.000      0.000      0.000      0.000      0.000      0.000      0.000     -0.002      0.000      0.000      0.000      0.000      0.000      0.000      0.000      0.000     -0.001      0.000      0.000      0.000      0.001      0.000     -0.001      0.000      0.000      0.000      0.000      0.001      0.000      0.000      0.000      0.000      0.000      0.000      0.000      0.000      0.000      0.000      0.000      0.000     -0.003      0.000      0.000      0.000      0.000      0.005
     0.080     -0.024      0.012      0.009     -0.002      0.004      0.000      0.000      0.000      0.000      0.000      0.000      0.000      0.000      0.000      0.000      0.000      0.000      0.000      0.000      0.000     -0.001      0.000      0.000      0.000      0.000     -0.001     -0.001      0.000      0.000      0.000      0.000      0.000      0.000      0.000      0.000      0.000      0.001      0.000      0.000      0.000      0.000      0.000      0.000      0.000      0.000      0.000      0.000      0.000      0.000     -0.002     -0.001      0.000      0.001      0.000      0.001
    -0.046     -0.027      0.044     -0.055      0.035     -0.012      0.004      0.000      0.000      0.000      0.000      0.000      0.000      0.000      0.000      0.000      0.000      0.000      0.000      0.000      0.000      0.000      0.000      0.000      0.001      0.000     -0.001      0.000      0.000     -0.001      0.000      0.000      0.000      0.000      0.000      0.000      0.000     -0.001      0.000      0.000      0.000      0.000      0.000      0.000      0.000      0.000      0.000      0.000      0.000      0.000     -0.002      0.000      0.000      0.000      0.000      0.013
     0.039      0.010      0.072     -0.043      0.003      0.004      0.045      0.003      0.000      0.000      0.000      0.000      0.000      0.000      0.000      0.000      0.000      0.001      0.000      0.000      0.000      0.000      0.000      0.000      0.001      0.000     -0.001     -0.001      0.000      0.000      0.001      0.000      0.000      0.000      0.000      0.000      0.000      0.000      0.000      0.001      0.000      0.000      0.000      0.000      0.000      0.000      0.000      0.000      0.000      0.000     -0.002     -0.001      0.000      0.000      0.000      0.006
    -0.028      0.014      0.055      0.026      0.041     -0.013      0.000      0.046      0.003      0.000      0.000      0.000      0.000      0.000      0.000      0.000      0.000     -0.001      0.000      0.000      0.000      0.000      0.000      0.000      0.001      0.000     -0.001      0.000      0.000     -0.001      0.000      0.000      0.000      0.000      0.000      0.000      0.000      0.000      0.000      0.000      0.000      0.000      0.000      0.000      0.000      0.000      0.000      0.000      0.000      0.000      0.001      0.000      0.000      0.000      0.000     -0.004
    -0.002      0.006      0.051      0.026      0.014     -0.024      0.013     -0.007     -0.048      0.002      0.000      0.000      0.000      0.000      0.000      0.000      0.000     -0.001      0.000      0.000      0.000      0.000      0.000      0.000      0.001      0.000     -0.001      0.000      0.000      0.000      0.000     -0.001      0.000      0.000      0.000      0.000      0.000      0.000      0.000      0.000      0.000      0.000      0.000      0.000      0.000      0.000      0.000      0.000      0.000      0.000      0.001      0.000      0.000      0.001      0.000      0.013
     0.017     -0.002      0.029      0.015      0.042      0.040     -0.015      0.044      0.020      0.071      0.003      0.000      0.000      0.000      0.000      0.000      0.000      0.000      0.000      0.000      0.000      0.000      0.000      0.000      0.001      0.000      0.000      0.000      0.000      0.000      0.000      0.000      0.000      0.000      0.000      0.000      0.000      0.001      0.000      0.001      0.000      0.000      0.000      0.000      0.000      0.000      0.000      0.000      0.000      0.000      0.000      0.000      0.000      0.000      0.000     -0.004
     0.002      0.027      0.034      0.054      0.018      0.076      0.020      0.012     -0.006      0.048      0.026      0.004      0.000      0.000      0.000      0.000      0.000      0.000      0.000      0.000      0.000     -0.001      0.000      0.000      0.001      0.000      0.000     -0.001      0.000      0.000      0.000      0.000      0.000      0.000      0.000      0.000      0.000      0.000      0.000      0.002      0.000      0.000      0.000      0.000      0.000      0.000      0.000      0.000      0.000      0.000     -0.004      0.000      0.000     -0.001      0.000      0.007
    -0.004     -0.008     -0.023     -0.028     -0.008     -0.037     -0.004      0.012      0.009     -0.001      0.025      0.018      0.003      0.000      0.000      0.000      0.000      0.000      0.000      0.000      0.000      0.000      0.000      0.000      0.000      0.000      0.000      0.000      0.000      0.000      0.001      0.000      0.000      0.000      0.000      0.000      0.000      0.000      0.000      0.000      0.000      0.000      0.000      0.000      0.000      0.000      0.000      0.000      0.000      0.000     -0.003      0.000      0.000      0.000      0.000     -0.002
    -0.003      0.015      0.000     -0.017     -0.040      0.051      0.004     -0.013      0.010      0.026      0.002      0.047     -0.045      0.003      0.000      0.000      0.000     -0.001      0.000      0.000      0.000      0.000      0.000      0.000     -0.001      0.000      0.000      0.000      0.000      0.000      0.000      0.001      0.000      0.000      0.000      0.000      0.000      0.001      0.000      0.000      0.000      0.000      0.000      0.000      0.000      0.000      0.000      0.000      0.000      0.000     -0.001     -0.001      0.000      0.000      0.000     -0.001
     0.002     -0.003      0.045     -0.008      0.062     -0.002     -0.025      0.013     -0.010     -0.006     -0.012     -0.011      0.019      0.054      0.002      0.000      0.000     -0.001      0.000      0.000      0.000      0.000      0.000      0.000     -0.001      0.000      0.001      0.000      0.000      0.000      0.000      0.001      0.000      0.000      0.000      0.000      0.000      0.000      0.000      0.000      0.000      0.000      0.000      0.000      0.000      0.000      0.000      0.000      0.000      0.000     -0.001      0.000      0.000      0.000      0.000     -0.001
    -0.019      0.023      0.067      0.008      0.010      0.021      0.044     -0.012      0.002      0.028      0.042      0.015     -0.053      0.040      0.014      0.004      0.000      0.000      0.000      0.000      0.000      0.000      0.000      0.000      0.002      0.000     -0.001      0.000      0.000      0.000     -0.001     -0.002      0.000      0.000      0.000      0.000      0.000      0.001      0.000      0.001      0.000      0.000      0.000      0.000      0.000      0.000      0.000      0.000      0.000      0.000      0.000      0.000      0.000      0.000      0.000     -0.004
     0.018      0.007      0.021     -0.012      0.011     -0.039     -0.011     -0.016     -0.036     -0.037     -0.011     -0.012      0.036      0.026      0.009      0.008      0.003      0.000      0.000      0.000      0.000      0.000      0.000      0.000     -0.001      0.000     -0.001      0.000      0.000      0.000      0.000      0.000      0.000      0.000      0.000      0.000      0.000      0.001      0.000      0.000      0.000      0.000      0.000      0.000     -0.001      0.000      0.000      0.000      0.000      0.000      0.000      0.000      0.000      0.000      0.000     -0.003
    -0.043     -0.094     -0.016     -0.124     -0.106     -0.030     -0.026      0.049     -0.060     -0.075     -0.002      0.008     -0.034     -0.054     -0.107      0.032     -0.005      0.054     -0.004      0.000      0.007     -0.007      0.006      0.000      0.030      0.002     -0.021     -0.009     -0.001      0.001     -0.003      0.000      0.001      0.001      0.000      0.000      0.001     -0.004      0.001      0.001      0.000     -0.001      0.000      0.001      0.000      0.000      0.000      0.000      0.000      0.000      0.001      0.001      0.000      0.000      0.000     -0.014
    -0.045      0.004     -0.046     -0.013      0.007      0.010      0.025     -0.005     -0.029     -0.001     -0.039     -0.026      0.029      0.026      0.068     -0.070     -0.041     -0.267      0.003      0.000     -0.001      0.000     -0.001      0.000     -0.012      0.001      0.006      0.002      0.000      0.000      0.000      0.000      0.000      0.000      0.000      0.000      0.000      0.000      0.000      0.001      0.000      0.000      0.000      0.000      0.000      0.000      0.000      0.000      0.000      0.000      0.000      0.000      0.000      0.000      0.000      0.009
     0.077      0.064      0.130      0.111      0.123      0.086      0.006      0.008      0.048      0.082     -0.003      0.029     -0.058      0.024      0.004      0.055      0.010     -0.302     -0.532      0.000      0.000      0.000      0.000      0.000      0.000      0.000     -0.001      0.000      0.000      0.000      0.000      0.000      0.000      0.000      0.000      0.000      0.000      0.000      0.000      0.000      0.000      0.000      0.000      0.000      0.000      0.000      0.000      0.000      0.000      0.000      0.000      0.000      0.000      0.000      0.000      0.000
     0.009      0.042      0.073      0.035      0.082      0.054      0.030      0.089      0.005      0.026      0.066      0.067      0.004     -0.007     -0.092      0.064     -0.006      0.414     -0.173      0.063      0.006      0.002      0.001      0.001      0.006      0.000     -0.005     -0.003      0.000      0.000     -0.001     -0.001      0.000      0.000      0.000      0.000      0.000      0.000      0.000      0.000      0.000      0.000      0.000      0.000      0.000      0.000      0.000      0.000      0.000      0.000     -0.001      0.001      0.000      0.001      0.000      0.003
    -0.024      0.029     -0.052      0.019     -0.008     -0.106     -0.012     -0.029     -0.053     -0.010      0.008     -0.101     -0.019     -0.007     -0.014     -0.046     -0.029     -0.189      0.022     -0.049      0.158      0.022      0.002     -0.001     -0.008     -0.002      0.013      0.002      0.000     -0.001      0.000     -0.001     -0.001      0.001      0.000      0.000     -0.001      0.003     -0.001      0.000      0.000      0.000      0.002     -0.001      0.000      0.001      0.000      0.000      0.000      0.000      0.008      0.001      0.000      0.001      0.000      0.003
     0.016     -0.048      0.069      0.001     -0.049      0.030     -0.012      0.027     -0.030     -0.014     -0.035      0.020     -0.013      0.031     -0.001      0.003      0.004      0.340     -0.201     -0.011      0.088      0.136      0.006      0.000      0.008     -0.002     -0.006     -0.001      0.000     -0.001      0.000      0.001      0.000      0.000      0.000      0.000      0.000      0.000      0.000      0.000      0.000      0.000      0.000      0.000      0.000      0.000      0.000      0.000      0.000      0.000      0.001      0.000      0.000      0.000      0.000      0.002
     0.021      0.101      0.099      0.045      0.097      0.125      0.068      0.114      0.060      0.044      0.048      0.095     -0.002      0.047     -0.052      0.041     -0.016     -0.009     -0.115      0.233      0.421     -0.255     -0.112      0.001      0.000      0.000     -0.002     -0.001      0.000      0.000      0.000      0.000      0.000      0.000      0.000      0.000      0.000      0.000      0.000      0.000      0.000      0.000      0.000      0.000      0.000      0.000      0.000      0.000      0.000      0.000     -0.003      0.000      0.000      0.000      0.000      0.007
     0.060     -0.023      0.086     -0.027      0.011      0.008      0.047      0.048      0.047      0.040      0.046      0.026      0.009     -0.058     -0.040      0.067     -0.059      0.310     -0.492      0.094      0.191     -0.129      0.255     -0.022      0.167     -0.003     -0.040     -0.005     -0.001      0.000      0.001      0.002      0.000      0.000     -0.001     -0.001      0.002      0.001      0.004     -0.007      0.000      0.000     -0.001     -0.001      0.002     -0.002      0.000      0.000      0.000      0.001     -0.005      0.001      0.000      0.004      0.001      0.009
    -0.039     -0.001     -0.048     -0.104     -0.023      0.032     -0.001     -0.019      0.010     -0.091      0.029      0.024      0.047      0.005     -0.015      0.012      0.035      0.131      0.162     -0.203     -0.046     -0.223     -0.380      0.045     -0.136      0.004      0.004     -0.001      0.000      0.000     -0.001      0.001      0.000      0.000      0.000      0.000      0.000      0.000      0.000      0.000      0.000      0.000      0.000      0.000      0.000      0.000      0.000      0.000      0.000      0.000     -0.003      0.000      0.000      0.000      0.000     -0.009
    -0.035      0.016     -0.111     -0.031     -0.054     -0.037     -0.045     -0.047     -0.070     -0.058     -0.018     -0.020     -0.016     -0.026      0.046     -0.076     -0.038     -0.327      0.361     -0.369     -0.237      0.301     -0.270     -0.171     -0.353      0.216      0.078      0.005      0.001      0.005     -0.001      0.002      0.001      0.001     -0.002      0.001     -0.001      0.004      0.000     -0.001      0.001      0.002      0.002     -0.002      0.001      0.001      0.000      0.000      0.000     -0.001      0.007      0.001      0.000      0.000      0.000      0.002
    -0.023     -0.051     -0.141     -0.013     -0.049     -0.123     -0.026     -0.131     -0.022     -0.009     -0.036     -0.115      0.028     -0.042      0.032     -0.077      0.021     -0.524      0.363     -0.295     -0.571      0.187     -0.260     -0.575     -0.178     -0.121      0.268      0.005      0.000      0.000      0.001      0.000      0.000      0.000      0.000      0.000     -0.001      0.001      0.000      0.000      0.000      0.000      0.000      0.000      0.000      0.000      0.000      0.000      0.000      0.000      0.004      0.000      0.000      0.001      0.000     -0.006
    -0.018      0.012     -0.008     -0.038     -0.003      0.014      0.046      0.027     -0.031     -0.012      0.008      0.011     -0.018      0.013      0.027      0.006     -0.048     -0.034     -0.022      0.028      0.006      0.016      0.000     -0.012     -0.010     -0.035      0.019      0.024      0.028      0.002      0.000     -0.002      0.000      0.001      0.000      0.001      0.000      0.000      0.000      0.000      0.000      0.000      0.001      0.000      0.000      0.000      0.000      0.000      0.000      0.003      0.002     -0.003      0.000     -0.001      0.000      0.034
    -0.007     -0.019     -0.038      0.055      0.013     -0.020     -0.070     -0.012     -0.036     -0.002      0.004      0.015      0.017      0.001      0.013      0.015      0.012      0.022     -0.010     -0.037     -0.008     -0.017     -0.029     -0.030      0.001      0.006      0.061      0.013      0.041      0.072      0.002     -0.001      0.002      0.001      0.001      0.000     -0.001      0.003      0.001     -0.001     -0.001      0.000      0.002      0.000     -0.001      0.001      0.001     -0.001      0.000      0.004      0.006     -0.002      0.000      0.002     -0.001      0.043
    -0.007      0.008      0.050     -0.009      0.045      0.012      0.020      0.052      0.033     -0.004     -0.029     -0.019      0.043      0.001     -0.010     -0.050      0.009     -0.045     -0.018      0.045     -0.030      0.011      0.021     -0.036      0.005     -0.061     -0.015      0.031      0.005      0.028      0.074      0.001      0.001      0.000      0.000      0.001     -0.001      0.003      0.000     -0.001      0.000      0.000      0.002      0.000      0.000      0.001      0.001      0.000      0.000      0.002      0.015     -0.003      0.000     -0.003      0.000      0.024
    -0.057      0.041     -0.028     -0.118     -0.002     -0.015      0.012      0.020      0.016     -0.063     -0.032      0.006     -0.034      0.075      0.075     -0.138      0.024      0.007      0.028     -0.054     -0.041     -0.023      0.034      0.008      0.023      0.036      0.036      0.012     -0.052     -0.011      0.017      0.056      0.001      0.002     -0.001      0.000      0.000      0.000      0.001     -0.002      0.000      0.001      0.001      0.001      0.000      0.000      0.001      0.000      0.000     -0.003      0.027      0.002      0.000     -0.006      0.000     -0.014
    -0.034      0.001     -0.061      0.039     -0.117      0.032      0.001     -0.014     -0.007     -0.035     -0.044      0.026     -0.027     -0.019     -0.002     -0.012      0.018      0.025      0.006     -0.073     -0.005     -0.027      0.014      0.022      0.001      0.031      0.035      0.000      0.006      0.054      0.030      0.040      0.023      0.000      0.000      0.000      0.000     -0.002      0.001      0.001      0.000      0.000      0.000      0.000      0.000      0.000      0.001      0.000      0.000      0.000      0.003      0.001      0.000      0.000      0.000      0.002
    -0.041      0.033     -0.029      0.012      0.007      0.019     -0.035     -0.052     -0.032      0.015      0.002      0.010      0.025      0.019      0.005     -0.024     -0.061      0.048     -0.006      0.010      0.011      0.031      0.034     -0.006     -0.008      0.048      0.043     -0.035      0.056      0.039      0.005      0.063      0.022      0.013      0.000      0.000      0.000      0.000      0.001     -0.001      0.000      0.000      0.001      0.001      0.000     -0.001      0.000      0.000      0.000      0.000      0.000      0.001      0.000     -0.002     -0.001      0.005
    -0.030     -0.001      0.027      0.028      0.017     -0.032      0.036     -0.038     -0.023      0.017     -0.019      0.035      0.054      0.004      0.007     -0.037      0.023     -0.009     -0.035      0.071      0.036     -0.004     -0.012      0.042     -0.030      0.047     -0.059     -0.044      0.025      0.045      0.015     -0.024     -0.027      0.038      0.012      0.000      0.000      0.000      0.001      0.001      0.000      0.000      0.001      0.001     -0.001      0.000      0.000      0.000      0.000      0.000      0.001      0.001      0.000      0.000      0.000     -0.005
    -0.010     -0.016     -0.032     -0.037      0.010      0.007     -0.008      0.070      0.015     -0.021     -0.020     -0.053      0.008     -0.002     -0.011     -0.039      0.019     -0.009      0.054     -0.036     -0.039     -0.005     -0.052     -0.007     -0.032      0.065      0.041      0.043      0.063      0.003      0.019      0.018     -0.014      0.033      0.009      0.012      0.000      0.000      0.000     -0.001      0.000      0.000      0.000      0.000      0.000      0.000      0.000      0.000      0.000      0.000     -0.001      0.000      0.000      0.000      0.001     -0.013
    -0.057     -0.019      0.023      0.004      0.005     -0.010      0.030      0.015      0.042     -0.066      0.003      0.053     -0.022     -0.018      0.000     -0.007     -0.071      0.063     -0.031      0.035      0.056     -0.058      0.002      0.040      0.075      0.034     -0.047     -0.092     -0.012     -0.036     -0.026     -0.024     -0.010     -0.006      0.030      0.002      0.006      0.001      0.000      0.000      0.000      0.000      0.000      0.000      0.000     -0.001      0.000      0.000      0.000      0.000      0.001      0.000      0.000      0.000      0.000      0.008
    -0.016      0.009     -0.027      0.052      0.038      0.054     -0.058     -0.021     -0.011      0.021      0.044     -0.003      0.005      0.054     -0.024      0.065      0.039     -0.043     -0.015      0.053      0.010      0.055      0.001     -0.015      0.005     -0.018      0.042      0.021     -0.006      0.027      0.034      0.006     -0.030      0.005      0.013     -0.001      0.035      0.122     -0.001     -0.002     -0.001      0.001      0.002     -0.001     -0.001      0.001      0.001      0.000      0.000     -0.002      0.028     -0.004      0.000     -0.002      0.000     -0.009
     0.013      0.017     -0.013      0.035      0.007     -0.031     -0.002      0.017     -0.045     -0.012      0.028      0.019     -0.033     -0.040     -0.002     -0.002     -0.028      0.029     -0.006     -0.045     -0.032     -0.039     -0.003     -0.018      0.071      0.013      0.013      0.023      0.015      0.030      0.013      0.027      0.042      0.045      0.043      0.022     -0.021     -0.013      0.017      0.000      0.000      0.000      0.000      0.000      0.000      0.000      0.000      0.000      0.000      0.000      0.009      0.000      0.000     -0.001      0.000     -0.011
    -0.044      0.008      0.002     -0.074     -0.018      0.021      0.016      0.053      0.013      0.022      0.046      0.124     -0.001     -0.021      0.035      0.040      0.017      0.015      0.079     -0.045      0.014     -0.003      0.016     -0.032     -0.063      0.000     -0.010      0.000      0.010     -0.020     -0.018     -0.025      0.016     -0.043      0.027     -0.028      0.010     -0.023      0.010      0.076      0.000      0.000      0.001      0.001      0.000      0.000      0.000      0.000      0.000     -0.003     -0.005     -0.002      0.000     -0.001     -0.002      0.015
     0.042      0.031      0.023      0.031      0.004     -0.026     -0.011     -0.007      0.018      0.041      0.040      0.062     -0.054     -0.047     -0.023     -0.038     -0.002     -0.005     -0.037      0.008     -0.015     -0.005     -0.026      0.011      0.002      0.002      0.037     -0.028      0.000     -0.025     -0.013      0.009      0.010     -0.041      0.049     -0.050      0.007     -0.034      0.042     -0.019      0.007      0.000     -0.001      0.000      0.000      0.000      0.000      0.000      0.000     -0.001      0.002      0.000      0.000      0.000      0.000      0.005
    -0.041     -0.016     -0.039     -0.015     -0.008     -0.001      0.006     -0.026     -0.023      0.039     -0.021     -0.003     -0.079     -0.078      0.079      0.041     -0.030     -0.040     -0.002     -0.017     -0.057      0.023      0.008     -0.024     -0.015     -0.008      0.072      0.037      0.018      0.022      0.009      0.038      0.011     -0.003     -0.008      0.036      0.057      0.044      0.010      0.013     -0.015      0.006      0.000      0.000      0.000      0.000      0.000      0.000      0.000      0.000      0.001      0.001      0.000      0.000      0.000     -0.010
    -0.061      0.035     -0.031     -0.020      0.034      0.003      0.004      0.021      0.020     -0.012     -0.032      0.013      0.042      0.053     -0.016     -0.001     -0.014      0.008     -0.014     -0.027      0.021      0.058      0.003     -0.003     -0.009      0.025      0.051     -0.031      0.026      0.049      0.035      0.025      0.003      0.030      0.037     -0.013      0.007      0.032     -0.001      0.021     -0.053      0.029      0.030      0.000      0.000      0.000      0.000      0.000      0.000      0.000      0.000     -0.001      0.000     -0.002     -0.001      0.000
    -0.032     -0.044      0.019      0.014      0.018     -0.025      0.030     -0.029     -0.012      0.006      0.035      0.066      0.017      0.048     -0.031     -0.034      0.035      0.059     -0.021      0.052      0.000     -0.043      0.049     -0.020     -0.014     -0.016     -0.091     -0.043      0.020     -0.018     -0.001      0.050     -0.001      0.053      0.059      0.035     -0.028     -0.030     -0.022      0.036      0.029     -0.041      0.002      0.009      0.000      0.000      0.000      0.000      0.000      0.000     -0.003      0.001      0.000      0.000      0.000      0.010
     0.028      0.018      0.016     -0.037     -0.024     -0.009      0.038     -0.050      0.003     -0.025     -0.045     -0.037      0.017     -0.001      0.023     -0.012     -0.111      0.006     -0.011      0.006      0.021     -0.013     -0.043      0.073      0.051      0.028      0.021     -0.055      0.013     -0.026      0.008     -0.010     -0.007     -0.001     -0.066     -0.017     -0.019     -0.037      0.013     -0.012     -0.057     -0.033     -0.011     -0.023      0.009      0.000      0.000      0.000      0.000      0.000     -0.007      0.001      0.000      0.000      0.000      0.010
     0.034     -0.023     -0.029     -0.005     -0.071     -0.049     -0.037     -0.008     -0.029     -0.031     -0.058     -0.004     -0.028     -0.009     -0.051     -0.039     -0.021     -0.007      0.070     -0.039     -0.026      0.046      0.032     -0.057     -0.046     -0.036      0.035      0.042     -0.003      0.026      0.067      0.014     -0.012     -0.055     -0.049      0.005     -0.093      0.024     -0.018      0.020     -0.053     -0.041     -0.006     -0.063     -0.033      0.007      0.000     -0.001      0.000      0.002      0.015     -0.003      0.000     -0.001      0.001     -0.039
    -0.048      0.060     -0.107      0.033     -0.005     -0.005     -0.040      0.036      0.025      0.003     -0.026     -0.001      0.009     -0.026      0.047     -0.024      0.044      0.012     -0.007     -0.001     -0.036     -0.041      0.012     -0.039     -0.001      0.039      0.038     -0.011      0.103      0.170      0.084      0.124      0.160      0.110      0.046     -0.014     -0.032      0.087      0.119      0.006      0.003      0.028      0.106      0.048     -0.025     -0.051      0.001      0.000      0.000      0.001      0.005      0.000      0.000     -0.001     -0.001     -0.022
    -0.006      0.012      0.034     -0.036      0.037      0.039      0.025     -0.012     -0.006      0.020      0.053      0.018     -0.014      0.022      0.015      0.056     -0.044     -0.014     -0.076      0.031      0.015      0.003     -0.023      0.035      0.004      0.014     -0.033      0.003     -0.063     -0.077     -0.067     -0.076     -0.083     -0.004     -0.022     -0.051      0.077      0.046     -0.025      0.041      0.049      0.010      0.010      0.025      0.015     -0.571     -0.204      0.001      0.000     -0.001     -0.002      0.000      0.000      0.000     -0.001      0.007
     0.000     -0.004     -0.031      0.038     -0.026     -0.027     -0.012      0.016     -0.002     -0.014     -0.045     -0.018      0.036     -0.007      0.013     -0.055      0.040     -0.026      0.093     -0.039     -0.013     -0.006     -0.012     -0.002     -0.019     -0.003      0.055      0.012      0.078      0.059      0.047      0.080      0.058     -0.008      0.006      0.050     -0.091     -0.088      0.008     -0.041     -0.044      0.002     -0.014     -0.055     -0.002      0.398      0.170     -0.905      0.000      0.000      0.000      0.000      0.000      0.000      0.000     -0.001
     0.034      0.032      0.013      0.017     -0.014     -0.009      0.011      0.018     -0.014     -0.007     -0.013     -0.023      0.013     -0.040      0.000      0.022      0.008     -0.004     -0.020      0.017     -0.019      0.021      0.014     -0.030      0.009      0.002     -0.026     -0.003      0.127      0.096      0.059     -0.092     -0.009     -0.029     -0.010      0.010     -0.020     -0.039     -0.004     -0.072     -0.064     -0.028     -0.010     -0.023     -0.017      0.212      0.166     -0.191      0.173      0.020      0.006     -0.010      0.000      0.004      0.001      0.054
     0.021      0.006     -0.064      0.073     -0.060     -0.040     -0.029     -0.049      0.027      0.015      0.008     -0.060     -0.061     -0.018     -0.016     -0.004     -0.002      0.005      0.009     -0.049     -0.015      0.059      0.008     -0.096     -0.014     -0.061      0.028      0.058      0.016      0.024      0.061      0.125      0.021      0.000      0.010     -0.011      0.010      0.087      0.076     -0.019      0.033      0.010      0.001     -0.034     -0.078      0.198      0.230     -0.103      0.045      0.042      0.834     -0.001      0.000     -0.004      0.001     -0.450
    -0.032     -0.002      0.012      0.021     -0.020     -0.062      0.001     -0.062      0.022      0.045     -0.009     -0.030      0.004     -0.053     -0.034     -0.016      0.014      0.023      0.033     -0.057      0.040      0.027     -0.006      0.010      0.014      0.010      0.018      0.014     -0.104     -0.048     -0.057      0.039      0.049      0.035      0.060      0.001     -0.011     -0.067     -0.008     -0.031      0.012      0.051     -0.018      0.062      0.063     -0.183     -0.030     -0.091      0.031     -0.399     -0.003      0.032      0.000      0.000     -0.002     -0.014
     0.012     -0.035     -0.012      0.000     -0.014      0.017     -0.029      0.012      0.055     -0.009     -0.069     -0.008     -0.034      0.001     -0.018     -0.023     -0.005      0.048     -0.034      0.053     -0.002     -0.045      0.062      0.023      0.011     -0.038     -0.022     -0.066      0.015      0.025      0.067      0.047      0.055      0.015     -0.026     -0.020     -0.028      0.020      0.013      0.025     -0.004     -0.040      0.025     -0.066     -0.044      0.417      0.051     -0.389      0.250     -0.074      0.073     -0.332      0.000      0.000      0.000      0.000
    -0.007     -0.030      0.032      0.067      0.014      0.052      0.004     -0.010     -0.005      0.083      0.023     -0.055      0.018     -0.043     -0.012      0.029     -0.042      0.004      0.001     -0.020      0.041      0.046     -0.002     -0.058      0.056      0.015     -0.005      0.042     -0.015      0.041     -0.059     -0.121      0.012     -0.071     -0.023      0.020      0.009     -0.033     -0.036     -0.023     -0.026     -0.028     -0.057     -0.025      0.006     -0.084     -0.105      0.000      0.047      0.143     -0.021     -0.002      0.004      0.038      0.000      0.049
     0.052     -0.019      0.037     -0.017      0.049      0.016     -0.003      0.044     -0.001     -0.077      0.046     -0.022     -0.001      0.058      0.005     -0.046      0.011     -0.012      0.007      0.010     -0.017     -0.006      0.003     -0.009      0.016     -0.009     -0.004     -0.002     -0.010     -0.030      0.001      0.006     -0.012     -0.070      0.028      0.062      0.046      0.000     -0.021     -0.061     -0.023      0.017     -0.038     -0.024     -0.028      0.119     -0.223     -0.248      0.192      0.072      0.012     -0.139      0.058      0.001      0.008     -0.022
     0.003     -0.015      0.013     -0.002      0.028      0.005      0.069      0.038     -0.024      0.086     -0.028      0.038     -0.012     -0.007     -0.010     -0.024     -0.020     -0.020      0.052     -0.011      0.013      0.007      0.009      0.067      0.008     -0.047      0.002     -0.027      0.068      0.054      0.030     -0.019      0.005      0.015     -0.015     -0.041      0.032     -0.009     -0.028      0.018      0.022     -0.044      0.000      0.036      0.035     -0.161     -0.289      0.096     -0.049      0.125     -0.164     -0.025     -0.031      0.083     -0.078      9.047

Derivative matrix of expected statistics X by parameters and
covariance/correlation matrix of X can be found using
summary(ans) within R, or by using the 'verbose' option in Siena07.
 
Total computation time 1276.25 seconds.
