

-----------------------------------
New Analysis started.
Date and time: 20/09/2026 23:05:18
New results follow.
-----------------------------------

RSiena version 1.3.10 (28 Apr 22)


@1
Estimation by stochastic approximation algorithm.
=================================================

Current random number seed is 12347.
Effects object used: effs 
Model Type:
 Initiative model
Behavioral Model Type:
 Standard behavior actor-oriented model ('restrict')
Estimation method: unconditional moment estimation
.

Time duration for simulations in each period is 1.0.
Changing composition.
Joiners/leavers option: 1
Standard errors are estimated with the likelihood ratio method.
Dolby method (regression on scores) is used.
Initial value of gain parameter is  0.2000000.
Reduction factor for gain parameter is  0.5000000.
Number of subphases in Phase 2 is 3.

Initial parameter values are 
  1. rate:  constant dv.net rate (period 1)                 0.0479
  2. rate:  constant dv.net rate (period 2)                 0.1413
  3. rate:  constant dv.net rate (period 3)                 0.4324
  4. rate:  constant dv.net rate (period 4)                 0.3507
  5. rate:  constant dv.net rate (period 5)                 0.3236
  6. rate:  constant dv.net rate (period 6)                 0.3205
  7. rate:  constant dv.net rate (period 7)                 0.3988
  8. rate:  constant dv.net rate (period 8)                 0.3092
  9. rate:  constant dv.net rate (period 9)                 0.3248
 10. rate:  constant dv.net rate (period 10)                0.2745
 11. rate:  constant dv.net rate (period 11)                0.3207
 12. rate:  constant dv.net rate (period 12)                0.4423
 13. rate:  constant dv.net rate (period 13)                0.3512
 14. rate:  constant dv.net rate (period 14)                0.3219
 15. rate:  constant dv.net rate (period 15)                0.2876
 16. rate:  constant dv.net rate (period 16)                0.5098
 17. rate:  constant dv.net rate (period 17)                0.3383
 18. eval:  degree (density)                               -5.7544
 19. eval:  transitive triads                               0.1803
 20. eval:  degree act+pop                                  0.0608
 21. eval:  nets.lndistance_d                              -0.9063
 22. eval:  nets.ATOP_d                                     1.1436
 23. eval:  nets.absidealdiff_d                            -0.6421
 24. eval:  nets.lntrade_d                                  0.0706
 25. eval:  nets.NATO_d                                    -3.7719
 26. eval:  milex.beh alter                                -0.0661
 27. eval:  beh.democracy_1 alter                           1.6161
 28. eval:  beh.lncinc_1 alter                              0.8177
 29. rate:  rate milex.beh (period 1)                       0.9340
 30. rate:  rate milex.beh (period 2)                       1.3133
 31. rate:  rate milex.beh (period 3)                       1.3496
 32. rate:  rate milex.beh (period 4)                       1.1841
 33. rate:  rate milex.beh (period 5)                       0.7010
 34. rate:  rate milex.beh (period 6)                       0.5673
 35. rate:  rate milex.beh (period 7)                       0.4763
 36. rate:  rate milex.beh (period 8)                       0.5275
 37. rate:  rate milex.beh (period 9)                       0.3762
 38. rate:  rate milex.beh (period 10)                      1.7538
 39. rate:  rate milex.beh (period 11)                      0.5902
 40. rate:  rate milex.beh (period 12)                      1.3438
 41. rate:  rate milex.beh (period 13)                      0.3270
 42. rate:  rate milex.beh (period 14)                      0.2989
 43. rate:  rate milex.beh (period 15)                      1.0941
 44. rate:  rate milex.beh (period 16)                      0.4204
 45. rate:  rate milex.beh (period 17)                      0.3635
 46. eval:  milex.beh linear shape                         -1.1892
 47. eval:  milex.beh quadratic shape                      -0.0352
 48. eval:  milex.beh degree                                0.0932
 49. eval:  milex.beh dense triads                         -0.0239
 50. eval:  milex.beh: effect from beh.democracy_1         -0.4962
 51. eval:  milex.beh: effect from beh.GDPgrowth_1         -2.4403
 52. eval:  milex.beh: effect from beh.nato_1               0.9209
 53. eval:  milex.beh: effect from beh.allies_1            -0.0110
 54. eval:  milex.beh: effect from beh.military_1           0.2633
 55. eval:  milex.beh: effect from beh.lnmids_1             0.1499
 56. eval:  milex.beh: effect from beh.milexSpLag_1         7.8081


Observed values of target statistics are
  1. Amount of network change in period 1                                10.0000
  2. Amount of network change in period 2                                34.0000
  3. Amount of network change in period 3                                86.0000
  4. Amount of network change in period 4                                94.0000
  5. Amount of network change in period 5                                76.0000
  6. Amount of network change in period 6                                76.0000
  7. Amount of network change in period 7                                94.0000
  8. Amount of network change in period 8                                78.0000
  9. Amount of network change in period 9                                84.0000
 10. Amount of network change in period 10                               72.0000
 11. Amount of network change in period 11                               84.0000
 12. Amount of network change in period 12                              114.0000
 13. Amount of network change in period 13                               94.0000
 14. Amount of network change in period 14                               88.0000
 15. Amount of network change in period 15                               80.0000
 16. Amount of network change in period 16                              138.0000
 17. Amount of network change in period 17                               96.0000
 18. Number of edges                                                   4749.0000
 19. Number of transitive triads                                       6550.0000
 20. Sum of squared degrees                                            295492.0000
 21. Sum of ties x nets.lndistance_d                                   -9747.6740
 22. Sum of ties x nets.ATOP_d                                         5448.6151
 23. Sum of ties x nets.absidealdiff_d                                 -2610.8800
 24. Sum of ties x nets.lntrade_d                                      33846.3182
 25. Sum of ties x nets.NATO_d                                         1074.4417
 26. Sum of degrees x milex.beh                                        -147.2762
 27. Sum of degrees x beh.democracy_1                                  2684.2037
 28. Sum of degrees x beh.lncinc_1                                     11911.5952
 29. Amount of behavioral change in period 1 on milex.beh                41.0000
 30. Amount of behavioral change in period 2 on milex.beh                50.0000
 31. Amount of behavioral change in period 3 on milex.beh                57.0000
 32. Amount of behavioral change in period 4 on milex.beh                52.0000
 33. Amount of behavioral change in period 5 on milex.beh                37.0000
 34. Amount of behavioral change in period 6 on milex.beh                32.0000
 35. Amount of behavioral change in period 7 on milex.beh                28.0000
 36. Amount of behavioral change in period 8 on milex.beh                31.0000
 37. Amount of behavioral change in period 9 on milex.beh                24.0000
 38. Amount of behavioral change in period 10 on milex.beh               71.0000
 39. Amount of behavioral change in period 11 on milex.beh               34.0000
 40. Amount of behavioral change in period 12 on milex.beh               55.0000
 41. Amount of behavioral change in period 13 on milex.beh               18.0000
 42. Amount of behavioral change in period 14 on milex.beh               17.0000
 43. Amount of behavioral change in period 15 on milex.beh               48.0000
 44. Amount of behavioral change in period 16 on milex.beh               20.0000
 45. Amount of behavioral change in period 17 on milex.beh               18.0000
 46. milex.beh centered sum                                             -67.9151
 47. milex.beh sum of cent. squares                                    5722.2550
 48. milex.beh outdegrees                                              -256.4846
 49. milex.beh dense triads                                            -2686.3147
 50. milex.beh x beh.democracy_1                                       -381.2796
 51. milex.beh x beh.GDPgrowth_1                                          0.3065
 52. milex.beh x beh.nato_1                                              47.2347
 53. milex.beh x beh.allies_1                                          -4376.9242
 54. milex.beh x beh.military_1                                         126.7983
 55. milex.beh x beh.lnmids_1                                           566.8675
 56. milex.beh x beh.milexSpLag_1                                        23.5793

 56 parameters, 56 statistics

Estimation of derivatives by the LR method (type 1).


@2
End of stochastic approximation algorithm, phase 3.
---------------------------------------------------

Total of 3158 iterations.
Parameter estimates based on 2158 iterations,
convergence diagnostics, covariance and derivative matrices based on 1000 iterations.

Information for convergence diagnosis.
Averages, standard deviations, and t-ratios for deviations from targets:
  1.   0.0700    4.4329   0.0158 
  2.  -0.0320    8.4512  -0.0038 
  3.   0.0240   12.6798   0.0019 
  4.   0.8380   14.2947   0.0586 
  5.  -0.6720   11.9470  -0.0562 
  6.   0.3080   11.5730   0.0266 
  7.  -0.2140   12.9981  -0.0165 
  8.   0.3520   12.5163   0.0281 
  9.  -0.0360   12.6021  -0.0029 
 10.   0.4060   12.3952   0.0328 
 11.   0.0200   12.6867   0.0016 
 12.   0.1980   14.6056   0.0136 
 13.   0.4180   13.6552   0.0306 
 14.   0.4880   13.0848   0.0373 
 15.   0.1480   12.3785   0.0120 
 16.  -0.3280   15.9851  -0.0205 
 17.  -0.3180   13.6403  -0.0233 
 18.   0.3090   25.6955   0.0120 
 19.   2.5230   86.5968   0.0291 
 20.  30.8600 2585.1331   0.0119 
 21.   0.3646   64.4479   0.0057 
 22.   0.6874   32.9610   0.0209 
 23.  -0.4917   44.9231  -0.0109 
 24.  -3.7410  192.2312  -0.0195 
 25.  -0.1735    9.9995  -0.0174 
 26.   0.2641   54.3783   0.0049 
 27.   0.0155   18.3453   0.0008 
 28.  -1.5334   83.3181  -0.0184 
 29.   0.0390    5.7299   0.0068 
 30.  -0.0120    6.0792  -0.0020 
 31.  -0.1750    6.5719  -0.0266 
 32.   0.1770    6.2462   0.0283 
 33.   0.0070    5.6966   0.0012 
 34.  -0.1780    5.3219  -0.0334 
 35.  -0.0440    4.9583  -0.0089 
 36.   0.2150    5.1236   0.0420 
 37.  -0.0270    4.6123  -0.0059 
 38.  -0.2420    7.0756  -0.0342 
 39.   0.4890    5.3245   0.0918 
 40.   0.0320    6.3235   0.0051 
 41.   0.3730    3.9935   0.0934 
 42.   0.0110    3.9154   0.0028 
 43.   0.0960    6.0913   0.0158 
 44.  -0.1810    4.1871  -0.0432 
 45.  -0.0020    4.0002  -0.0005 
 46.  -1.2540   25.4412  -0.0493 
 47.  -0.5174   94.6478  -0.0055 
 48.  -7.2710  177.6341  -0.0409 
 49. -14.7200  460.8621  -0.0319 
 50.  -0.2754   12.1290  -0.0227 
 51.  -0.0624    2.1016  -0.0297 
 52.  -0.3617    9.3260  -0.0388 
 53. -14.6317  479.2095  -0.0305 
 54.   0.2385    6.6371   0.0359 
 55.  -0.2896   16.0192  -0.0181 
 56.   0.0024    0.4983   0.0049 

Good convergence is indicated by the t-ratios being close to zero.

Overall maximum convergence ratio =  0.2308 .



@2
Estimation Results.
-------------------

Regular end of estimation algorithm.
Total of 3158 iteration steps.


@3
Estimates and standard errors
                             
Network Dynamics
 1. rate:  constant dv.net rate (period 1)                         0.0483  (   0.0228)
 2. rate:  constant dv.net rate (period 2)                         0.1405  (   0.0341)
 3. rate:  constant dv.net rate (period 3)                         0.4344  (   0.0800)
 4. rate:  constant dv.net rate (period 4)                         0.3508  (   0.0508)
 5. rate:  constant dv.net rate (period 5)                         0.3225  (   0.0592)
 6. rate:  constant dv.net rate (period 6)                         0.3198  (   0.0574)
 7. rate:  constant dv.net rate (period 7)                         0.3968  (   0.0691)
 8. rate:  constant dv.net rate (period 8)                         0.3091  (   0.0523)
 9. rate:  constant dv.net rate (period 9)                         0.3265  (   0.0549)
10. rate:  constant dv.net rate (period 10)                        0.2752  (   0.0442)
11. rate:  constant dv.net rate (period 11)                        0.3212  (   0.0532)
12. rate:  constant dv.net rate (period 12)                        0.4431  (   0.0631)
13. rate:  constant dv.net rate (period 13)                        0.3516  (   0.0529)
14. rate:  constant dv.net rate (period 14)                        0.3224  (   0.0502)
15. rate:  constant dv.net rate (period 15)                        0.2868  (   0.0469)
16. rate:  constant dv.net rate (period 16)                        0.5109  (   0.0668)
17. rate:  constant dv.net rate (period 17)                        0.3382  (   0.0503)
18. eval:  degree (density)                                       -5.7528  (   0.2491)
19. eval:  transitive triads                                       0.1835  (   0.0609)
20. eval:  degree act+pop                                          0.0608  (   0.0055)
21. eval:  nets.lndistance_d                                      -0.9057  (   0.0740)
22. eval:  nets.ATOP_d                                             1.1441  (   0.1473)
23. eval:  nets.absidealdiff_d                                    -0.6426  (   0.0757)
24. eval:  nets.lntrade_d                                          0.0709  (   0.0322)
25. eval:  nets.NATO_d                                            -3.7986  (   0.4318)
26. eval:  milex.beh alter                                        -0.0658  (   0.0601)
27. eval:  beh.democracy_1 alter                                   1.6171  (   0.2678)
28. eval:  beh.lncinc_1 alter                                      0.8162  (   0.0720)
Behavior Dynamics

29. rate:  rate milex.beh (period 1)                               0.9369  (   0.1682)
30. rate:  rate milex.beh (period 2)                               1.2982  (   0.2418)
31. rate:  rate milex.beh (period 3)                               1.3516  (   0.2370)
32. rate:  rate milex.beh (period 4)                               1.1910  (   0.2133)
33. rate:  rate milex.beh (period 5)                               0.6945  (   0.1342)
34. rate:  rate milex.beh (period 6)                               0.5658  (   0.1139)
35. rate:  rate milex.beh (period 7)                               0.4756  (   0.1030)
36. rate:  rate milex.beh (period 8)                               0.5270  (   0.1034)
37. rate:  rate milex.beh (period 9)                               0.3748  (   0.0934)
38. rate:  rate milex.beh (period 10)                              1.7435  (   0.3051)
39. rate:  rate milex.beh (period 11)                              0.5964  (   0.1113)
40. rate:  rate milex.beh (period 12)                              1.3454  (   0.2511)
41. rate:  rate milex.beh (period 13)                              0.3299  (   0.0859)
42. rate:  rate milex.beh (period 14)                              0.3028  (   0.0754)
43. rate:  rate milex.beh (period 15)                              1.0885  (   0.1969)
44. rate:  rate milex.beh (period 16)                              0.4164  (   0.0988)
45. rate:  rate milex.beh (period 17)                              0.3584  (   0.0918)
46. eval:  milex.beh linear shape                                 -1.1881  (   0.0790)
47. eval:  milex.beh quadratic shape                              -0.0355  (   0.0252)
48. eval:  milex.beh degree                                        0.0937  (   0.0260)
49. eval:  milex.beh dense triads                                 -0.0240  (   0.0085)
50. eval:  milex.beh: effect from beh.democracy_1                 -0.4893  (   0.1395)
51. eval:  milex.beh: effect from beh.GDPgrowth_1                 -2.4316  (   0.9240)
52. eval:  milex.beh: effect from beh.nato_1                       0.9105  (   0.1740)
53. eval:  milex.beh: effect from beh.allies_1                    -0.0110  (   0.0036)
54. eval:  milex.beh: effect from beh.military_1                   0.2648  (   0.1962)
55. eval:  milex.beh: effect from beh.lnmids_1                     0.1513  (   0.0953)
56. eval:  milex.beh: effect from beh.milexSpLag_1                 7.7627  (   2.9317)


@3
Covariance matrices
                   
Covariance matrix of estimates (correlations below diagonal):
     0.001      0.000      0.000      0.000      0.000      0.000      0.000      0.000      0.000      0.000      0.000      0.000      0.000      0.000      0.000      0.000      0.000      0.000      0.000      0.000      0.000      0.000      0.000      0.000      0.000      0.000      0.000      0.000      0.000      0.000      0.000      0.000      0.000      0.000      0.000      0.000      0.000      0.000      0.000      0.000      0.000      0.000      0.000      0.000      0.000      0.000      0.000      0.000      0.000      0.000      0.000      0.000      0.000      0.000      0.000      0.001
     0.049      0.001      0.000      0.000      0.000      0.000      0.000      0.000      0.000      0.000      0.000      0.000      0.000      0.000      0.000      0.000      0.000     -0.001      0.000      0.000      0.000      0.000      0.000      0.000      0.000      0.000      0.000      0.000      0.000      0.001      0.000      0.000      0.000      0.000      0.000      0.000      0.000      0.000      0.000      0.000      0.000      0.000      0.000      0.000      0.000      0.000      0.000      0.000      0.000      0.000     -0.001      0.000      0.000      0.000      0.000      0.009
     0.032      0.013      0.006      0.000      0.000      0.000      0.000      0.000      0.000      0.000      0.000      0.000      0.000      0.000      0.000      0.000      0.000      0.001      0.000      0.000      0.001      0.000      0.001      0.000      0.004      0.000     -0.003     -0.001      0.000      0.000      0.002      0.000      0.000      0.000      0.000      0.000      0.000      0.000      0.000      0.000      0.000      0.000     -0.001      0.000      0.000      0.000      0.000      0.000      0.000     -0.001      0.002      0.000      0.000      0.000      0.000     -0.018
     0.084     -0.014      0.044      0.003      0.000      0.000      0.000      0.000      0.000      0.000      0.000      0.000      0.000      0.000      0.000      0.000      0.000      0.000      0.000      0.000      0.000      0.000      0.000      0.000      0.000      0.000     -0.001      0.000      0.000      0.000      0.000      0.000      0.000      0.000      0.000      0.000      0.000      0.000      0.000      0.000      0.000      0.000      0.000      0.000      0.000      0.000      0.000      0.000      0.000      0.000      0.000      0.000      0.000      0.000      0.000     -0.003
     0.019     -0.027     -0.004      0.032      0.004      0.000      0.000      0.000      0.000      0.000      0.000      0.000      0.000      0.000      0.000      0.000      0.000     -0.001      0.000      0.000      0.000     -0.001      0.000      0.000      0.002      0.000     -0.001      0.000      0.000      0.000      0.000      0.000      0.000      0.000      0.000      0.000      0.000      0.000      0.001      0.000      0.000      0.000      0.000      0.000      0.000      0.000      0.000      0.000      0.000      0.000     -0.002      0.000      0.000      0.000      0.000     -0.004
    -0.054      0.020      0.047      0.021      0.055      0.003      0.000      0.000      0.000      0.000      0.000      0.000      0.000      0.000      0.000      0.000      0.000     -0.001      0.000      0.000      0.000      0.000      0.000      0.000     -0.001      0.000      0.000      0.000      0.000      0.000      0.000      0.000      0.000      0.000      0.000      0.000      0.000      0.000      0.000     -0.001      0.000      0.000      0.000     -0.001      0.000      0.000      0.000      0.000      0.000      0.000      0.001      0.000      0.000      0.001      0.000      0.001
     0.037      0.030      0.061      0.079      0.063     -0.024      0.005      0.000      0.000      0.000      0.000      0.000      0.000      0.000      0.000      0.000      0.000      0.000      0.000      0.000      0.000      0.000      0.000      0.000      0.002      0.000     -0.002      0.000      0.001      0.000      0.001      0.000      0.000      0.000      0.000      0.000      0.000      0.000      0.000     -0.001      0.000      0.000      0.000      0.000      0.000      0.000      0.000      0.000      0.000      0.000      0.000      0.000      0.000      0.000      0.000      0.006
    -0.008     -0.071      0.061      0.072     -0.005      0.033      0.028      0.003      0.000      0.000      0.000      0.000      0.000      0.000      0.000      0.000      0.000      0.000      0.000      0.000      0.000      0.000      0.000      0.000      0.000      0.000     -0.001      0.000      0.000     -0.001      0.000      0.000      0.000      0.000      0.000      0.000      0.000      0.000      0.000      0.000      0.000      0.000      0.000      0.000      0.000      0.000      0.000      0.000      0.000      0.000      0.000      0.000      0.000      0.000      0.000     -0.004
     0.014      0.067      0.030      0.006     -0.002      0.027      0.028      0.028      0.003      0.000      0.000      0.000      0.000      0.000      0.000      0.000      0.000     -0.001      0.000      0.000      0.000      0.000      0.000      0.000     -0.001      0.000      0.000      0.000      0.000      0.000      0.000     -0.001      0.000      0.000      0.000      0.000      0.000      0.000      0.000      0.000      0.000      0.000     -0.001      0.000      0.000      0.000      0.000      0.000      0.000     -0.001      0.001      0.001      0.000     -0.001      0.000     -0.007
    -0.046      0.026      0.039      0.028      0.004     -0.007      0.039      0.002     -0.033      0.002      0.000      0.000      0.000      0.000      0.000      0.000      0.000     -0.001      0.000      0.000      0.000      0.000      0.000      0.000      0.000      0.000      0.000      0.000      0.000      0.001      0.000      0.000      0.000      0.000      0.000      0.000      0.000      0.000      0.000      0.000      0.000      0.000      0.000      0.000      0.000      0.000      0.000      0.000      0.000      0.000      0.002      0.000      0.000      0.000      0.000      0.002
    -0.028     -0.006     -0.056     -0.006      0.011      0.029      0.034      0.052      0.028      0.018      0.003      0.000      0.000      0.000      0.000      0.000      0.000      0.000      0.000      0.000      0.000      0.000      0.000      0.000      0.000      0.000     -0.001      0.000      0.000      0.000      0.001      0.000      0.000      0.000      0.000      0.000      0.000      0.000      0.000      0.000      0.000      0.000      0.000      0.000      0.000      0.000      0.000      0.000      0.000      0.000     -0.001      0.000      0.000      0.000      0.000      0.001
     0.044      0.009      0.080      0.029      0.015      0.023     -0.049     -0.002     -0.037      0.017     -0.027      0.004      0.000      0.000      0.000      0.000      0.000     -0.001      0.000      0.000      0.000      0.000      0.000      0.000      0.001      0.000     -0.001      0.000      0.000      0.000      0.000      0.000      0.000      0.000      0.000      0.000      0.000      0.000      0.000      0.002      0.000      0.000      0.000      0.000      0.000      0.000      0.000      0.000      0.000      0.000      0.000      0.000      0.000      0.000      0.000      0.001
     0.047      0.014      0.066      0.045      0.055     -0.035      0.081     -0.022      0.001      0.015     -0.037      0.058      0.003      0.000      0.000      0.000      0.000      0.000      0.000      0.000      0.000      0.000      0.000      0.000      0.001      0.000     -0.001      0.000      0.000      0.000     -0.001      0.000      0.000      0.000      0.000      0.000      0.000      0.001      0.000      0.000      0.000      0.000      0.000      0.000      0.000      0.000      0.000      0.000      0.000      0.000     -0.002      0.000      0.000      0.000      0.000     -0.006
    -0.038      0.036     -0.009     -0.008      0.028      0.024     -0.006     -0.010      0.033     -0.018      0.021     -0.001      0.005      0.003      0.000      0.000      0.000      0.000      0.000      0.000      0.000      0.000      0.000      0.000      0.000      0.000     -0.001      0.000      0.000      0.000      0.000      0.000      0.000      0.000      0.000      0.000      0.000      0.000      0.000      0.000      0.000      0.000      0.000      0.000      0.000      0.000      0.000      0.000      0.000      0.000      0.001      0.000      0.000      0.000      0.000      0.000
     0.054      0.018      0.037      0.027      0.023     -0.060     -0.016     -0.011      0.087      0.054      0.033      0.023     -0.002     -0.031      0.002      0.000      0.000      0.000      0.000      0.000      0.000     -0.001      0.000      0.000      0.000      0.000      0.000      0.000      0.000      0.000     -0.001      0.000      0.000      0.000      0.000      0.000      0.000      0.000      0.000      0.000      0.000      0.000     -0.001      0.000      0.000      0.000      0.000      0.000      0.000      0.000      0.001      0.000      0.000      0.000      0.000     -0.005
     0.047      0.025      0.082      0.054      0.030      0.048      0.030      0.049      0.012      0.022      0.023      0.080     -0.005     -0.039     -0.031      0.004      0.000      0.001      0.000      0.000      0.000      0.000      0.000      0.000      0.002      0.000     -0.002      0.000     -0.001     -0.001      0.000      0.000      0.000     -0.001      0.000      0.000      0.000      0.000      0.000      0.000      0.000      0.000      0.000      0.000      0.000      0.000      0.000      0.000      0.000      0.000      0.002      0.000      0.000      0.000      0.000     -0.003
    -0.008     -0.012     -0.054      0.003      0.019     -0.013     -0.026      0.020     -0.013     -0.022      0.089     -0.057     -0.063      0.010      0.019      0.011      0.003      0.001      0.000      0.000      0.000      0.000      0.000      0.000      0.001      0.000      0.000      0.000      0.000      0.000      0.000      0.000      0.000      0.000      0.000      0.000      0.000      0.000      0.000      0.000      0.000      0.000      0.000      0.000      0.000      0.000      0.000      0.000      0.000      0.000      0.002      0.000      0.000      0.000      0.000      0.000
    -0.012     -0.065      0.035     -0.029     -0.034     -0.068     -0.014      0.015     -0.043     -0.058     -0.035     -0.062     -0.003      0.039     -0.005      0.031      0.042      0.062     -0.005      0.000      0.008     -0.009      0.008      0.000      0.039      0.001     -0.028     -0.011      0.001     -0.002      0.004      0.000      0.001      0.001     -0.001      0.001      0.001      0.001      0.001      0.001      0.002      0.001      0.002      0.001      0.001     -0.001      0.000      0.000      0.000      0.001      0.001     -0.001      0.000      0.002      0.000      0.015
     0.005     -0.040     -0.057     -0.019     -0.032      0.026     -0.030      0.003      0.039     -0.022      0.059      0.051     -0.047      0.015      0.038     -0.001     -0.053     -0.327      0.004      0.000     -0.001      0.001     -0.001      0.000     -0.013      0.001      0.005      0.002      0.000      0.000      0.000      0.000      0.000      0.000      0.001      0.000      0.000      0.000      0.000      0.000      0.000      0.000      0.000      0.000      0.000      0.000      0.000      0.000      0.000      0.000     -0.001      0.000      0.000      0.000      0.000     -0.003
     0.042      0.103      0.109      0.090      0.072      0.060      0.070      0.029      0.023      0.051      0.000      0.029      0.056     -0.019     -0.021     -0.022     -0.003     -0.281     -0.517      0.000      0.000      0.000      0.000      0.000      0.000      0.000      0.000      0.000      0.000      0.000      0.000      0.000      0.000      0.000      0.000      0.000      0.000      0.000      0.000      0.000      0.000      0.000      0.000      0.000      0.000      0.000      0.000      0.000      0.000      0.000      0.000      0.000      0.000      0.000      0.000      0.000
     0.075      0.032      0.140      0.078      0.070      0.053      0.062      0.076      0.022      0.025      0.071      0.060     -0.002      0.020      0.030      0.069     -0.010      0.449     -0.198      0.059      0.005      0.002      0.001      0.001      0.006      0.000     -0.005     -0.003      0.000      0.000      0.001     -0.001      0.000      0.000      0.000      0.000      0.000      0.001      0.000      0.000      0.000      0.000      0.000      0.000      0.000      0.000      0.000      0.000      0.000      0.000      0.000      0.000      0.000      0.000      0.000      0.003
    -0.032     -0.025     -0.009      0.016     -0.070      0.021     -0.027     -0.013      0.003      0.012      0.049      0.032     -0.048      0.015     -0.075     -0.043     -0.048     -0.247      0.056     -0.043      0.144      0.022      0.001     -0.001     -0.009     -0.001      0.011      0.002     -0.001      0.002      0.000      0.001      0.001      0.000      0.000      0.000      0.000     -0.002      0.000      0.002      0.000      0.000     -0.001      0.000      0.001      0.000      0.000      0.000      0.000      0.000     -0.006      0.000      0.000     -0.001      0.001      0.013
    -0.028     -0.029      0.145      0.050      0.011      0.036      0.043      0.025     -0.023      0.004      0.018      0.028      0.010      0.063     -0.034      0.067      0.012      0.408     -0.204     -0.044      0.163      0.115      0.006      0.000      0.010     -0.002     -0.007     -0.002      0.000      0.000      0.001      0.000      0.000     -0.001      0.000      0.000      0.000      0.000      0.000      0.000      0.000      0.000      0.001      0.000      0.000      0.000      0.000      0.000      0.000      0.000     -0.001      0.000      0.000      0.000      0.000      0.001
     0.069      0.073      0.113      0.118      0.070      0.089      0.071      0.056      0.030      0.004      0.053      0.033      0.033     -0.015      0.037      0.054     -0.004      0.041     -0.127      0.180      0.446     -0.192     -0.076      0.001     -0.001      0.000     -0.001     -0.001      0.000      0.000      0.000      0.000      0.000      0.000      0.000      0.000      0.000      0.000      0.000      0.000      0.000      0.000      0.000      0.000      0.000      0.000      0.000      0.000      0.000      0.000      0.001      0.000      0.000      0.000      0.000      0.001
     0.019      0.001      0.117      0.003      0.078     -0.033      0.058      0.004     -0.041      0.011     -0.007      0.024      0.035     -0.013     -0.017      0.082      0.043      0.365     -0.484      0.048      0.175     -0.146      0.320     -0.107      0.186     -0.003     -0.041     -0.006      0.003      0.000      0.007      0.001      0.003      0.001     -0.002     -0.001      0.001      0.003      0.001      0.002      0.000      0.003      0.002      0.001      0.002      0.000      0.000      0.000      0.000     -0.001      0.017      0.002      0.000     -0.003      0.000     -0.021
     0.014      0.002     -0.031     -0.026     -0.045     -0.043     -0.033     -0.033     -0.039     -0.049      0.027      0.026     -0.035     -0.004     -0.007      0.009      0.075      0.077      0.191     -0.258     -0.052     -0.147     -0.336      0.018     -0.109      0.004      0.003      0.000      0.000      0.000      0.001      0.000      0.000      0.000      0.000      0.000      0.000      0.000      0.000      0.000      0.000      0.000      0.000      0.000      0.000      0.000      0.000      0.000      0.000      0.000      0.004      0.000      0.000      0.000      0.000     -0.005
    -0.035     -0.034     -0.139     -0.060     -0.091     -0.021     -0.088     -0.084     -0.030      0.037     -0.045     -0.051     -0.075     -0.039     -0.026     -0.093     -0.009     -0.419      0.323     -0.282     -0.258      0.272     -0.355     -0.108     -0.355      0.217      0.072      0.006     -0.002      0.000     -0.002     -0.001      0.000      0.001      0.002     -0.001     -0.001      0.001     -0.001     -0.001      0.000     -0.001     -0.001      0.001      0.000      0.001      0.000      0.000      0.000      0.001     -0.007      0.002      0.000     -0.001      0.001      0.012
    -0.057     -0.076     -0.185     -0.120     -0.048     -0.068     -0.096     -0.057     -0.027     -0.017     -0.033     -0.027     -0.056     -0.060     -0.017     -0.073     -0.036     -0.586      0.367     -0.222     -0.608      0.212     -0.328     -0.573     -0.184     -0.075      0.304      0.005     -0.001      0.001      0.000      0.000      0.000      0.000      0.000      0.000      0.000     -0.001      0.000      0.000     -0.001      0.000      0.000      0.000      0.000      0.000      0.000      0.000      0.000      0.000      0.000      0.000      0.000     -0.001      0.000     -0.003
     0.116      0.015      0.025      0.046      0.021      0.008      0.063      0.006      0.008     -0.025      0.036     -0.024      0.013      0.028      0.015     -0.063      0.000      0.028     -0.005      0.019      0.030     -0.039      0.030      0.044      0.037     -0.037     -0.045     -0.049      0.028     -0.001      0.001      0.004      0.001      0.001      0.000      0.001     -0.001      0.005     -0.001     -0.001      0.000      0.000      0.000      0.000      0.000      0.000      0.001      0.000      0.000      0.002      0.008     -0.002      0.000      0.000     -0.001      0.026
    -0.017      0.146     -0.019      0.003      0.000      0.007     -0.003     -0.068      0.015      0.051      0.016     -0.029     -0.016      0.004      0.006     -0.048     -0.022     -0.027     -0.016      0.028     -0.021      0.043     -0.018     -0.050     -0.002     -0.011      0.002      0.038     -0.017      0.058      0.005      0.001     -0.001      0.000      0.000     -0.001     -0.001      0.000      0.001     -0.001      0.000      0.000     -0.001     -0.001     -0.001     -0.001      0.001      0.000      0.000      0.002     -0.007     -0.003      0.000      0.000      0.000     -0.029
    -0.022     -0.059      0.121      0.008      0.003     -0.012      0.052      0.026      0.009     -0.009      0.064      0.014     -0.040     -0.002     -0.065      0.008     -0.008      0.064     -0.023     -0.013      0.035      0.007      0.058     -0.013      0.068      0.050     -0.030     -0.024      0.014      0.091      0.056      0.001      0.000      0.000      0.000      0.001      0.001     -0.001      0.001      0.001      0.001      0.001      0.001      0.000      0.000      0.001      0.001     -0.001      0.000      0.004      0.038      0.001      0.000     -0.001      0.000     -0.019
     0.058     -0.008      0.018      0.014      0.008     -0.020     -0.003     -0.010     -0.056     -0.046      0.008      0.011     -0.018      0.012     -0.030      0.035      0.034     -0.003      0.001      0.009     -0.032      0.018     -0.008     -0.015      0.013      0.026     -0.020      0.010      0.110      0.024      0.026      0.045      0.000      0.001      0.001     -0.001      0.000      0.000     -0.002      0.000      0.000     -0.001      0.000     -0.001      0.000      0.000      0.001      0.000      0.000     -0.001      0.010     -0.001      0.000     -0.005      0.000      0.015
     0.006      0.053      0.015      0.058     -0.057      0.011      0.016      0.018     -0.020     -0.014      0.024     -0.032     -0.020      0.013     -0.059      0.042     -0.011      0.021     -0.050      0.019      0.017      0.040     -0.028      0.009      0.047      0.000      0.001      0.004      0.041     -0.039      0.012      0.017      0.018      0.000      0.000      0.000      0.000      0.000      0.000     -0.001      0.000      0.000      0.001      0.000      0.000      0.000      0.000      0.000      0.000      0.001      0.004     -0.001      0.000      0.000      0.001      0.009
     0.095      0.013      0.040     -0.018     -0.016     -0.019     -0.017      0.016     -0.003     -0.005      0.023     -0.005      0.008     -0.004      0.037     -0.068     -0.022      0.018     -0.002     -0.039     -0.020     -0.010     -0.066      0.000      0.016      0.032      0.045      0.025      0.063      0.005     -0.001      0.037      0.027      0.013      0.000      0.000      0.000      0.000      0.000      0.000      0.000      0.000      0.000      0.000      0.000     -0.001      0.000      0.000      0.000     -0.001      0.001      0.001      0.000      0.000      0.000      0.024
     0.039     -0.023     -0.012      0.006     -0.036      0.051      0.006      0.029      0.006     -0.031      0.015      0.024      0.018      0.030      0.008      0.009     -0.004     -0.053      0.098     -0.062     -0.007      0.023      0.011      0.013     -0.053     -0.038      0.065      0.023     -0.020     -0.018     -0.019      0.037      0.034     -0.019      0.011      0.000      0.000      0.002      0.000      0.001      0.000      0.000      0.000      0.000      0.000     -0.001      0.000      0.000      0.000     -0.001     -0.004      0.000      0.000      0.000      0.000     -0.005
     0.048      0.017     -0.020      0.033     -0.022      0.015     -0.030     -0.058      0.026     -0.023      0.045     -0.014     -0.035     -0.012      0.029     -0.020      0.001      0.024      0.005      0.003      0.051      0.011      0.004      0.030     -0.020     -0.003     -0.041     -0.008      0.032     -0.037      0.024     -0.024      0.003      0.004      0.036      0.011      0.000      0.001     -0.001      0.000      0.000      0.000      0.000      0.000      0.000      0.000      0.000      0.000      0.000      0.000      0.008      0.001      0.000      0.000      0.000      0.000
     0.052      0.032     -0.006     -0.013      0.035     -0.061      0.044     -0.038     -0.030     -0.047     -0.047      0.013     -0.020     -0.001     -0.063      0.034      0.010      0.030     -0.004      0.013      0.032     -0.020      0.057     -0.009      0.036     -0.045     -0.038     -0.028     -0.040     -0.050      0.038      0.018     -0.001     -0.041     -0.004     -0.016      0.009     -0.001      0.001      0.001      0.000      0.000      0.000      0.000      0.000      0.000      0.000      0.000      0.000      0.000      0.005      0.001      0.000      0.001      0.000      0.000
     0.014     -0.008     -0.018     -0.026      0.013      0.004      0.000     -0.002      0.007     -0.017     -0.008      0.000      0.047     -0.023      0.003      0.001      0.022      0.018     -0.022      0.036      0.057     -0.044      0.013      0.046      0.025     -0.018      0.011     -0.068      0.105      0.006     -0.010     -0.001     -0.007     -0.014      0.058      0.041     -0.019      0.093      0.000     -0.004      0.001     -0.001      0.004      0.000      0.001     -0.002      0.000      0.000      0.000      0.002     -0.008     -0.002      0.000      0.003      0.001      0.015
    -0.002      0.026     -0.011      0.020      0.089      0.025      0.031      0.007     -0.035      0.011      0.051      0.005      0.061      0.008     -0.035      0.018      0.025      0.033     -0.052      0.066      0.023     -0.020      0.046     -0.014      0.013     -0.006     -0.018     -0.049     -0.046      0.045      0.033     -0.065      0.007     -0.027     -0.001     -0.051      0.074      0.011      0.012     -0.001      0.000      0.000      0.000      0.000      0.000     -0.001      0.000      0.000      0.000     -0.001      0.000      0.001      0.000      0.002      0.000      0.004
    -0.024      0.001     -0.006      0.016     -0.011     -0.059     -0.046      0.008      0.014     -0.020     -0.022      0.152     -0.011      0.024     -0.030      0.018     -0.024      0.011     -0.031      0.022     -0.005      0.042      0.020     -0.031      0.023      0.031     -0.019      0.021     -0.026     -0.021      0.023     -0.007     -0.035     -0.016      0.051      0.013      0.025     -0.053     -0.025      0.063     -0.001      0.000      0.000      0.000      0.000      0.000      0.001      0.000      0.000     -0.001      0.011     -0.002      0.000     -0.001      0.000      0.005
    -0.025      0.015      0.012      0.005     -0.018     -0.013     -0.014     -0.016     -0.031     -0.028      0.044      0.022      0.000     -0.008      0.000     -0.009      0.045      0.076     -0.024      0.014      0.056     -0.016      0.029      0.027      0.008      0.026      0.006     -0.098      0.026     -0.016      0.050      0.012      0.043      0.011     -0.013     -0.024     -0.039      0.050     -0.007     -0.045      0.007      0.000      0.000      0.000      0.000     -0.001      0.000      0.000      0.000      0.000     -0.001      0.000      0.000      0.000      0.000      0.013
    -0.029      0.007      0.033      0.005     -0.028     -0.042      0.008      0.030      0.016     -0.047     -0.001     -0.026     -0.015      0.050     -0.052      0.035      0.051      0.076     -0.084      0.013      0.049      0.004      0.052     -0.042      0.103      0.016     -0.030     -0.046     -0.027      0.007      0.036     -0.069      0.023     -0.052      0.018     -0.022     -0.017     -0.028     -0.009      0.018     -0.006      0.006      0.000      0.000      0.000      0.000      0.000      0.000      0.000      0.001      0.002      0.000      0.000     -0.001      0.000     -0.009
    -0.019     -0.022     -0.038     -0.004     -0.003      0.034      0.005     -0.006     -0.090     -0.024     -0.033      0.029     -0.016      0.033     -0.071     -0.018     -0.032      0.033     -0.016     -0.015     -0.026     -0.043      0.035     -0.038      0.022     -0.021     -0.010      0.006      0.007     -0.021      0.021     -0.011      0.039     -0.012     -0.006     -0.016      0.004      0.072      0.016      0.008      0.015      0.015      0.039      0.000      0.001      0.000      0.000      0.000      0.000      0.000     -0.008     -0.002      0.000     -0.001      0.001      0.007
    -0.006     -0.004     -0.038      0.058      0.006     -0.090      0.020      0.021      0.051     -0.037     -0.043      0.023     -0.007     -0.034      0.029      0.017      0.041      0.031     -0.044     -0.028      0.016      0.028      0.043     -0.041      0.030      0.013      0.026      0.007     -0.020     -0.037      0.001     -0.036     -0.031      0.034      0.016      0.007      0.041     -0.004      0.002      0.007      0.029      0.005     -0.001      0.010      0.000     -0.001      0.000      0.000      0.000     -0.001     -0.006      0.001      0.000      0.001      0.000      0.010
     0.006      0.027     -0.062     -0.070      0.049     -0.007     -0.006      0.022      0.007      0.008      0.020      0.002      0.028      0.063     -0.036      0.006      0.023      0.036     -0.002     -0.075      0.006      0.070      0.026     -0.018      0.038     -0.026      0.013      0.002     -0.008     -0.027     -0.020      0.012      0.024     -0.023     -0.005     -0.020     -0.002      0.020      0.029     -0.007      0.019     -0.025      0.029      0.038      0.008      0.000      0.000      0.000      0.000      0.000     -0.001      0.001      0.000      0.000      0.000      0.018
    -0.052     -0.005     -0.022      0.013      0.066      0.006      0.009      0.010     -0.013      0.059     -0.005     -0.036     -0.037      0.023     -0.026      0.018      0.043     -0.055      0.010      0.003     -0.062     -0.013     -0.077      0.000      0.002      0.028      0.031      0.046      0.010     -0.044      0.073     -0.012     -0.046     -0.077     -0.102     -0.046     -0.020     -0.096     -0.059      0.003     -0.133     -0.011     -0.002     -0.070     -0.062      0.006      0.000     -0.001      0.000      0.003      0.015     -0.001      0.000     -0.001      0.000     -0.028
     0.020     -0.026     -0.012      0.036     -0.035     -0.051     -0.013     -0.015      0.009     -0.046      0.019     -0.045      0.016      0.054     -0.060      0.000     -0.013     -0.021      0.037     -0.009     -0.034     -0.015      0.006     -0.015     -0.001      0.039      0.029      0.030      0.143      0.111      0.190      0.125      0.100      0.062      0.074      0.052      0.045      0.060     -0.001      0.089      0.000      0.049      0.017     -0.019     -0.010     -0.078      0.001      0.000      0.000      0.001      0.005      0.000      0.000     -0.001     -0.001     -0.023
     0.059      0.000      0.020      0.005     -0.019      0.012      0.018      0.021      0.007      0.056     -0.033      0.070      0.004     -0.041      0.024     -0.037     -0.038      0.023     -0.030      0.003      0.015      0.004      0.045      0.023     -0.024     -0.087     -0.030     -0.018     -0.042      0.000     -0.090     -0.059     -0.006     -0.010      0.048      0.003     -0.053      0.045      0.048      0.068      0.107      0.019      0.031      0.011      0.030     -0.538     -0.172      0.001      0.000     -0.001     -0.003     -0.001      0.000      0.000     -0.001      0.009
    -0.044      0.016     -0.002      0.009      0.018      0.005     -0.017     -0.026     -0.019     -0.079      0.020     -0.067     -0.003      0.021     -0.013      0.042      0.026     -0.039      0.031      0.004     -0.027     -0.003     -0.048     -0.011      0.010      0.080      0.034      0.031      0.025     -0.005      0.058      0.060      0.005      0.024     -0.056     -0.026      0.052     -0.069     -0.064     -0.088     -0.109     -0.044     -0.042     -0.034     -0.030      0.381      0.143     -0.914      0.000      0.000      0.001      0.000      0.000      0.000      0.000     -0.002
    -0.022      0.045     -0.048     -0.022     -0.017      0.035      0.030     -0.066     -0.068      0.018     -0.029     -0.010     -0.033      0.038     -0.069      0.020      0.023      0.030     -0.002     -0.008      0.005     -0.010     -0.025      0.027     -0.021      0.033      0.023     -0.038      0.081      0.050      0.119     -0.024      0.055     -0.050     -0.038     -0.018      0.032      0.046     -0.040     -0.028      0.018      0.057      0.014     -0.043     -0.026      0.239      0.258     -0.209      0.162      0.019      0.013     -0.010      0.000      0.004      0.001      0.016
    -0.017     -0.044      0.034      0.005     -0.045      0.023     -0.002      0.003      0.015      0.054     -0.015     -0.001     -0.041      0.016      0.021      0.027      0.034      0.002     -0.012      0.027     -0.007     -0.045     -0.015      0.028      0.042      0.063     -0.026     -0.006      0.053     -0.030      0.174      0.049      0.033      0.007     -0.046      0.086      0.057     -0.029      0.002      0.049     -0.016      0.030     -0.042     -0.069     -0.010      0.200      0.222     -0.116      0.066      0.103      0.854      0.007      0.000     -0.008      0.000     -0.354
    -0.023     -0.059     -0.006     -0.012     -0.039     -0.002      0.026      0.016      0.116     -0.036      0.034     -0.035      0.043     -0.019      0.053     -0.010      0.054     -0.020      0.008      0.000     -0.005      0.009     -0.034     -0.028      0.025      0.032      0.046      0.022     -0.062     -0.068      0.018     -0.021     -0.032      0.051      0.028      0.032      0.041     -0.045      0.033     -0.039      0.016     -0.002     -0.052      0.038      0.041     -0.107     -0.076     -0.158      0.085     -0.414      0.043      0.030      0.000      0.001     -0.001     -0.015
    -0.020      0.027      0.029     -0.010      0.046     -0.046     -0.041      0.027     -0.074      0.014     -0.001      0.028     -0.024      0.002      0.003      0.014     -0.046      0.010     -0.034      0.019      0.007     -0.050     -0.016      0.048      0.015      0.030     -0.016     -0.052      0.083      0.067     -0.009      0.058      0.020     -0.008     -0.020     -0.010     -0.016      0.005      0.007      0.036     -0.082      0.034      0.001     -0.055     -0.093      0.330      0.050     -0.316      0.187      0.018      0.008     -0.336      0.000      0.000      0.000      0.000
    -0.031      0.040     -0.024     -0.009      0.033      0.076     -0.012      0.010     -0.082     -0.021     -0.020      0.016     -0.016      0.021     -0.012      0.012      0.035      0.032      0.012      0.015      0.032     -0.044      0.019      0.078     -0.041      0.022     -0.017     -0.080      0.002      0.007     -0.021     -0.108     -0.012      0.008      0.018     -0.013      0.060      0.057      0.085     -0.027      0.015     -0.034     -0.019      0.068     -0.007     -0.059     -0.111      0.007      0.010      0.149     -0.046      0.016      0.047      0.038      0.001      0.053
     0.016     -0.017     -0.026     -0.035      0.000      0.026     -0.039     -0.023     -0.022     -0.029     -0.010      0.038      0.010      0.045     -0.047      0.036     -0.002      0.016      0.026     -0.029      0.011      0.043      0.016     -0.056      0.003      0.026      0.046      0.019     -0.044      0.000     -0.002      0.007      0.045      0.002      0.022      0.031     -0.018      0.042     -0.028      0.002      0.012     -0.006      0.033      0.042      0.022      0.057     -0.213     -0.225      0.180      0.082     -0.001     -0.066     -0.026      0.063      0.009     -0.016
     0.013      0.094     -0.079     -0.018     -0.021      0.006      0.028     -0.028     -0.046      0.015      0.010      0.004     -0.036      0.001     -0.039     -0.015      0.002      0.021     -0.018     -0.023      0.016      0.031      0.006      0.015     -0.017     -0.028      0.015     -0.012      0.053     -0.041     -0.028      0.025      0.022      0.071     -0.015      0.000     -0.001      0.017      0.011      0.006      0.053     -0.042      0.012      0.035      0.068     -0.121     -0.308      0.112     -0.066      0.040     -0.131     -0.029      0.014      0.093     -0.057      8.595

Derivative matrix of expected statistics X by parameters and
covariance/correlation matrix of X can be found using
summary(ans) within R, or by using the 'verbose' option in Siena07.
 
Total computation time 1166.03 seconds.
