

-----------------------------------
New Analysis started.
Date and time: 20/09/2026 22:46:40
New results follow.
-----------------------------------

RSiena version 1.3.10 (28 Apr 22)


@1
Estimation by stochastic approximation algorithm.
=================================================

Current random number seed is 12346.
Effects object used: effs 
Model Type:
 Initiative model
Behavioral Model Type:
 Standard behavior actor-oriented model ('restrict')
Estimation method: unconditional moment estimation
.

Time duration for simulations in each period is 1.0.
Changing composition.
Joiners/leavers option: 1
Standard errors are estimated with the likelihood ratio method.
Dolby method (regression on scores) is used.
Initial value of gain parameter is  0.2000000.
Reduction factor for gain parameter is  0.5000000.
Number of subphases in Phase 2 is 3.

Initial parameter values are 
  1. rate:  constant dv.net rate (period 1)                 0.0464
  2. rate:  constant dv.net rate (period 2)                 0.1406
  3. rate:  constant dv.net rate (period 3)                 0.4317
  4. rate:  constant dv.net rate (period 4)                 0.3534
  5. rate:  constant dv.net rate (period 5)                 0.3167
  6. rate:  constant dv.net rate (period 6)                 0.3164
  7. rate:  constant dv.net rate (period 7)                 0.3968
  8. rate:  constant dv.net rate (period 8)                 0.3059
  9. rate:  constant dv.net rate (period 9)                 0.3267
 10. rate:  constant dv.net rate (period 10)                0.2666
 11. rate:  constant dv.net rate (period 11)                0.3252
 12. rate:  constant dv.net rate (period 12)                0.4374
 13. rate:  constant dv.net rate (period 13)                0.3511
 14. rate:  constant dv.net rate (period 14)                0.3166
 15. rate:  constant dv.net rate (period 15)                0.2872
 16. rate:  constant dv.net rate (period 16)                0.5143
 17. rate:  constant dv.net rate (period 17)                0.3402
 18. eval:  degree (density)                               -5.7415
 19. eval:  transitive triads                               0.1820
 20. eval:  degree act+pop                                  0.0607
 21. eval:  nets.lndistance_d                              -0.9060
 22. eval:  nets.ATOP_d                                     1.1452
 23. eval:  nets.absidealdiff_d                            -0.6444
 24. eval:  nets.lntrade_d                                  0.0711
 25. eval:  nets.NATO_d                                    -3.8052
 26. eval:  milex.beh alter                                -0.0653
 27. eval:  beh.democracy_1 alter                           1.6253
 28. eval:  beh.lncinc_1 alter                              0.8164
 29. rate:  rate milex.beh (period 1)                       0.9336
 30. rate:  rate milex.beh (period 2)                       1.3063
 31. rate:  rate milex.beh (period 3)                       1.3443
 32. rate:  rate milex.beh (period 4)                       1.1936
 33. rate:  rate milex.beh (period 5)                       0.7053
 34. rate:  rate milex.beh (period 6)                       0.5678
 35. rate:  rate milex.beh (period 7)                       0.4768
 36. rate:  rate milex.beh (period 8)                       0.5286
 37. rate:  rate milex.beh (period 9)                       0.3787
 38. rate:  rate milex.beh (period 10)                      1.7532
 39. rate:  rate milex.beh (period 11)                      0.5886
 40. rate:  rate milex.beh (period 12)                      1.3416
 41. rate:  rate milex.beh (period 13)                      0.3263
 42. rate:  rate milex.beh (period 14)                      0.3019
 43. rate:  rate milex.beh (period 15)                      1.0883
 44. rate:  rate milex.beh (period 16)                      0.4148
 45. rate:  rate milex.beh (period 17)                      0.3588
 46. eval:  milex.beh linear shape                         -1.1911
 47. eval:  milex.beh quadratic shape                      -0.0349
 48. eval:  milex.beh degree                                0.0937
 49. eval:  milex.beh dense triads                         -0.0240
 50. eval:  milex.beh: effect from beh.democracy_1         -0.4934
 51. eval:  milex.beh: effect from beh.GDPgrowth_1         -2.4079
 52. eval:  milex.beh: effect from beh.nato_1               0.9184
 53. eval:  milex.beh: effect from beh.allies_1            -0.0110
 54. eval:  milex.beh: effect from beh.military_1           0.2614
 55. eval:  milex.beh: effect from beh.lnmids_1             0.1496
 56. eval:  milex.beh: effect from beh.milexSpLag_1         7.8506


Observed values of target statistics are
  1. Amount of network change in period 1                                10.0000
  2. Amount of network change in period 2                                34.0000
  3. Amount of network change in period 3                                86.0000
  4. Amount of network change in period 4                                94.0000
  5. Amount of network change in period 5                                76.0000
  6. Amount of network change in period 6                                76.0000
  7. Amount of network change in period 7                                94.0000
  8. Amount of network change in period 8                                78.0000
  9. Amount of network change in period 9                                84.0000
 10. Amount of network change in period 10                               72.0000
 11. Amount of network change in period 11                               84.0000
 12. Amount of network change in period 12                              114.0000
 13. Amount of network change in period 13                               94.0000
 14. Amount of network change in period 14                               88.0000
 15. Amount of network change in period 15                               80.0000
 16. Amount of network change in period 16                              138.0000
 17. Amount of network change in period 17                               96.0000
 18. Number of edges                                                   4749.0000
 19. Number of transitive triads                                       6550.0000
 20. Sum of squared degrees                                            295492.0000
 21. Sum of ties x nets.lndistance_d                                   -9747.6740
 22. Sum of ties x nets.ATOP_d                                         5448.6151
 23. Sum of ties x nets.absidealdiff_d                                 -2610.8800
 24. Sum of ties x nets.lntrade_d                                      33846.3182
 25. Sum of ties x nets.NATO_d                                         1074.4417
 26. Sum of degrees x milex.beh                                        -147.2762
 27. Sum of degrees x beh.democracy_1                                  2684.2037
 28. Sum of degrees x beh.lncinc_1                                     11911.5952
 29. Amount of behavioral change in period 1 on milex.beh                41.0000
 30. Amount of behavioral change in period 2 on milex.beh                50.0000
 31. Amount of behavioral change in period 3 on milex.beh                57.0000
 32. Amount of behavioral change in period 4 on milex.beh                52.0000
 33. Amount of behavioral change in period 5 on milex.beh                37.0000
 34. Amount of behavioral change in period 6 on milex.beh                32.0000
 35. Amount of behavioral change in period 7 on milex.beh                28.0000
 36. Amount of behavioral change in period 8 on milex.beh                31.0000
 37. Amount of behavioral change in period 9 on milex.beh                24.0000
 38. Amount of behavioral change in period 10 on milex.beh               71.0000
 39. Amount of behavioral change in period 11 on milex.beh               34.0000
 40. Amount of behavioral change in period 12 on milex.beh               55.0000
 41. Amount of behavioral change in period 13 on milex.beh               18.0000
 42. Amount of behavioral change in period 14 on milex.beh               17.0000
 43. Amount of behavioral change in period 15 on milex.beh               48.0000
 44. Amount of behavioral change in period 16 on milex.beh               20.0000
 45. Amount of behavioral change in period 17 on milex.beh               18.0000
 46. milex.beh centered sum                                             -67.9151
 47. milex.beh sum of cent. squares                                    5722.2550
 48. milex.beh outdegrees                                              -256.4846
 49. milex.beh dense triads                                            -2686.3147
 50. milex.beh x beh.democracy_1                                       -381.2796
 51. milex.beh x beh.GDPgrowth_1                                          0.3065
 52. milex.beh x beh.nato_1                                              47.2347
 53. milex.beh x beh.allies_1                                          -4376.9242
 54. milex.beh x beh.military_1                                         126.7983
 55. milex.beh x beh.lnmids_1                                           566.8675
 56. milex.beh x beh.milexSpLag_1                                        23.5793

 56 parameters, 56 statistics

Estimation of derivatives by the LR method (type 1).


@2
End of stochastic approximation algorithm, phase 3.
---------------------------------------------------

Total of 3158 iterations.
Parameter estimates based on 2158 iterations,
convergence diagnostics, covariance and derivative matrices based on 1000 iterations.

Information for convergence diagnosis.
Averages, standard deviations, and t-ratios for deviations from targets:
  1.    0.1820    4.4261   0.0411 
  2.    0.2280    8.3245   0.0274 
  3.    0.1820   12.7846   0.0142 
  4.    0.3340   13.5341   0.0247 
  5.    0.1920   12.0620   0.0159 
  6.    0.4860   11.5830   0.0420 
  7.    1.0440   13.0452   0.0800 
  8.    0.2640   12.5123   0.0211 
  9.    0.0900   12.5555   0.0072 
 10.   -0.3020   11.9475  -0.0253 
 11.    0.4040   13.0316   0.0310 
 12.   -0.0660   14.2880  -0.0046 
 13.   -0.3260   13.2548  -0.0246 
 14.   -0.0360   13.1473  -0.0027 
 15.   -0.2540   12.7275  -0.0200 
 16.   -0.6700   16.1919  -0.0414 
 17.    0.3120   13.6197   0.0229 
 18.    0.2520   27.4836   0.0092 
 19.   -7.9030   86.5647  -0.0913 
 20. -109.6240 2731.6172  -0.0401 
 21.   -0.8068   69.1180  -0.0117 
 22.   -0.8401   32.8883  -0.0255 
 23.   -1.3527   46.2063  -0.0293 
 24.   -6.7300  200.0473  -0.0336 
 25.    0.0407   10.0129   0.0041 
 26.    0.6825   53.0366   0.0129 
 27.   -1.2364   18.8559  -0.0656 
 28.   -2.2613   91.2892  -0.0248 
 29.   -0.0270    5.4185  -0.0050 
 30.    0.4650    6.2001   0.0750 
 31.    0.4770    6.4961   0.0734 
 32.    0.1180    6.2000   0.0190 
 33.    0.4120    5.6636   0.0727 
 34.    0.1280    5.4693   0.0234 
 35.   -0.0970    5.1523  -0.0188 
 36.    0.0440    5.1576   0.0085 
 37.   -0.3320    4.4033  -0.0754 
 38.    0.4230    6.6921   0.0632 
 39.   -0.1190    5.3184  -0.0224 
 40.   -0.1480    6.1171  -0.0242 
 41.    0.1050    4.0381   0.0260 
 42.   -0.2030    3.9678  -0.0512 
 43.    0.2340    6.1874   0.0378 
 44.    0.1230    4.1254   0.0298 
 45.    0.3530    3.9393   0.0896 
 46.    1.0860   23.9897   0.0453 
 47.   -2.1910   97.5260  -0.0225 
 48.   -4.4070  174.7783  -0.0252 
 49.  -16.2150  470.3297  -0.0345 
 50.   -0.4771   12.5909  -0.0379 
 51.   -0.0966    2.2006  -0.0439 
 52.    0.0394    9.2301   0.0043 
 53.   18.5295  470.3180   0.0394 
 54.   -0.0604    6.5480  -0.0092 
 55.   -0.5503   15.3912  -0.0358 
 56.    0.0041    0.5009   0.0083 

Good convergence is indicated by the t-ratios being close to zero.

Overall maximum convergence ratio =  0.3212 .



@2
Estimation Results.
-------------------

Regular end of estimation algorithm.
Total of 3158 iteration steps.


@3
Estimates and standard errors
                             
Network Dynamics
 1. rate:  constant dv.net rate (period 1)                         0.0479  (   0.0215)
 2. rate:  constant dv.net rate (period 2)                         0.1413  (   0.0348)
 3. rate:  constant dv.net rate (period 3)                         0.4324  (   0.0789)
 4. rate:  constant dv.net rate (period 4)                         0.3507  (   0.0520)
 5. rate:  constant dv.net rate (period 5)                         0.3236  (   0.0560)
 6. rate:  constant dv.net rate (period 6)                         0.3205  (   0.0583)
 7. rate:  constant dv.net rate (period 7)                         0.3988  (   0.0671)
 8. rate:  constant dv.net rate (period 8)                         0.3092  (   0.0511)
 9. rate:  constant dv.net rate (period 9)                         0.3248  (   0.0527)
10. rate:  constant dv.net rate (period 10)                        0.2745  (   0.0480)
11. rate:  constant dv.net rate (period 11)                        0.3207  (   0.0523)
12. rate:  constant dv.net rate (period 12)                        0.4423  (   0.0678)
13. rate:  constant dv.net rate (period 13)                        0.3512  (   0.0559)
14. rate:  constant dv.net rate (period 14)                        0.3219  (   0.0502)
15. rate:  constant dv.net rate (period 15)                        0.2876  (   0.0468)
16. rate:  constant dv.net rate (period 16)                        0.5098  (   0.0649)
17. rate:  constant dv.net rate (period 17)                        0.3383  (   0.0499)
18. eval:  degree (density)                                       -5.7544  (   0.2513)
19. eval:  transitive triads                                       0.1803  (   0.0602)
20. eval:  degree act+pop                                          0.0608  (   0.0056)
21. eval:  nets.lndistance_d                                      -0.9063  (   0.0758)
22. eval:  nets.ATOP_d                                             1.1436  (   0.1499)
23. eval:  nets.absidealdiff_d                                    -0.6421  (   0.0753)
24. eval:  nets.lntrade_d                                          0.0706  (   0.0309)
25. eval:  nets.NATO_d                                            -3.7719  (   0.4176)
26. eval:  milex.beh alter                                        -0.0661  (   0.0604)
27. eval:  beh.democracy_1 alter                                   1.6161  (   0.2754)
28. eval:  beh.lncinc_1 alter                                      0.8177  (   0.0723)
Behavior Dynamics

29. rate:  rate milex.beh (period 1)                               0.9340  (   0.1968)
30. rate:  rate milex.beh (period 2)                               1.3133  (   0.2339)
31. rate:  rate milex.beh (period 3)                               1.3496  (   0.2508)
32. rate:  rate milex.beh (period 4)                               1.1841  (   0.2382)
33. rate:  rate milex.beh (period 5)                               0.7010  (   0.1355)
34. rate:  rate milex.beh (period 6)                               0.5673  (   0.1098)
35. rate:  rate milex.beh (period 7)                               0.4763  (   0.0998)
36. rate:  rate milex.beh (period 8)                               0.5275  (   0.1115)
37. rate:  rate milex.beh (period 9)                               0.3762  (   0.0908)
38. rate:  rate milex.beh (period 10)                              1.7538  (   0.3339)
39. rate:  rate milex.beh (period 11)                              0.5902  (   0.1227)
40. rate:  rate milex.beh (period 12)                              1.3438  (   0.2474)
41. rate:  rate milex.beh (period 13)                              0.3270  (   0.0753)
42. rate:  rate milex.beh (period 14)                              0.2989  (   0.0783)
43. rate:  rate milex.beh (period 15)                              1.0941  (   0.1941)
44. rate:  rate milex.beh (period 16)                              0.4204  (   0.1119)
45. rate:  rate milex.beh (period 17)                              0.3635  (   0.0928)
46. eval:  milex.beh linear shape                                 -1.1892  (   0.0804)
47. eval:  milex.beh quadratic shape                              -0.0352  (   0.0264)
48. eval:  milex.beh degree                                        0.0932  (   0.0257)
49. eval:  milex.beh dense triads                                 -0.0239  (   0.0085)
50. eval:  milex.beh: effect from beh.democracy_1                 -0.4962  (   0.1439)
51. eval:  milex.beh: effect from beh.GDPgrowth_1                 -2.4403  (   0.8919)
52. eval:  milex.beh: effect from beh.nato_1                       0.9209  (   0.1703)
53. eval:  milex.beh: effect from beh.allies_1                    -0.0110  (   0.0036)
54. eval:  milex.beh: effect from beh.military_1                   0.2633  (   0.1922)
55. eval:  milex.beh: effect from beh.lnmids_1                     0.1499  (   0.0910)
56. eval:  milex.beh: effect from beh.milexSpLag_1                 7.8081  (   2.8832)


@3
Covariance matrices
                   
Covariance matrix of estimates (correlations below diagonal):
     0.000      0.000      0.000      0.000      0.000      0.000      0.000      0.000      0.000      0.000      0.000      0.000      0.000      0.000      0.000      0.000      0.000      0.000      0.000      0.000      0.000      0.000      0.000      0.000      0.000      0.000      0.000      0.000      0.000      0.000      0.000      0.000      0.000      0.000      0.000      0.000      0.000      0.000      0.000      0.000      0.000      0.000      0.000      0.000      0.000      0.000      0.000      0.000      0.000      0.000     -0.001      0.000      0.000      0.000      0.000      0.005
     0.007      0.001      0.000      0.000      0.000      0.000      0.000      0.000      0.000      0.000      0.000      0.000      0.000      0.000      0.000      0.000      0.000     -0.001      0.000      0.000      0.000      0.000      0.000      0.000      0.000      0.000      0.000      0.000      0.000      0.001      0.000      0.000      0.000      0.000      0.000      0.000      0.000      0.000      0.000      0.000      0.000      0.000      0.000      0.000      0.000      0.000      0.000      0.000      0.000      0.000      0.000      0.000      0.000      0.000      0.000      0.003
     0.030      0.019      0.006      0.000      0.000      0.000      0.000      0.000      0.000      0.000      0.000      0.000      0.000      0.000      0.000      0.000      0.000     -0.001      0.000      0.000      0.001     -0.001      0.000      0.000      0.002      0.000     -0.003     -0.001      0.001      0.001      0.003      0.002      0.001      0.000      0.000      0.000      0.000      0.001      0.000      0.000      0.000      0.000      0.000      0.000      0.000      0.000      0.000      0.000      0.000      0.000      0.006      0.000      0.000     -0.001      0.000     -0.012
    -0.024     -0.004      0.010      0.003      0.000      0.000      0.000      0.000      0.000      0.000      0.000      0.000      0.000      0.000      0.000      0.000      0.000     -0.001      0.000      0.000      0.000      0.000      0.000      0.000      0.001      0.000      0.000      0.000      0.000      0.000      0.000      0.001      0.000      0.000      0.000      0.000      0.000     -0.001      0.000      0.001      0.000      0.000      0.000     -0.001      0.000      0.000      0.000      0.000      0.000      0.000      0.000      0.000      0.000      0.000      0.000      0.000
     0.012     -0.006      0.067      0.014      0.003      0.000      0.000      0.000      0.000      0.000      0.000      0.000      0.000      0.000      0.000      0.000      0.000      0.000      0.000      0.000      0.000      0.000      0.000      0.000      0.000      0.000     -0.001      0.000      0.000      0.000      0.000      0.000      0.001      0.000      0.000      0.000      0.000      0.001      0.000      0.000      0.000      0.000      0.000     -0.001      0.000      0.000      0.000      0.000      0.000      0.000     -0.001      0.000      0.000      0.000      0.000     -0.005
     0.008     -0.004     -0.003      0.022      0.001      0.003      0.000      0.000      0.000      0.000      0.000      0.000      0.000      0.000      0.000      0.000      0.000      0.001      0.000      0.000      0.000     -0.001      0.000      0.000      0.001      0.000     -0.002     -0.001      0.000      0.001      0.001      0.000      0.000      0.000      0.000      0.000      0.000     -0.001      0.001      0.000      0.000      0.000      0.000      0.000      0.000      0.000      0.000      0.000      0.000      0.000     -0.001      0.000      0.000     -0.001      0.000      0.006
     0.041      0.027     -0.018      0.034      0.045     -0.030      0.005      0.000      0.000      0.000      0.000      0.000      0.000      0.000      0.000      0.000      0.000     -0.001      0.000      0.000      0.000      0.000      0.000      0.000     -0.001      0.000     -0.001      0.000      0.001     -0.001      0.000      0.001      0.000      0.000      0.000      0.000      0.000      0.001      0.000      0.000      0.000      0.000      0.000      0.000      0.000      0.000      0.000      0.000      0.000      0.000     -0.001      0.000      0.000      0.000      0.000     -0.003
    -0.003     -0.036      0.084      0.042      0.035      0.087      0.059      0.003      0.000      0.000      0.000      0.000      0.000      0.000      0.000      0.000      0.000      0.000      0.000      0.000      0.000      0.000      0.000      0.000      0.001      0.000     -0.001      0.000      0.000      0.000      0.000      0.000      0.000      0.000      0.000     -0.001      0.000     -0.001      0.000      0.000      0.000      0.000      0.000      0.000      0.000      0.000      0.000      0.000      0.000      0.000      0.001      0.000      0.000      0.000      0.000      0.002
     0.033     -0.014     -0.025      0.006      0.000     -0.019      0.034     -0.005      0.003      0.000      0.000      0.000      0.000      0.000      0.000      0.000      0.000      0.000      0.000      0.000      0.000      0.000      0.000      0.000     -0.001      0.000     -0.001      0.000      0.000      0.001      0.000      0.000      0.000      0.000      0.000      0.000     -0.001      0.000      0.000      0.000      0.000      0.000      0.000      0.000      0.000      0.000      0.000      0.000      0.000      0.000     -0.001      0.000      0.000      0.000      0.000      0.003
    -0.007      0.079      0.063      0.055      0.018      0.013     -0.014      0.043      0.001      0.002      0.000      0.000      0.000      0.000      0.000      0.000      0.000     -0.001      0.000      0.000      0.000      0.000      0.000      0.000      0.000      0.000      0.000      0.000      0.000      0.000      0.001      0.000      0.000      0.000      0.000      0.000      0.000      0.002      0.000      0.000      0.000      0.000      0.000      0.000      0.000      0.000      0.000      0.000      0.000      0.000      0.001      0.000      0.000      0.000      0.000     -0.002
    -0.039     -0.009      0.008      0.012      0.020     -0.003      0.012      0.003      0.011      0.019      0.003      0.000      0.000      0.000      0.000      0.000      0.000      0.000      0.000      0.000      0.000      0.000      0.000      0.000      0.000      0.000      0.000      0.000      0.000      0.000      0.000      0.000      0.000      0.000      0.000      0.000      0.000     -0.001      0.000      0.001      0.000      0.000      0.000      0.000      0.000      0.000      0.000      0.000      0.000      0.000      0.002      0.000      0.000      0.000      0.000     -0.007
    -0.021     -0.022      0.044      0.051      0.072     -0.028      0.070      0.024      0.016     -0.024      0.017      0.005      0.000      0.000      0.000      0.000      0.000      0.001      0.000      0.000      0.000      0.000      0.000      0.000      0.003      0.000     -0.001      0.000      0.000      0.000      0.001      0.000      0.000      0.000      0.000      0.000      0.000     -0.001      0.000      0.000      0.000      0.000     -0.001      0.000      0.000      0.000      0.000      0.000      0.000      0.000      0.000      0.000      0.000      0.000      0.000      0.004
     0.021      0.042      0.035      0.085      0.002     -0.013      0.055     -0.011      0.001     -0.030     -0.007     -0.065      0.003      0.000      0.000      0.000      0.000      0.000      0.000      0.000      0.000      0.000      0.000      0.000     -0.001      0.000     -0.001      0.000      0.001      0.000     -0.001      0.000      0.000      0.000      0.000      0.000      0.000      0.000      0.000      0.000      0.000      0.000      0.000      0.000      0.000      0.000      0.000      0.000      0.000      0.000      0.000      0.000      0.000      0.000      0.000      0.000
    -0.058     -0.041      0.002      0.029     -0.034     -0.011     -0.027     -0.007      0.012      0.083     -0.023      0.049     -0.029      0.003      0.000      0.000      0.000      0.000      0.000      0.000      0.000      0.000      0.000      0.000      0.000      0.000      0.000      0.000     -0.001      0.000      0.000      0.000      0.000      0.000      0.000      0.000      0.000      0.001      0.000      0.000      0.000      0.000      0.000      0.000      0.000      0.000      0.000      0.000      0.000      0.000      0.001      0.000      0.000      0.000      0.000      0.004
     0.005     -0.021     -0.029     -0.021     -0.010     -0.016     -0.001     -0.011      0.046      0.059      0.004      0.030      0.004     -0.005      0.002      0.000      0.000      0.000      0.000      0.000      0.000      0.000      0.000      0.000      0.000      0.000      0.000      0.000      0.000      0.001      0.000      0.000      0.000      0.000      0.000      0.000      0.000      0.001      0.000      0.000      0.000      0.000      0.000      0.000      0.000      0.000      0.000      0.000      0.000      0.000      0.001      0.000      0.000      0.000      0.000      0.000
    -0.030      0.010      0.046     -0.012      0.017     -0.018     -0.010     -0.015      0.033      0.003      0.008      0.011      0.030     -0.008      0.004      0.004      0.000      0.000      0.000      0.000      0.000      0.000      0.000      0.000      0.001      0.000     -0.001      0.000      0.000      0.000      0.000      0.000      0.000      0.000      0.000      0.000      0.000      0.000      0.000     -0.001      0.000      0.000      0.000     -0.001      0.000      0.000      0.000      0.000      0.000      0.000      0.000      0.000      0.000      0.000      0.000     -0.001
     0.004      0.012      0.001     -0.035     -0.017     -0.055     -0.002     -0.002      0.044     -0.014     -0.021     -0.040      0.025     -0.002      0.015      0.021      0.002      0.001      0.000      0.000      0.000      0.000      0.000      0.000      0.000      0.000      0.001      0.000      0.000      0.000      0.000      0.000      0.000      0.000      0.000      0.000      0.000     -0.001      0.000      0.001      0.000      0.000      0.001      0.000      0.000      0.000      0.000      0.000      0.000      0.000      0.000      0.000      0.000      0.001      0.000      0.005
    -0.008     -0.075     -0.048     -0.060     -0.028      0.059     -0.087      0.015      0.004     -0.059      0.002      0.041     -0.034     -0.006     -0.009      0.005      0.072      0.063     -0.004      0.000      0.009     -0.012      0.007      0.000      0.037      0.002     -0.029     -0.011      0.002      0.002      0.000     -0.002      0.000      0.001     -0.002      0.001      0.000     -0.004     -0.001      0.000      0.000      0.001      0.003      0.001      0.000      0.000      0.000      0.000      0.000      0.000     -0.009     -0.001      0.000      0.001     -0.001     -0.001
     0.020      0.005     -0.016     -0.003      0.026     -0.060      0.061     -0.028      0.054     -0.016     -0.004     -0.089     -0.015      0.032      0.045      0.009      0.023     -0.295      0.004      0.000     -0.001      0.000     -0.001      0.000     -0.013      0.001      0.006      0.002      0.000      0.000      0.001      0.001      0.000      0.000      0.000      0.000      0.000      0.001      0.000      0.001      0.000      0.000      0.000      0.000      0.000      0.000      0.000      0.000      0.000      0.000      0.004      0.000      0.000      0.000      0.000      0.005
    -0.006      0.058      0.110      0.094      0.066      0.051      0.074      0.021     -0.011      0.090      0.041      0.012      0.057     -0.041     -0.067     -0.013     -0.095     -0.280     -0.536      0.000      0.000      0.000      0.000      0.000      0.000      0.000      0.000      0.000      0.000      0.000      0.000      0.000      0.000      0.000      0.000      0.000      0.000      0.000      0.000      0.000      0.000      0.000      0.000      0.000      0.000      0.000      0.000      0.000      0.000      0.000      0.000      0.000      0.000      0.000      0.000      0.000
    -0.007      0.010      0.094      0.022      0.042      0.101     -0.012      0.059      0.040      0.045      0.028      0.048      0.024     -0.019      0.011      0.008     -0.020      0.459     -0.252      0.092      0.006      0.001      0.001      0.001      0.007      0.000     -0.006     -0.003      0.000      0.000      0.000      0.001      0.000      0.000      0.000      0.000      0.000      0.000      0.000      0.000      0.000      0.000      0.000      0.000      0.000      0.000      0.000      0.000      0.000      0.000     -0.003      0.000      0.000      0.000      0.000      0.003
    -0.034      0.068     -0.060      0.023     -0.045     -0.073      0.006     -0.048     -0.020     -0.056     -0.061     -0.026     -0.013     -0.034     -0.008     -0.044     -0.012     -0.331      0.004      0.032      0.105      0.022      0.000     -0.001     -0.012     -0.002      0.015      0.003      0.000     -0.001     -0.002      0.000      0.000      0.000      0.000     -0.001      0.000     -0.002      0.000      0.001      0.000     -0.001      0.000      0.000     -0.001      0.000      0.000      0.000      0.000      0.000     -0.003      0.000      0.000      0.000      0.001      0.014
     0.029      0.019      0.023      0.035     -0.008      0.077      0.020      0.031     -0.003     -0.060     -0.013      0.022     -0.015      0.044     -0.044      0.052      0.059      0.393     -0.175     -0.052      0.156      0.027      0.006      0.000      0.009     -0.002     -0.007     -0.002      0.000      0.000      0.001      0.000      0.000      0.001      0.000      0.001      0.000     -0.001      0.000      0.000      0.000      0.000      0.000      0.000      0.000      0.000      0.000      0.000      0.000      0.000      0.000      0.000      0.000      0.000      0.000     -0.004
     0.059      0.006      0.151      0.071      0.059      0.099      0.010      0.093      0.059      0.104      0.056      0.013      0.049      0.045     -0.037     -0.030     -0.042      0.060     -0.167      0.215      0.443     -0.213     -0.098      0.001      0.000      0.000     -0.001     -0.001      0.000      0.000      0.000      0.000      0.000      0.000      0.000      0.000      0.000      0.000      0.000      0.000      0.000      0.000      0.000      0.000      0.000      0.000      0.000      0.000      0.000      0.000     -0.001      0.000      0.000      0.000      0.000     -0.002
     0.012      0.031      0.057      0.037      0.012      0.028     -0.038      0.042     -0.033     -0.015      0.014      0.099     -0.063      0.012      0.022      0.039      0.003      0.348     -0.502      0.066      0.207     -0.187      0.287     -0.030      0.174     -0.004     -0.040     -0.006     -0.002      0.004      0.000     -0.003     -0.004     -0.003     -0.002      0.001     -0.001     -0.001      0.001     -0.004      0.000      0.001      0.003      0.001      0.000     -0.001     -0.001      0.000      0.000      0.000     -0.023      0.000      0.000     -0.002     -0.001     -0.025
    -0.031     -0.080     -0.045     -0.001     -0.015     -0.034     -0.010     -0.010     -0.011      0.038      0.051     -0.039     -0.003      0.018     -0.012      0.007      0.051      0.138      0.158     -0.238      0.016     -0.170     -0.376      0.088     -0.158      0.004      0.003     -0.001      0.000      0.000      0.001      0.001      0.000      0.000      0.000      0.000      0.000      0.001      0.000      0.001      0.000      0.000      0.001      0.000      0.000      0.000      0.000      0.000      0.000     -0.001      0.003      0.000      0.000      0.000      0.000     -0.011
    -0.069     -0.036     -0.115     -0.034     -0.081     -0.124     -0.058     -0.058     -0.037     -0.032     -0.032     -0.055     -0.045      0.020     -0.011     -0.077      0.039     -0.425      0.340     -0.281     -0.283      0.352     -0.319     -0.164     -0.350      0.210      0.076      0.006      0.000     -0.003     -0.002      0.001     -0.001     -0.001      0.001     -0.002      0.001      0.000      0.001      0.000      0.001     -0.001      0.000      0.001     -0.001      0.000      0.000      0.000      0.000      0.000     -0.001      0.000      0.000      0.000      0.002      0.012
     0.000      0.000     -0.094     -0.068     -0.047     -0.131     -0.024     -0.086     -0.039     -0.057     -0.079     -0.034     -0.036     -0.010      0.048     -0.010     -0.023     -0.591      0.381     -0.241     -0.615      0.240     -0.281     -0.559     -0.203     -0.162      0.284      0.005     -0.001     -0.001      0.000      0.000      0.000      0.000      0.000      0.000      0.000      0.000      0.000      0.000      0.000      0.000      0.000      0.000      0.000      0.000      0.000      0.000      0.000      0.000      0.005      0.000      0.000      0.001      0.000      0.003
    -0.021      0.044      0.093     -0.022      0.013      0.021      0.068      0.040     -0.013     -0.014     -0.021     -0.008      0.079     -0.059      0.038     -0.004     -0.002      0.031     -0.020      0.023      0.033      0.012      0.021     -0.001     -0.022      0.016      0.004     -0.046      0.039      0.002      0.001      0.002      0.001      0.001      0.001     -0.002      0.000      0.002      0.001     -0.001      0.001      0.000     -0.001      0.000      0.000      0.000      0.000      0.000      0.000      0.002      0.017     -0.002      0.000     -0.002      0.000      0.024
     0.006      0.161      0.037      0.020     -0.008      0.043     -0.055      0.007      0.087      0.003      0.014      0.005      0.003      0.004      0.061     -0.021     -0.029      0.034     -0.003     -0.006      0.011     -0.035      0.016      0.033      0.036     -0.010     -0.039     -0.049      0.045      0.055      0.001      0.002     -0.001      0.000      0.001     -0.001      0.000      0.001     -0.001      0.002     -0.001      0.000      0.000      0.000      0.000      0.001      0.001     -0.001      0.000      0.003      0.012     -0.003      0.000      0.000      0.000     -0.002
     0.044     -0.033      0.165      0.010      0.022      0.035      0.010      0.028     -0.003      0.061     -0.031      0.030     -0.046      0.034      0.035     -0.019      0.010     -0.004      0.061     -0.016      0.021     -0.056      0.035      0.010      0.003      0.055     -0.022     -0.023      0.028      0.022      0.063      0.001      0.000      0.002      0.000      0.000     -0.001      0.007      0.001     -0.001      0.000      0.000     -0.002      0.000      0.000     -0.002      0.001      0.000      0.000      0.001      0.037      0.000      0.000     -0.001     -0.003      0.034
    -0.015      0.016      0.084      0.077      0.005     -0.008      0.034     -0.023      0.026      0.038     -0.004      0.007      0.034      0.019     -0.035     -0.006      0.009     -0.029      0.036     -0.013      0.028      0.004     -0.017      0.001     -0.027      0.066      0.012      0.004      0.041      0.029      0.015      0.057      0.001     -0.001     -0.001      0.001      0.000     -0.001      0.000     -0.003      0.000      0.000      0.001      0.000      0.000      0.000      0.001      0.000      0.000      0.000      0.015      0.001      0.000     -0.004      0.001     -0.013
     0.001      0.002      0.057      0.000      0.083     -0.003      0.003     -0.007      0.004     -0.014      0.014      0.022     -0.016      0.007      0.025     -0.042     -0.013      0.012      0.059     -0.011      0.004     -0.012      0.040     -0.030     -0.064      0.015     -0.039      0.024      0.023     -0.029     -0.004      0.021      0.018      0.000      0.000      0.001      0.000      0.001      0.000      0.001      0.000      0.001      0.000      0.001     -0.001      0.000      0.000      0.000      0.000      0.000      0.008      0.000      0.000     -0.001      0.000      0.005
     0.020     -0.007      0.051     -0.025      0.008      0.034      0.031     -0.015      0.010     -0.033      0.010      0.021      0.048      0.009      0.028     -0.005      0.030      0.043      0.057     -0.037     -0.001      0.016      0.084     -0.007     -0.056     -0.045     -0.041     -0.007      0.055     -0.016      0.069     -0.030      0.032      0.012      0.000      0.000      0.000      0.001      0.000      0.001      0.000      0.000      0.001      0.001      0.000      0.000      0.000      0.000      0.000      0.001      0.004     -0.001      0.000      0.000      0.000      0.000
    -0.025      0.069     -0.012     -0.025     -0.007      0.001     -0.012     -0.019     -0.003      0.008     -0.008     -0.002      0.045      0.033     -0.002      0.075      0.006     -0.088      0.029      0.007     -0.034      0.017     -0.017     -0.014     -0.042     -0.051      0.048      0.038      0.055      0.048     -0.011     -0.024      0.017      0.012      0.010      0.000      0.000      0.001      0.000      0.000      0.000      0.000      0.001      0.000      0.000     -0.001      0.000      0.000      0.000      0.000      0.000      0.001      0.000      0.000      0.000      0.011
     0.038      0.017      0.046      0.001      0.001      0.023      0.052     -0.123      0.013      0.011      0.030      0.039      0.008     -0.012     -0.026      0.008      0.016      0.051     -0.003     -0.014     -0.014     -0.055      0.062      0.000      0.016      0.019     -0.053     -0.009     -0.075     -0.029     -0.014      0.044      0.042      0.031     -0.008      0.012      0.000      0.000      0.000      0.002      0.000      0.000      0.000      0.000      0.000      0.000      0.000      0.000      0.000     -0.001      0.001      0.001      0.000     -0.001      0.000      0.000
     0.033     -0.038     -0.015      0.007      0.001      0.015     -0.046      0.021     -0.129     -0.030      0.024     -0.030      0.045     -0.043      0.018      0.003     -0.024     -0.015      0.024      0.004     -0.002      0.031     -0.024      0.005     -0.028      0.004      0.041      0.019     -0.015     -0.011     -0.065      0.008     -0.001     -0.018      0.003     -0.005      0.008      0.000      0.000      0.000      0.000      0.000     -0.001      0.000      0.000      0.000      0.000      0.000      0.000     -0.001      0.005      0.001      0.000      0.000      0.000     -0.003
     0.016      0.021      0.055     -0.031      0.037     -0.027      0.031     -0.067      0.005      0.119     -0.047     -0.033      0.019      0.073      0.032      0.018     -0.062     -0.049      0.042      0.013     -0.016     -0.046     -0.040      0.032     -0.009      0.061      0.001      0.003      0.031      0.010      0.082     -0.007      0.016      0.035      0.024     -0.001      0.009      0.111      0.001      0.000      0.001     -0.001      0.003      0.000      0.001      0.000      0.001      0.000      0.000      0.000      0.027      0.000      0.000     -0.003      0.002      0.035
    -0.030      0.008      0.020      0.041     -0.045      0.087      0.034     -0.038      0.027     -0.020     -0.031      0.019      0.055      0.000      0.016     -0.002     -0.043     -0.047     -0.002      0.002      0.005      0.020     -0.006     -0.018      0.022     -0.020      0.036      0.035      0.051     -0.042      0.042      0.006     -0.017     -0.035      0.007     -0.032      0.023      0.025      0.015      0.000      0.000      0.000      0.000      0.000      0.000      0.000      0.000      0.000      0.000      0.000      0.006      0.000      0.000      0.000      0.000      0.008
     0.033     -0.022     -0.009      0.057     -0.013      0.004     -0.013     -0.024     -0.012     -0.029      0.091     -0.004      0.001     -0.039      0.030     -0.073      0.057     -0.004      0.070     -0.007      0.021      0.023     -0.005     -0.025     -0.039      0.045      0.006     -0.021     -0.023      0.030     -0.021     -0.043      0.031      0.038     -0.009      0.055      0.004     -0.006     -0.004      0.061     -0.001      0.002      0.001      0.000     -0.001      0.002      0.000      0.000      0.000     -0.004      0.017      0.002      0.000      0.002      0.000     -0.021
     0.069      0.043     -0.027     -0.072     -0.016      0.015      0.006      0.010      0.037      0.027     -0.059     -0.050     -0.057      0.040      0.024      0.036     -0.003     -0.023     -0.012     -0.016     -0.053      0.020     -0.036     -0.019      0.012      0.018      0.054      0.019      0.038     -0.033      0.003     -0.026     -0.035      0.007      0.015     -0.033     -0.001      0.051     -0.011     -0.046      0.006      0.000      0.000      0.000      0.000      0.000      0.000      0.000      0.000      0.000     -0.001      0.000      0.000      0.000      0.000      0.012
     0.028     -0.055     -0.008      0.034      0.029      0.017      0.015      0.040      0.107     -0.048     -0.015     -0.034      0.030     -0.065      0.000      0.000      0.043      0.055      0.015      0.016     -0.009     -0.093      0.001      0.014      0.017      0.055     -0.029     -0.046      0.019      0.010     -0.005     -0.006      0.075     -0.046     -0.062     -0.046     -0.025     -0.037      0.014      0.086     -0.022      0.006      0.000      0.000      0.000      0.000      0.000      0.000      0.000      0.000      0.000      0.000      0.000      0.000      0.000      0.005
    -0.009      0.000     -0.011     -0.017     -0.016     -0.022     -0.005      0.012      0.034      0.029      0.027     -0.061     -0.007      0.048      0.052     -0.017      0.071      0.057      0.014     -0.065     -0.018     -0.014     -0.012     -0.054      0.042      0.068     -0.007     -0.013     -0.028     -0.003     -0.039      0.024      0.004      0.037      0.050     -0.004     -0.029      0.051     -0.002      0.030     -0.002     -0.012      0.038      0.001     -0.001      0.000      0.000      0.000      0.000     -0.001      0.010     -0.001      0.000      0.001     -0.001     -0.013
     0.026     -0.007     -0.017     -0.088     -0.088     -0.033     -0.005      0.002      0.042      0.010     -0.029      0.004     -0.025     -0.028      0.027     -0.083     -0.050      0.020     -0.004     -0.043     -0.040      0.000      0.016     -0.038      0.027     -0.034      0.022      0.019     -0.017      0.005      0.002     -0.006      0.048      0.062      0.024     -0.001      0.016     -0.008     -0.032      0.009     -0.029      0.004      0.048      0.013      0.000      0.000      0.000      0.000      0.000      0.000     -0.001      0.001      0.000      0.000      0.000     -0.006
     0.054      0.032      0.040     -0.037      0.041      0.060      0.027      0.031      0.050     -0.034     -0.013      0.071      0.019      0.013      0.027     -0.010     -0.067     -0.001     -0.022     -0.002     -0.029     -0.041      0.036      0.048      0.004     -0.037     -0.038     -0.019     -0.015     -0.002      0.010     -0.018     -0.040      0.006      0.019     -0.015     -0.022      0.022     -0.014     -0.035     -0.041      0.037     -0.061      0.008      0.009     -0.001      0.000      0.000      0.000      0.000     -0.006      0.000      0.000      0.000      0.001     -0.001
    -0.047      0.047     -0.018     -0.010      0.076      0.033      0.003     -0.023      0.004     -0.051      0.042      0.020      0.042     -0.003     -0.045      0.013     -0.046     -0.005      0.049     -0.044      0.020     -0.010      0.032      0.022     -0.028      0.009     -0.022      0.017      0.028      0.048     -0.076     -0.007     -0.018      0.002     -0.065     -0.002     -0.020      0.013     -0.015      0.098     -0.006     -0.036     -0.021     -0.034     -0.070      0.006      0.000     -0.001      0.000      0.003      0.015     -0.002      0.000     -0.001      0.001     -0.031
    -0.007      0.021      0.090      0.003     -0.005      0.020     -0.004     -0.011      0.030      0.041      0.010      0.019      0.023     -0.007      0.057     -0.001     -0.040     -0.060      0.050      0.014     -0.057     -0.021     -0.050     -0.010     -0.047      0.024      0.005      0.055      0.078      0.161      0.189      0.148      0.107      0.139      0.095      0.006      0.069      0.114      0.057      0.064     -0.008      0.050      0.091      0.071     -0.015     -0.100      0.001      0.000      0.000      0.001      0.007      0.000      0.000     -0.001      0.000     -0.022
     0.019     -0.034      0.029      0.001     -0.089     -0.027      0.020     -0.022     -0.018      0.032     -0.038      0.008     -0.047      0.021     -0.011     -0.040      0.076      0.040      0.019     -0.022      0.001     -0.028     -0.023     -0.011      0.020      0.038      0.011     -0.037     -0.063     -0.094      0.034     -0.062     -0.041     -0.053     -0.013     -0.012     -0.006     -0.009     -0.002     -0.015     -0.007      0.055      0.015     -0.008      0.010     -0.585     -0.138      0.001      0.000     -0.001     -0.003      0.000      0.000      0.000     -0.001      0.005
    -0.008      0.031     -0.040      0.006      0.064      0.017     -0.030      0.041      0.025     -0.046      0.032     -0.008      0.061     -0.020      0.015      0.053     -0.060     -0.030     -0.017      0.027     -0.001      0.020      0.016      0.014     -0.019     -0.036     -0.018      0.025      0.034      0.081     -0.029      0.036      0.033      0.040      0.008      0.015     -0.014     -0.016      0.003     -0.026     -0.009     -0.047      0.003     -0.014      0.034      0.400      0.093     -0.905      0.000      0.000      0.000      0.000      0.000      0.000      0.000     -0.001
     0.005      0.035      0.044      0.019      0.050      0.013      0.002      0.004     -0.039      0.011     -0.023      0.001      0.050      0.000     -0.014      0.051     -0.037      0.009      0.000     -0.038     -0.007      0.022      0.027     -0.002      0.004     -0.076      0.000      0.035      0.066      0.081      0.027     -0.015     -0.013      0.059      0.007     -0.038     -0.047      0.009     -0.005     -0.112      0.025     -0.038     -0.053     -0.018     -0.012      0.227      0.137     -0.239      0.205      0.021      0.003     -0.010      0.000      0.004      0.001      0.030
    -0.060     -0.005      0.089     -0.011     -0.019     -0.019     -0.021      0.025     -0.027      0.023      0.051      0.008     -0.004      0.025      0.035      0.006      0.005     -0.039      0.081     -0.045     -0.039     -0.022      0.005     -0.040     -0.061      0.052     -0.004      0.070      0.098      0.057      0.164      0.069      0.070      0.043     -0.005      0.014      0.061      0.092      0.055      0.076     -0.012      0.004      0.057     -0.012     -0.073      0.202      0.284     -0.119      0.057      0.026      0.796      0.002      0.000     -0.005     -0.003     -0.323
    -0.035     -0.004     -0.013     -0.043      0.010     -0.036     -0.005      0.040      0.035     -0.017      0.020      0.000     -0.042      0.004      0.016      0.009     -0.009     -0.023     -0.047      0.053     -0.017     -0.004     -0.014      0.003      0.000     -0.005      0.010     -0.026     -0.057     -0.066      0.007      0.022      0.008     -0.067      0.040      0.057      0.067      0.008     -0.003      0.042      0.028     -0.012     -0.022      0.036      0.005     -0.117     -0.035     -0.075      0.006     -0.424      0.013      0.029      0.000     -0.002     -0.002     -0.013
     0.004      0.022      0.009      0.044      0.054      0.069      0.006     -0.022     -0.011     -0.023      0.047      0.014     -0.002     -0.071     -0.048     -0.032      0.001     -0.008      0.027      0.018      0.005     -0.017      0.023      0.000     -0.007      0.036     -0.056      0.001      0.087      0.096      0.032      0.041      0.015      0.082     -0.011      0.002     -0.009     -0.041      0.021      0.076      0.001     -0.020     -0.003     -0.030     -0.070      0.418      0.086     -0.353      0.203      0.040      0.093     -0.362      0.000      0.000      0.000      0.000
    -0.031     -0.008     -0.078     -0.005      0.040     -0.049     -0.028      0.003     -0.029      0.010     -0.011      0.033      0.017      0.016     -0.014      0.024      0.057      0.017     -0.014      0.003      0.010      0.004     -0.030     -0.055     -0.025     -0.011     -0.004      0.042     -0.052     -0.003     -0.029     -0.083     -0.032      0.010      0.025     -0.051      0.017     -0.040      0.002      0.041     -0.018     -0.017      0.019      0.008     -0.018     -0.054     -0.100      0.078     -0.053      0.153     -0.028     -0.049      0.055      0.037      0.000      0.050
    -0.001     -0.008      0.012      0.033     -0.004     -0.071     -0.015     -0.037     -0.099      0.000     -0.029     -0.012     -0.007      0.029     -0.025     -0.017     -0.012     -0.051      0.015     -0.021     -0.019      0.038     -0.028     -0.001     -0.035      0.036      0.078      0.064      0.014     -0.008     -0.116      0.045      0.013     -0.018     -0.033     -0.009      0.000      0.052     -0.019     -0.003     -0.024     -0.062     -0.043      0.020      0.064      0.110     -0.203     -0.247      0.198      0.100     -0.039     -0.135      0.032     -0.021      0.008     -0.026
     0.073      0.034     -0.055      0.000     -0.031      0.034     -0.017      0.011      0.022     -0.011     -0.044      0.021      0.000      0.031     -0.003     -0.007      0.033     -0.002      0.030     -0.005      0.011      0.033     -0.020     -0.026     -0.021     -0.062      0.016      0.014      0.042     -0.003      0.047     -0.019      0.013     -0.001      0.038     -0.001     -0.013      0.037      0.022     -0.030      0.054      0.020     -0.023     -0.019     -0.005     -0.132     -0.289      0.072     -0.053      0.071     -0.126     -0.026      0.023      0.091     -0.099      8.313

Derivative matrix of expected statistics X by parameters and
covariance/correlation matrix of X can be found using
summary(ans) within R, or by using the 'verbose' option in Siena07.
 
Total computation time 1117.24 seconds.
