

-----------------------------------
New Analysis started.
Date and time: 21/09/2026 16:56:59
New results follow.
-----------------------------------

RSiena version 1.3.10 (28 Apr 22)


@1
Estimation by stochastic approximation algorithm.
=================================================

Current random number seed is 52020091.
Effects object used: bound$effects 
Model Type:
 Initiative model
Behavioral Model Type:
 Standard behavior actor-oriented model ('restrict')
Estimation method: unconditional moment estimation
.

Time duration for simulations in each period is 1.0.
Changing composition.
Joiners/leavers option: 1
Standard errors are estimated with the likelihood ratio method.
Dolby method (regression on scores) is used.
Initial value of gain parameter is  0.2000000.
Reduction factor for gain parameter is  0.5000000.
Number of subphases in Phase 2 is 0.

Initial parameter values are 
  1. rate:  constant dv.net rate (period 1)                 0.0519
  2. rate:  constant dv.net rate (period 2)                 0.1647
  3. rate:  constant dv.net rate (period 3)                 0.5454
  4. rate:  constant dv.net rate (period 4)                 0.3905
  5. rate:  constant dv.net rate (period 5)                 0.3871
  6. rate:  constant dv.net rate (period 6)                 0.3663
  7. rate:  constant dv.net rate (period 7)                 0.4520
  8. rate:  constant dv.net rate (period 8)                 0.3499
  9. rate:  constant dv.net rate (period 9)                 0.3709
 10. rate:  constant dv.net rate (period 10)                0.3044
 11. rate:  constant dv.net rate (period 11)                0.3655
 12. rate:  constant dv.net rate (period 12)                0.5063
 13. rate:  constant dv.net rate (period 13)                0.3897
 14. rate:  constant dv.net rate (period 14)                0.3651
 15. rate:  constant dv.net rate (period 15)                0.3162
 16. rate:  constant dv.net rate (period 16)                0.5706
 17. rate:  constant dv.net rate (period 17)                0.3704
 18. rate:  constant dv.net rate (period 18)                0.4373
 19. eval:  degree (density)                               -5.9936
 20. eval:  GWESP (69)                                      2.1821
 21. eval:  degree act+pop                                  0.0287
 22. eval:  nets.lndistance_d                              -0.8017
 23. eval:  nets.ATOP_d                                     0.8774
 24. eval:  nets.absidealdiff_d                            -0.5035
 25. eval:  nets.lntrade_d                                  0.0319
 26. eval:  nets.NATO_d                                    -3.5219
 27. eval:  milex.beh alter                                -0.0651
 28. eval:  beh.democracy_1 alter                           1.3062
 29. eval:  beh.lncinc_1 alter                              0.7890
 30. rate:  rate milex.beh (period 1)                       0.9332
 31. rate:  rate milex.beh (period 2)                       1.3025
 32. rate:  rate milex.beh (period 3)                       1.3567
 33. rate:  rate milex.beh (period 4)                       1.1961
 34. rate:  rate milex.beh (period 5)                       0.6987
 35. rate:  rate milex.beh (period 6)                       0.5711
 36. rate:  rate milex.beh (period 7)                       0.4800
 37. rate:  rate milex.beh (period 8)                       0.5226
 38. rate:  rate milex.beh (period 9)                       0.3750
 39. rate:  rate milex.beh (period 10)                      1.7204
 40. rate:  rate milex.beh (period 11)                      0.5847
 41. rate:  rate milex.beh (period 12)                      1.3232
 42. rate:  rate milex.beh (period 13)                      0.3227
 43. rate:  rate milex.beh (period 14)                      0.2975
 44. rate:  rate milex.beh (period 15)                      1.0886
 45. rate:  rate milex.beh (period 16)                      0.4076
 46. rate:  rate milex.beh (period 17)                      0.3537
 47. rate:  rate milex.beh (period 18)                      0.4027
 48. eval:  milex.beh linear shape                         -1.1685
 49. eval:  milex.beh quadratic shape                      -0.0268
 50. eval:  milex.beh degree                                0.0896
 51. eval:  milex.beh dense triads                         -0.0208
 52. eval:  milex.beh: effect from beh.democracy_1         -0.4487
 53. eval:  milex.beh: effect from beh.GDPgrowth_1         -2.2438
 54. eval:  milex.beh: effect from beh.nato_1               0.8678
 55. eval:  milex.beh: effect from beh.allies_1            -0.0109
 56. eval:  milex.beh: effect from beh.military_1           0.2550
 57. eval:  milex.beh: effect from beh.lnmids_1             0.1398
 58. eval:  milex.beh: effect from beh.milexSpLag_1         7.0715


Observed values of target statistics are
  1. Amount of network change in period 1                                10.0000
  2. Amount of network change in period 2                                34.0000
  3. Amount of network change in period 3                                86.0000
  4. Amount of network change in period 4                                94.0000
  5. Amount of network change in period 5                                76.0000
  6. Amount of network change in period 6                                76.0000
  7. Amount of network change in period 7                                94.0000
  8. Amount of network change in period 8                                78.0000
  9. Amount of network change in period 9                                84.0000
 10. Amount of network change in period 10                               72.0000
 11. Amount of network change in period 11                               84.0000
 12. Amount of network change in period 12                              114.0000
 13. Amount of network change in period 13                               94.0000
 14. Amount of network change in period 14                               88.0000
 15. Amount of network change in period 15                               80.0000
 16. Amount of network change in period 16                              138.0000
 17. Amount of network change in period 17                               96.0000
 18. Amount of network change in period 18                              112.0000
 19. Number of edges                                                   5257.0000
 20. Numb. edgew. shrd prtns.(69)                                      15264.4804
 21. Sum of squared degrees                                            333172.0000
 22. Sum of ties x nets.lndistance_d                                   -10629.6066
 23. Sum of ties x nets.ATOP_d                                         5960.4379
 24. Sum of ties x nets.absidealdiff_d                                 -2858.5692
 25. Sum of ties x nets.lntrade_d                                      37643.5933
 26. Sum of ties x nets.NATO_d                                         1247.4871
 27. Sum of degrees x milex.beh                                        -136.5119
 28. Sum of degrees x beh.democracy_1                                  2911.8786
 29. Sum of degrees x beh.lncinc_1                                     13015.0208
 30. Amount of behavioral change in period 1 on milex.beh                41.0000
 31. Amount of behavioral change in period 2 on milex.beh                50.0000
 32. Amount of behavioral change in period 3 on milex.beh                57.0000
 33. Amount of behavioral change in period 4 on milex.beh                52.0000
 34. Amount of behavioral change in period 5 on milex.beh                37.0000
 35. Amount of behavioral change in period 6 on milex.beh                32.0000
 36. Amount of behavioral change in period 7 on milex.beh                28.0000
 37. Amount of behavioral change in period 8 on milex.beh                31.0000
 38. Amount of behavioral change in period 9 on milex.beh                24.0000
 39. Amount of behavioral change in period 10 on milex.beh               71.0000
 40. Amount of behavioral change in period 11 on milex.beh               34.0000
 41. Amount of behavioral change in period 12 on milex.beh               55.0000
 42. Amount of behavioral change in period 13 on milex.beh               18.0000
 43. Amount of behavioral change in period 14 on milex.beh               17.0000
 44. Amount of behavioral change in period 15 on milex.beh               48.0000
 45. Amount of behavioral change in period 16 on milex.beh               20.0000
 46. Amount of behavioral change in period 17 on milex.beh               18.0000
 47. Amount of behavioral change in period 18 on milex.beh               21.0000
 48. milex.beh centered sum                                             -69.2728
 49. milex.beh sum of cent. squares                                    5872.2362
 50. milex.beh outdegrees                                              -140.2801
 51. milex.beh dense triads                                            -2487.5508
 52. milex.beh x beh.democracy_1                                       -379.2596
 53. milex.beh x beh.GDPgrowth_1                                         -0.6794
 54. milex.beh x beh.nato_1                                              58.7026
 55. milex.beh x beh.allies_1                                          -4906.7851
 56. milex.beh x beh.military_1                                         125.8892
 57. milex.beh x beh.lnmids_1                                           583.7664
 58. milex.beh x beh.milexSpLag_1                                        23.9632

 58 parameters, 58 statistics

Number of subphases is specified as 0.
Therefore the estimation phase is skipped
 and the program passes on immediately to phase 3
 for checking the current parameter values and calculating standard errors.
Estimation of derivatives by the LR method (type 1).


@2
End of stochastic approximation algorithm, phase 3.
---------------------------------------------------

Total of 3000 iterations.
Parameter estimates based on 0 iterations,
convergence diagnostics, covariance and derivative matrices based on 3000 iterations.

Information for convergence diagnosis.
Averages, standard deviations, and t-ratios for deviations from targets:
  1.  -0.8353    4.2351  -0.1972 
  2.  -0.0113    8.1222  -0.0014 
  3.  -0.2273   12.0402  -0.0189 
  4.  -0.6880   14.1968  -0.0485 
  5.   1.4700   11.8992   0.1235 
  6.  -0.3900   11.8396  -0.0329 
  7.  -0.8867   12.9747  -0.0683 
  8.   0.0233   12.1458   0.0019 
  9.  -0.2900   12.1079  -0.0240 
 10.  -1.5347   11.0901  -0.1384 
 11.   0.1267   12.4855   0.0101 
 12.   0.4427   14.3509   0.0308 
 13.  -0.1640   13.3364  -0.0123 
 14.   1.4513   12.9310   0.1122 
 15.   0.5380   12.3783   0.0435 
 16.  -0.1213   15.9351  -0.0076 
 17.  -0.3667   13.7635  -0.0266 
 18.   2.5800   14.7675   0.1747 
 19.   0.8197   26.9386   0.0304 
 20.   0.5325  103.1466   0.0052 
 21.  -4.5427 2692.2623  -0.0017 
 22.  -0.2911   67.2894  -0.0043 
 23.   0.6846   33.4996   0.0204 
 24.  -0.5974   46.8533  -0.0128 
 25.   1.2463  205.9765   0.0061 
 26.  -0.0958   10.3013  -0.0093 
 27.  -0.2954   51.9667  -0.0057 
 28.  -1.0590   20.3047  -0.0522 
 29.   2.6933   90.4787   0.0298 
 30.  -0.0570    5.7836  -0.0099 
 31.   0.0110    6.0644   0.0018 
 32.  -0.0977    6.5614  -0.0149 
 33.   0.1383    6.4165   0.0216 
 34.   0.1507    5.4967   0.0274 
 35.   0.0783    5.3008   0.0148 
 36.   0.2870    4.9564   0.0579 
 37.  -0.0903    5.1141  -0.0177 
 38.   0.0270    4.5657   0.0059 
 39.   0.0653    6.9349   0.0094 
 40.  -0.1883    5.2944  -0.0356 
 41.  -0.1190    6.2465  -0.0191 
 42.  -0.0997    4.0219  -0.0248 
 43.  -0.0537    3.9336  -0.0136 
 44.   0.1977    5.9645   0.0331 
 45.  -0.1097    4.1671  -0.0263 
 46.   0.0007    3.9049   0.0002 
 47.  -0.1697    4.2164  -0.0402 
 48.   0.3130   23.9284   0.0131 
 49.   0.1415   97.5210   0.0015 
 50.  -7.1680  183.6203  -0.0390 
 51. -11.1657  491.3303  -0.0227 
 52.  -0.3889   12.2271  -0.0318 
 53.   0.0111    2.1401   0.0052 
 54.  -0.1926    9.5028  -0.0203 
 55.  -7.6428  477.5916  -0.0160 
 56.  -0.1557    6.6224  -0.0235 
 57.   0.1357   15.8652   0.0086 
 58.   0.0031    0.5128   0.0061 

Good convergence is indicated by the t-ratios being close to zero.

Overall maximum convergence ratio =  0.426 .



@2
Estimation Results.
-------------------

Regular end of estimation algorithm.
Total of 3000 iteration steps.


@3
Estimates and standard errors
                             
Network Dynamics
 1. rate:  constant dv.net rate (period 1)                         0.0519  (   0.0250)
 2. rate:  constant dv.net rate (period 2)                         0.1647  (   0.0424)
 3. rate:  constant dv.net rate (period 3)                         0.5454  (   0.1107)
 4. rate:  constant dv.net rate (period 4)                         0.3905  (   0.0577)
 5. rate:  constant dv.net rate (period 5)                         0.3871  (   0.0707)
 6. rate:  constant dv.net rate (period 6)                         0.3663  (   0.0687)
 7. rate:  constant dv.net rate (period 7)                         0.4520  (   0.0760)
 8. rate:  constant dv.net rate (period 8)                         0.3499  (   0.0602)
 9. rate:  constant dv.net rate (period 9)                         0.3709  (   0.0641)
10. rate:  constant dv.net rate (period 10)                        0.3044  (   0.0589)
11. rate:  constant dv.net rate (period 11)                        0.3655  (   0.0634)
12. rate:  constant dv.net rate (period 12)                        0.5063  (   0.0745)
13. rate:  constant dv.net rate (period 13)                        0.3897  (   0.0603)
14. rate:  constant dv.net rate (period 14)                        0.3651  (   0.0591)
15. rate:  constant dv.net rate (period 15)                        0.3162  (   0.0531)
16. rate:  constant dv.net rate (period 16)                        0.5706  (   0.0770)
17. rate:  constant dv.net rate (period 17)                        0.3704  (   0.0557)
18. rate:  constant dv.net rate (period 18)                        0.4373  (   0.0614)
19. eval:  degree (density)                                       -5.9936  (   0.2344)
20. eval:  GWESP (69)                                              2.1821  (   0.1999)
21. eval:  degree act+pop                                          0.0287  (   0.0047)
22. eval:  nets.lndistance_d                                      -0.8017  (   0.0667)
23. eval:  nets.ATOP_d                                             0.8774  (   0.1383)
24. eval:  nets.absidealdiff_d                                    -0.5035  (   0.0716)
25. eval:  nets.lntrade_d                                          0.0319  (   0.0298)
26. eval:  nets.NATO_d                                            -3.5219  (   0.3585)
27. eval:  milex.beh alter                                        -0.0651  (   0.0594)
28. eval:  beh.democracy_1 alter                                   1.3062  (   0.2252)
29. eval:  beh.lncinc_1 alter                                      0.7890  (   0.0645)
Behavior Dynamics

30. rate:  rate milex.beh (period 1)                               0.9332  (   0.1714)
31. rate:  rate milex.beh (period 2)                               1.3025  (   0.2423)
32. rate:  rate milex.beh (period 3)                               1.3567  (   0.2253)
33. rate:  rate milex.beh (period 4)                               1.1961  (   0.2292)
34. rate:  rate milex.beh (period 5)                               0.6987  (   0.1328)
35. rate:  rate milex.beh (period 6)                               0.5711  (   0.1126)
36. rate:  rate milex.beh (period 7)                               0.4800  (   0.1000)
37. rate:  rate milex.beh (period 8)                               0.5226  (   0.1021)
38. rate:  rate milex.beh (period 9)                               0.3750  (   0.0829)
39. rate:  rate milex.beh (period 10)                              1.7204  (   0.3250)
40. rate:  rate milex.beh (period 11)                              0.5847  (   0.1147)
41. rate:  rate milex.beh (period 12)                              1.3232  (   0.2440)
42. rate:  rate milex.beh (period 13)                              0.3227  (   0.0810)
43. rate:  rate milex.beh (period 14)                              0.2975  (   0.0763)
44. rate:  rate milex.beh (period 15)                              1.0886  (   0.2043)
45. rate:  rate milex.beh (period 16)                              0.4076  (   0.1058)
46. rate:  rate milex.beh (period 17)                              0.3537  (   0.0905)
47. rate:  rate milex.beh (period 18)                              0.4027  (   0.0923)
48. eval:  milex.beh linear shape                                 -1.1685  (   0.0773)
49. eval:  milex.beh quadratic shape                              -0.0268  (   0.0234)
50. eval:  milex.beh degree                                        0.0896  (   0.0239)
51. eval:  milex.beh dense triads                                 -0.0208  (   0.0074)
52. eval:  milex.beh: effect from beh.democracy_1                 -0.4487  (   0.1339)
53. eval:  milex.beh: effect from beh.GDPgrowth_1                 -2.2438  (   0.8821)
54. eval:  milex.beh: effect from beh.nato_1                       0.8678  (   0.1630)
55. eval:  milex.beh: effect from beh.allies_1                    -0.0109  (   0.0035)
56. eval:  milex.beh: effect from beh.military_1                   0.2550  (   0.1907)
57. eval:  milex.beh: effect from beh.lnmids_1                     0.1398  (   0.0890)
58. eval:  milex.beh: effect from beh.milexSpLag_1                 7.0715  (   2.8795)


@3
Covariance matrices
                   
Covariance matrix of estimates (correlations below diagonal):
     0.001      0.000      0.000      0.000      0.000      0.000      0.000      0.000      0.000      0.000      0.000      0.000      0.000      0.000      0.000      0.000      0.000      0.000      0.000      0.000      0.000      0.000      0.000      0.000      0.000      0.000      0.000      0.000      0.000      0.000      0.000      0.000      0.000      0.000      0.000      0.000      0.000      0.000      0.000      0.000      0.000      0.000      0.000      0.000      0.000      0.000      0.000      0.000      0.000      0.000      0.000      0.000      0.000      0.000      0.000      0.000      0.000      0.001
     0.052      0.002      0.000      0.000      0.000      0.000      0.000      0.000      0.000      0.000      0.000      0.000      0.000      0.000      0.000      0.000      0.000      0.000     -0.001      0.001      0.000      0.000      0.000      0.000      0.000     -0.001      0.000      0.000      0.000      0.000     -0.001      0.000      0.000      0.000      0.000      0.000      0.000      0.000      0.000      0.000      0.000      0.000      0.000      0.000      0.000      0.000      0.000      0.000      0.000      0.000      0.000      0.000     -0.001      0.000      0.000      0.000      0.000     -0.003
     0.016      0.037      0.012      0.000      0.000      0.000      0.000      0.000      0.000      0.000      0.000      0.000      0.000      0.000      0.000      0.000      0.000      0.000     -0.001      0.001      0.000      0.000     -0.001      0.000      0.000      0.000      0.000     -0.002     -0.001      0.000      0.000      0.000      0.000      0.000      0.000      0.000      0.000      0.000      0.000      0.000      0.000      0.000      0.000      0.000      0.000      0.000      0.000      0.000      0.000      0.000      0.000      0.000     -0.001      0.000      0.000      0.001      0.000      0.002
     0.012      0.027      0.053      0.003      0.000      0.000      0.000      0.000      0.000      0.000      0.000      0.000      0.000      0.000      0.000      0.000      0.000      0.000     -0.002      0.001      0.000      0.000      0.000      0.000      0.000     -0.001      0.000      0.000      0.000      0.000      0.000      0.000     -0.001      0.000      0.000      0.000      0.000      0.000      0.000      0.000      0.000      0.000      0.000      0.000      0.000      0.000      0.000      0.000      0.000      0.000      0.000      0.000     -0.001      0.000      0.000      0.000      0.000     -0.007
     0.023      0.056      0.021      0.047      0.005      0.000      0.000      0.000      0.000      0.000      0.000      0.000      0.000      0.000      0.000      0.000      0.000      0.000     -0.002      0.001      0.000      0.000      0.000      0.000      0.000      0.000      0.000      0.000      0.000      0.000     -0.001     -0.001      0.000      0.000      0.000      0.000      0.000      0.000      0.000      0.000      0.000      0.000      0.000      0.000      0.000      0.000      0.000      0.000      0.000      0.000      0.000      0.000      0.002      0.000      0.000      0.000      0.000      0.006
     0.010      0.014      0.011      0.030      0.051      0.005      0.000      0.000      0.000      0.000      0.000      0.000      0.000      0.000      0.000      0.000      0.000      0.000     -0.001      0.000      0.000      0.000      0.000      0.000      0.000      0.000      0.000     -0.001      0.000      0.000      0.000      0.000      0.000      0.000      0.000      0.000      0.000      0.000      0.000      0.000      0.000      0.000      0.000      0.000      0.000      0.000      0.000      0.000      0.000      0.000      0.000      0.000      0.000      0.000      0.000      0.000      0.000     -0.003
    -0.004     -0.009      0.040      0.005      0.019     -0.001      0.006      0.000      0.000      0.000      0.000      0.000      0.000      0.000      0.000      0.000      0.000      0.000     -0.001      0.000      0.000      0.000      0.000      0.000      0.000      0.000      0.000     -0.001      0.000      0.000      0.000      0.001      0.000      0.000      0.000      0.000      0.000      0.000      0.000      0.000     -0.001      0.000      0.000      0.000      0.000      0.000      0.000      0.000      0.000      0.000      0.000      0.000      0.000      0.000      0.000      0.000      0.000      0.000
     0.030      0.040      0.038      0.055      0.014      0.057      0.015      0.004      0.000      0.000      0.000      0.000      0.000      0.000      0.000      0.000      0.000      0.000     -0.001      0.001      0.000      0.000      0.000      0.000      0.000     -0.001      0.000      0.000      0.000      0.000      0.000      0.000      0.000      0.000      0.000      0.000      0.000      0.000      0.000      0.000      0.000      0.000      0.000      0.000      0.000      0.000      0.000      0.000      0.000      0.000      0.000      0.000     -0.001      0.000      0.000      0.000      0.000     -0.005
    -0.016      0.021      0.027      0.015      0.026      0.039      0.048     -0.017      0.004      0.000      0.000      0.000      0.000      0.000      0.000      0.000      0.000      0.000      0.000      0.000      0.000      0.000      0.000      0.000      0.000      0.001      0.000     -0.001      0.000      0.000      0.000      0.000      0.000      0.000      0.000      0.000      0.000      0.000      0.000      0.000      0.000      0.000      0.000      0.000      0.000      0.000      0.000      0.000      0.000      0.000      0.000      0.000      0.002      0.000      0.000      0.000      0.000     -0.004
     0.027     -0.015      0.034      0.032      0.046     -0.018     -0.019      0.027      0.009      0.003      0.000      0.000      0.000      0.000      0.000      0.000      0.000      0.000      0.000      0.000      0.000      0.000      0.000      0.000      0.000      0.000      0.000      0.000      0.000      0.000      0.000      0.000      0.000      0.000      0.000      0.000      0.000      0.000      0.001      0.000      0.000      0.000      0.000      0.000      0.000      0.000      0.000      0.000      0.000      0.000      0.000      0.000     -0.002      0.000      0.000      0.000      0.000     -0.001
     0.034      0.004      0.024      0.020      0.027      0.027      0.020      0.005      0.021      0.014      0.004      0.000      0.000      0.000      0.000      0.000      0.000      0.000     -0.001      0.001      0.000      0.000      0.000      0.000      0.000      0.000      0.000      0.000      0.000      0.000      0.000      0.000      0.000      0.000      0.000      0.000      0.000      0.000      0.000      0.000      0.001      0.000      0.000      0.000      0.000      0.000      0.000      0.000      0.000      0.000      0.000      0.000     -0.001      0.000      0.000      0.000      0.000     -0.003
    -0.009      0.009     -0.001      0.034      0.018      0.015      0.005     -0.027      0.021     -0.010      0.013      0.006      0.000      0.000      0.000      0.000      0.000      0.000     -0.001      0.001      0.000      0.000      0.000      0.000      0.000      0.000      0.000     -0.001      0.000      0.000      0.000      0.000      0.000      0.000      0.000      0.000      0.000      0.000      0.000      0.000      0.000      0.000      0.000      0.000      0.000      0.000      0.000      0.000      0.000      0.000      0.000      0.000     -0.002      0.000      0.000      0.000      0.000      0.002
     0.014      0.020     -0.001      0.020      0.022      0.016      0.024      0.012      0.017     -0.016      0.032      0.002      0.004      0.000      0.000      0.000      0.000      0.000     -0.001      0.000      0.000      0.000      0.000      0.000      0.000      0.000      0.000      0.000      0.000      0.000      0.000     -0.001      0.000      0.000      0.000      0.000      0.000      0.000      0.000      0.000      0.000      0.000      0.000      0.000      0.000      0.000      0.000      0.000      0.000      0.000      0.000      0.000      0.000      0.000      0.000      0.000      0.000     -0.002
     0.012     -0.005      0.032      0.021      0.004      0.007      0.010      0.016     -0.008      0.021      0.016      0.025     -0.001      0.003      0.000      0.000      0.000      0.000      0.000      0.000      0.000      0.000      0.000      0.000      0.000      0.001      0.000     -0.001      0.000      0.000      0.000      0.000      0.000      0.000      0.000      0.000      0.000      0.000      0.000      0.000      0.000      0.000      0.000      0.000      0.000      0.000      0.000      0.000      0.000      0.000      0.000      0.000      0.001      0.000      0.000      0.000      0.000      0.003
     0.037     -0.012      0.016      0.007      0.014      0.011      0.020      0.010     -0.017      0.009      0.021      0.047     -0.014      0.025      0.003      0.000      0.000      0.000      0.000      0.000      0.000      0.000      0.000      0.000      0.000      0.001      0.000      0.000      0.000      0.000      0.000      0.000      0.000      0.000      0.000      0.000      0.000      0.000      0.000      0.000      0.000      0.000      0.000      0.000      0.000      0.000      0.000      0.000      0.000      0.000      0.000      0.000      0.001      0.000      0.000      0.000      0.000      0.005
     0.038      0.008      0.019      0.002      0.000      0.007     -0.016     -0.002      0.002      0.046      0.004      0.008      0.003      0.001      0.003      0.006      0.000      0.000      0.001      0.000      0.000      0.000     -0.001      0.000      0.000      0.001      0.000      0.000      0.000      0.000      0.000      0.000      0.000      0.000      0.000      0.000      0.000      0.000      0.000      0.000      0.000      0.000      0.000      0.000      0.000      0.000      0.000      0.000      0.000      0.000      0.000      0.000      0.001      0.000      0.000      0.000      0.000     -0.005
     0.038      0.037      0.005     -0.020      0.012     -0.004     -0.004      0.004     -0.007      0.019      0.008      0.007     -0.003      0.019      0.003      0.002      0.003      0.000      0.000      0.000      0.000      0.000      0.000      0.000      0.000      0.000      0.000      0.000      0.000      0.000      0.000      0.000      0.000      0.000      0.000      0.000      0.000      0.000      0.000      0.000      0.000      0.000      0.000      0.000      0.000      0.000      0.000      0.000      0.000      0.000      0.000      0.000      0.001      0.000      0.000      0.000      0.000      0.002
     0.023      0.018      0.005      0.008      0.031      0.004      0.026      0.044     -0.002      0.031      0.003      0.026     -0.013      0.012      0.023      0.043      0.028      0.004      0.000      0.000      0.000      0.000      0.000      0.000      0.000      0.000      0.000      0.000      0.000      0.000      0.000      0.000      0.000      0.000      0.000      0.000      0.000      0.000      0.000      0.000      0.000      0.000      0.000      0.000      0.000      0.000      0.000      0.000      0.000      0.000      0.000      0.000      0.001      0.000      0.000      0.000      0.000      0.002
    -0.066     -0.132     -0.058     -0.136     -0.093     -0.033     -0.043     -0.080     -0.026     -0.026     -0.085     -0.040     -0.046     -0.015     -0.025      0.035     -0.022      0.022      0.055     -0.027      0.000      0.006     -0.007      0.005      0.001      0.025      0.002     -0.022     -0.010      0.002      0.000      0.000     -0.001      0.000      0.000      0.000      0.000      0.000     -0.002      0.000      0.000      0.000      0.000      0.001      0.000      0.000     -0.001      0.000      0.000      0.000      0.000      0.000      0.000      0.000      0.000      0.001      0.000      0.001
     0.047      0.086      0.033      0.112      0.043      0.018      0.016      0.057      0.017      0.000      0.066      0.053      0.037      0.027      0.010     -0.020      0.041      0.014     -0.583      0.040      0.000     -0.004      0.002     -0.002     -0.002     -0.022      0.000      0.011      0.006     -0.002     -0.001      0.001      0.001      0.000      0.000      0.000      0.000      0.000      0.000      0.000      0.000      0.000      0.000     -0.001      0.000      0.000      0.000      0.000      0.000      0.000      0.000      0.000      0.000     -0.001      0.000      0.000      0.000      0.001
     0.010      0.042      0.096      0.006      0.062      0.034      0.029      0.010      0.017      0.010      0.004     -0.011     -0.007     -0.011     -0.026     -0.010     -0.042     -0.027     -0.058     -0.517      0.000      0.000      0.000      0.000      0.000      0.000      0.000      0.000      0.000      0.000      0.000      0.000      0.000      0.000      0.000      0.000      0.000      0.000      0.000      0.000      0.000      0.000      0.000      0.000      0.000      0.000      0.000      0.000      0.000      0.000      0.000      0.000      0.000      0.000      0.000      0.000      0.000      0.000
     0.037      0.003      0.067     -0.014      0.018      0.076      0.064      0.025     -0.002      0.019      0.020      0.014      0.038      0.005      0.007      0.047      0.016      0.039      0.404     -0.277      0.101      0.004      0.002      0.000      0.001      0.003      0.000     -0.003     -0.002      0.000      0.000      0.000      0.000      0.000      0.000      0.000      0.000      0.000      0.000      0.000      0.000      0.000      0.000      0.000      0.000      0.000      0.000      0.000      0.000      0.000      0.000      0.000      0.000      0.000      0.000      0.000      0.000     -0.001
     0.029      0.014     -0.078     -0.006     -0.049     -0.035      0.003     -0.005     -0.033      0.007     -0.004     -0.047      0.003     -0.042     -0.036     -0.061     -0.009     -0.056     -0.215      0.081     -0.049      0.207      0.019      0.001     -0.001     -0.005     -0.002      0.007      0.002      0.000      0.000      0.000      0.000      0.000      0.000      0.001      0.000      0.000      0.002      0.000     -0.001      0.000      0.000      0.000      0.000      0.000      0.001      0.000      0.000      0.000      0.000      0.000     -0.002      0.000      0.000      0.000      0.000     -0.005
     0.010      0.031      0.007      0.007      0.004      0.008      0.038     -0.024     -0.001      0.010     -0.039      0.002      0.003      0.008     -0.019      0.003     -0.008      0.028      0.301     -0.154     -0.042      0.063      0.106      0.005      0.000      0.006     -0.001     -0.005     -0.001      0.000      0.000      0.000      0.000      0.000      0.000      0.000      0.000      0.000      0.000      0.000      0.000      0.000      0.000      0.000      0.000      0.000      0.000      0.000      0.000      0.000      0.000      0.000     -0.003      0.000      0.000      0.000      0.000      0.004
     0.024      0.041      0.096      0.027      0.050      0.081      0.034      0.061      0.012      0.012      0.042      0.030      0.028      0.010      0.003      0.054      0.000      0.025      0.190     -0.306      0.190      0.407     -0.262     -0.052      0.001      0.000      0.000     -0.001     -0.001      0.000      0.000      0.000      0.000      0.000      0.000      0.000      0.000      0.000      0.000      0.000      0.000      0.000      0.000      0.000      0.000      0.000      0.000      0.000      0.000      0.000      0.000      0.000      0.000      0.000      0.000      0.000      0.000      0.001
    -0.022     -0.042      0.006     -0.034      0.010      0.000      0.004     -0.039      0.030     -0.003     -0.015      0.016     -0.002      0.037      0.027      0.039      0.009      0.011      0.295     -0.304     -0.017      0.132     -0.102      0.236     -0.045      0.129     -0.001     -0.020     -0.002      0.002      0.002      0.001      0.002      0.000      0.000     -0.001     -0.001      0.000     -0.003      0.000      0.003      0.000     -0.001      0.004      0.000     -0.001     -0.001     -0.001      0.000      0.000      0.000     -0.002      0.004      0.000      0.000      0.000      0.000     -0.001
    -0.038     -0.056     -0.025     -0.029     -0.018     -0.035     -0.047     -0.025     -0.036      0.003     -0.008     -0.003      0.000      0.035     -0.003      0.037      0.039      0.018      0.164      0.009     -0.081     -0.026     -0.205     -0.348      0.008     -0.056      0.004      0.002     -0.001      0.000      0.000      0.000      0.000      0.000      0.000      0.000      0.000      0.000      0.000      0.000      0.000      0.000      0.000      0.000      0.000      0.000      0.000      0.000      0.000      0.000      0.000      0.000     -0.001      0.000      0.000      0.000      0.000      0.003
     0.012     -0.025     -0.073      0.010     -0.030     -0.038     -0.054      0.001     -0.046     -0.009     -0.014     -0.044      0.029     -0.041      0.000     -0.007      0.021     -0.029     -0.414      0.238     -0.189     -0.213      0.230     -0.295     -0.157     -0.247      0.131      0.051      0.004     -0.001     -0.001      0.000      0.000      0.001      0.000      0.000      0.000      0.000      0.001      0.000     -0.002      0.000      0.000     -0.001      0.000      0.000      0.000      0.000      0.000      0.000      0.000     -0.001     -0.005      0.000      0.000     -0.001      0.000     -0.001
    -0.004      0.002     -0.104     -0.001     -0.026     -0.062     -0.029     -0.028     -0.016     -0.022     -0.003     -0.024     -0.032     -0.014     -0.004     -0.087     -0.006     -0.056     -0.653      0.457     -0.275     -0.523      0.231     -0.219     -0.587     -0.092     -0.193      0.242      0.004      0.000      0.000      0.000      0.000      0.000      0.000      0.000      0.000      0.000      0.001      0.000      0.000      0.000      0.000      0.000      0.000      0.000      0.000      0.000      0.000      0.000      0.000      0.000      0.001      0.000      0.000      0.000      0.000     -0.001
    -0.019     -0.019     -0.005     -0.014      0.002     -0.011      0.003     -0.010     -0.005     -0.012     -0.004     -0.039      0.014      0.021     -0.004      0.011      0.018      0.006      0.045     -0.046      0.002      0.014      0.015      0.000     -0.019      0.034      0.014     -0.018     -0.006      0.029      0.000      0.002      0.001      0.000      0.000      0.000      0.000      0.000      0.000      0.000      0.001      0.000      0.000      0.000      0.000      0.000      0.000      0.000      0.000      0.000      0.000      0.000      0.003      0.000      0.000     -0.001      0.000      0.020
     0.022     -0.053      0.012      0.003     -0.034      0.018      0.015     -0.024     -0.007     -0.013      0.004     -0.007      0.020      0.016     -0.009     -0.015     -0.003      0.002     -0.002     -0.017      0.033      0.012      0.012     -0.002      0.006      0.025     -0.011     -0.021      0.002      0.010      0.059      0.000      0.000      0.000      0.001      0.000      0.000      0.000     -0.001      0.000     -0.002      0.000      0.001      0.001      0.000      0.000      0.000      0.000      0.000      0.000      0.000      0.001      0.009     -0.001      0.000     -0.001      0.001      0.020
    -0.011     -0.009      0.010     -0.002     -0.032      0.014      0.036      0.001      0.034      0.025      0.025     -0.016     -0.038     -0.017      0.007     -0.001      0.005     -0.011     -0.006      0.016     -0.018      0.008      0.009     -0.027      0.031      0.007     -0.009      0.007      0.013      0.044     -0.001      0.051      0.003      0.001      0.000      0.000      0.001      0.000     -0.001      0.000      0.002      0.000      0.000      0.001      0.000      0.000      0.000      0.001      0.001      0.000      0.000      0.001      0.029      0.000      0.000     -0.002      0.000      0.033
    -0.004      0.020      0.007     -0.051      0.009      0.012      0.012     -0.035      0.013      0.001     -0.010     -0.010     -0.003      0.019     -0.003      0.007      0.008      0.018     -0.011      0.020      0.000     -0.006      0.006     -0.008      0.011      0.019     -0.013     -0.008      0.005      0.028     -0.006      0.058      0.053      0.000      0.000     -0.001      0.000      0.000      0.000     -0.001     -0.001      0.001      0.000      0.000      0.000      0.000      0.000      0.000      0.001      0.000      0.000      0.000      0.019      0.001      0.000     -0.002      0.000      0.032
    -0.007     -0.020      0.017      0.020     -0.013      0.005     -0.005      0.003      0.009     -0.015     -0.001     -0.016      0.018      0.006     -0.011     -0.012      0.039      0.028      0.012      0.004     -0.033     -0.001      0.007     -0.007     -0.006      0.009      0.056      0.023     -0.009      0.006      0.011      0.043      0.002      0.018      0.000      0.000      0.000      0.000     -0.001      0.000      0.000      0.000      0.000      0.000      0.000      0.000      0.000      0.000      0.000      0.000      0.000      0.000      0.010      0.000      0.000      0.000      0.000      0.004
     0.041     -0.009     -0.001     -0.016     -0.029      0.058      0.052     -0.007      0.025     -0.013      0.014     -0.041     -0.009     -0.002     -0.004      0.013      0.019     -0.026      0.006     -0.017      0.015      0.027      0.016     -0.014      0.029     -0.006     -0.005     -0.009     -0.016      0.003      0.021      0.009      0.000     -0.009      0.013      0.000      0.000      0.000      0.001      0.000     -0.001      0.000      0.000      0.000      0.000      0.000      0.000      0.000      0.000      0.000      0.000      0.000      0.000      0.000      0.000      0.000      0.000      0.001
     0.044     -0.005     -0.028     -0.010     -0.019     -0.014     -0.001      0.012     -0.028     -0.008      0.036      0.016      0.011     -0.010      0.014      0.029     -0.003     -0.005     -0.003      0.008     -0.006      0.005      0.039     -0.016     -0.053     -0.016      0.008      0.011      0.029      0.001      0.009     -0.005     -0.023      0.013     -0.013      0.010      0.000      0.000     -0.001      0.000      0.000      0.000      0.000      0.000      0.000      0.000      0.000      0.000      0.000      0.000      0.000      0.000      0.002      0.000      0.000     -0.001      0.000     -0.002
     0.005     -0.008     -0.016      0.014      0.025     -0.018     -0.005     -0.043     -0.010     -0.009     -0.041      0.014     -0.028     -0.051     -0.018     -0.014     -0.002     -0.006      0.003     -0.008      0.007     -0.003     -0.005      0.015      0.013     -0.014      0.000      0.006     -0.017      0.014      0.006      0.029     -0.004      0.016      0.003      0.023      0.010      0.000     -0.001      0.000      0.000      0.000      0.000      0.000      0.000      0.000      0.000      0.000      0.000      0.000      0.000     -0.001     -0.002      0.001      0.000      0.001      0.000      0.010
    -0.012      0.008      0.016      0.018      0.002      0.006     -0.059     -0.017     -0.012     -0.012     -0.013     -0.019     -0.025     -0.012      0.014      0.007      0.018      0.010     -0.018     -0.007      0.024     -0.014     -0.005     -0.037     -0.001     -0.002      0.002      0.012      0.022      0.010      0.016      0.012     -0.008     -0.003      0.015     -0.005      0.013      0.007      0.000      0.000      0.000      0.000      0.000      0.000      0.000      0.000      0.000      0.000      0.000      0.000      0.000      0.000      0.002      0.000      0.000      0.000      0.000      0.002
    -0.001     -0.014     -0.001      0.016      0.020     -0.002      0.018     -0.001      0.001      0.030      0.008      0.004     -0.009     -0.002      0.006     -0.009     -0.002      0.006     -0.025      0.002     -0.001     -0.018      0.048     -0.006     -0.026     -0.029     -0.022      0.013      0.033     -0.007     -0.007     -0.018      0.001     -0.015      0.022     -0.020     -0.016      0.012      0.106      0.000     -0.004      0.000      0.000      0.000      0.000      0.001      0.001      0.000      0.000      0.000      0.000     -0.002     -0.003      0.002      0.000      0.001      0.000      0.024
    -0.023     -0.020      0.021     -0.037     -0.030     -0.007     -0.010     -0.009      0.000     -0.018     -0.031     -0.012     -0.003     -0.027     -0.018      0.011     -0.014     -0.003      0.016     -0.002     -0.003      0.039      0.020     -0.018      0.011     -0.006      0.015      0.013     -0.013      0.005      0.014     -0.004     -0.028      0.022     -0.014      0.002      0.017     -0.012     -0.005      0.013      0.000      0.000      0.000      0.001      0.000      0.000      0.000      0.000      0.000      0.000      0.000     -0.001      0.004      0.001      0.000      0.000     -0.001      0.003
    -0.010      0.001     -0.014      0.030      0.017     -0.001     -0.029     -0.012     -0.021     -0.014      0.036     -0.015     -0.001     -0.009     -0.025      0.027      0.020     -0.013      0.001     -0.005     -0.001     -0.008     -0.018      0.013     -0.005      0.031      0.001     -0.042      0.027      0.034     -0.033      0.028     -0.012     -0.012     -0.029      0.005      0.005      0.001     -0.045     -0.001      0.060      0.000      0.000      0.000     -0.001      0.000      0.000      0.000      0.000      0.000      0.000     -0.003      0.010      0.001      0.000     -0.002     -0.001     -0.001
     0.014     -0.016      0.003      0.017      0.013      0.021     -0.003     -0.015     -0.009     -0.022     -0.017     -0.040     -0.014      0.008     -0.020     -0.017     -0.035     -0.009      0.008     -0.003      0.007      0.014     -0.005     -0.011      0.015      0.002      0.016      0.002     -0.011     -0.030     -0.004     -0.012      0.034      0.022      0.012     -0.011      0.014      0.006      0.009      0.010      0.015      0.007      0.000      0.000      0.000      0.000      0.000      0.000      0.000      0.000      0.000     -0.001     -0.002      0.000      0.000      0.000      0.000      0.003
     0.000     -0.011     -0.005     -0.022      0.013     -0.009     -0.048     -0.002      0.008      0.006     -0.039      0.010      0.008     -0.076      0.024      0.019     -0.007      0.011      0.003     -0.003      0.015      0.015     -0.007      0.002      0.019     -0.020     -0.008     -0.024     -0.007     -0.006      0.028      0.011     -0.014      0.005     -0.044      0.044      0.011      0.037      0.009      0.025      0.009      0.003      0.006      0.000      0.000      0.000      0.000      0.000      0.000      0.000      0.000      0.000      0.000      0.000      0.000      0.000      0.000      0.002
    -0.012      0.009      0.021      0.005      0.007      0.000      0.006      0.006     -0.004      0.016     -0.004      0.001     -0.022      0.028     -0.024      0.011      0.000      0.020      0.027     -0.029      0.005     -0.009      0.002      0.010      0.019      0.049      0.004     -0.023     -0.025      0.001      0.013      0.016     -0.009      0.010     -0.002     -0.001      0.022      0.029     -0.003      0.029      0.003     -0.019      0.017      0.042      0.000      0.000      0.001      0.000      0.000      0.000      0.000     -0.001      0.004      0.000      0.000     -0.001      0.000     -0.011
    -0.005     -0.033      0.006      0.019      0.034      0.016     -0.024      0.014     -0.005     -0.005      0.012     -0.005      0.018     -0.006     -0.009     -0.041      0.039      0.014      0.005      0.013     -0.019     -0.006     -0.024      0.001     -0.008     -0.002      0.031      0.017      0.001      0.012      0.003      0.011      0.015     -0.004      0.010      0.028     -0.010     -0.005     -0.005     -0.023     -0.032      0.031      0.015     -0.006      0.011      0.000      0.000     -0.001      0.000      0.000      0.000      0.000     -0.002      0.001      0.000      0.000      0.000      0.004
     0.018      0.001      0.003     -0.004      0.007     -0.008      0.000      0.010      0.020     -0.011     -0.019      0.000     -0.004     -0.015     -0.015     -0.007      0.028      0.018     -0.002     -0.005      0.009      0.007      0.021     -0.016     -0.036     -0.027      0.011     -0.006      0.028     -0.014     -0.011      0.014     -0.007     -0.010      0.014     -0.002      0.025     -0.011      0.040     -0.002     -0.012     -0.026      0.022      0.019     -0.001      0.008      0.000      0.000      0.000      0.000      0.000      0.000     -0.002      0.000      0.000      0.000      0.000      0.006
     0.020      0.009     -0.029     -0.014     -0.008     -0.010      0.006      0.040     -0.010      0.022      0.016     -0.026      0.012     -0.029      0.022     -0.017     -0.046     -0.044     -0.027     -0.002      0.014     -0.014      0.051     -0.006     -0.023     -0.041     -0.024      0.013      0.041      0.009      0.013     -0.012      0.006     -0.015      0.026      0.000     -0.007     -0.002      0.034      0.021     -0.011      0.038      0.002      0.030      0.036      0.006      0.009      0.000      0.000      0.000      0.000      0.000     -0.003      0.001      0.000      0.000      0.000      0.006
     0.020     -0.027     -0.043      0.023     -0.023      0.020      0.001      0.016      0.006      0.021     -0.004      0.023      0.014     -0.006     -0.011      0.018      0.001      0.010     -0.002      0.012     -0.003     -0.049     -0.011      0.022     -0.041     -0.025     -0.011      0.001      0.017      0.005      0.002      0.054     -0.011     -0.031     -0.011     -0.044     -0.035     -0.019     -0.008     -0.039      0.004     -0.050     -0.072     -0.016     -0.069     -0.033     -0.054      0.006      0.000     -0.001      0.000      0.002      0.014     -0.002      0.000     -0.001      0.001     -0.023
    -0.006     -0.014      0.000      0.009     -0.014      0.017     -0.008     -0.008      0.007      0.005      0.004     -0.037      0.003      0.013     -0.018      0.020      0.018     -0.023      0.011     -0.024      0.024      0.021      0.019     -0.046     -0.010      0.034     -0.019     -0.022      0.012      0.083      0.081      0.105      0.122      0.065      0.091      0.056      0.043      0.045      0.047      0.039      0.030     -0.031      0.025      0.073      0.042      0.000     -0.024     -0.116      0.001      0.000      0.000      0.000      0.005      0.000      0.000      0.000      0.000     -0.021
    -0.013      0.018      0.017     -0.024      0.037     -0.013      0.000      0.003     -0.001     -0.011     -0.001      0.009     -0.007      0.034      0.013     -0.014     -0.013      0.006     -0.008     -0.011      0.004      0.032      0.019     -0.010      0.019      0.018      0.018      0.000     -0.005     -0.024     -0.057     -0.053     -0.064     -0.037     -0.034     -0.022     -0.021     -0.003     -0.019      0.041      0.019      0.034      0.021      0.007      0.027     -0.008      0.038     -0.554     -0.146      0.001      0.000     -0.001     -0.003      0.000      0.000      0.000     -0.001      0.006
     0.017     -0.009     -0.007      0.012     -0.040      0.004     -0.001     -0.001      0.009      0.012     -0.004     -0.007      0.015     -0.032     -0.005      0.013      0.017     -0.005      0.019     -0.006      0.009     -0.025     -0.025      0.009      0.000     -0.009     -0.027     -0.008     -0.011      0.014      0.047      0.041      0.049      0.045      0.027      0.017      0.007     -0.018     -0.004     -0.047     -0.027     -0.015     -0.015     -0.019     -0.030      0.002     -0.028      0.366      0.113     -0.907      0.000      0.000      0.000      0.000      0.000      0.000      0.000     -0.001
     0.034     -0.020      0.011      0.002     -0.002      0.046      0.007     -0.029     -0.015      0.037      0.022      0.011     -0.006      0.023      0.001     -0.031      0.030     -0.028      0.004      0.013     -0.011      0.001     -0.024     -0.019      0.012     -0.040      0.002     -0.018     -0.006      0.018      0.045      0.046      0.000      0.016     -0.008     -0.001     -0.043      0.004     -0.044     -0.042     -0.096     -0.046     -0.040     -0.045     -0.005     -0.025     -0.017      0.240      0.125     -0.184      0.139      0.018      0.005     -0.009      0.000      0.004      0.001      0.040
     0.020     -0.025     -0.015     -0.018      0.036     -0.005      0.003     -0.013      0.038     -0.046     -0.010     -0.033      0.006      0.022      0.018      0.016      0.022      0.019      0.000      0.000      0.002     -0.005     -0.019     -0.040      0.005      0.011     -0.024     -0.023      0.024      0.020      0.042      0.144      0.094      0.087     -0.002      0.018     -0.024      0.032     -0.011      0.044      0.045     -0.022     -0.005      0.020     -0.017     -0.022     -0.040      0.201      0.239     -0.122      0.067      0.041      0.778      0.001      0.000     -0.016     -0.002     -0.276
     0.001      0.018     -0.005      0.003      0.002     -0.041     -0.002     -0.009      0.007     -0.022     -0.005     -0.008     -0.002      0.003      0.024      0.018     -0.001     -0.002      0.010     -0.017      0.003      0.009      0.001      0.018     -0.005     -0.007     -0.011     -0.013      0.007     -0.008     -0.030     -0.012      0.025      0.023      0.015      0.027      0.049     -0.003      0.032      0.040      0.024      0.002      0.027     -0.002      0.034      0.026      0.037     -0.156     -0.013     -0.107      0.053     -0.431      0.006      0.027      0.000     -0.001     -0.002     -0.020
     0.003     -0.009     -0.014      0.018     -0.016      0.014     -0.004      0.019     -0.036      0.013     -0.021      0.008     -0.006     -0.014     -0.032      0.014     -0.046      0.018     -0.005      0.022     -0.020     -0.036      0.013      0.017     -0.028      0.010     -0.014      0.013      0.019      0.056      0.051      0.029      0.029     -0.015     -0.007     -0.032      0.012      0.037      0.024     -0.019      0.009     -0.013     -0.041     -0.007     -0.056     -0.055     -0.046      0.385      0.076     -0.349      0.196     -0.014      0.087     -0.293      0.000      0.000      0.000      0.000
     0.019     -0.003      0.029      0.004      0.016      0.008      0.013      0.006     -0.009      0.007      0.022      0.004     -0.005      0.018     -0.019     -0.021     -0.012     -0.012      0.027     -0.005     -0.024      0.010     -0.012      0.007      0.022      0.006      0.018     -0.018     -0.024     -0.032     -0.017     -0.053     -0.053     -0.001      0.007     -0.030      0.040      0.014      0.017     -0.007     -0.033      0.013      0.015     -0.026     -0.008     -0.015     -0.028     -0.041     -0.080      0.032     -0.024      0.174     -0.094     -0.029      0.095      0.036      0.000      0.035
    -0.010      0.005     -0.023      0.005     -0.029      0.013     -0.004     -0.036     -0.008     -0.002      0.002      0.008     -0.024     -0.026     -0.024     -0.036     -0.001     -0.020      0.019     -0.014     -0.004     -0.008      0.004     -0.009     -0.013     -0.015      0.030      0.000      0.002     -0.001      0.056     -0.003      0.013      0.028     -0.002      0.016     -0.001      0.005     -0.005     -0.056     -0.030      0.002      0.012     -0.003     -0.018      0.028      0.026      0.098     -0.204     -0.236      0.193      0.100     -0.022     -0.145      0.008      0.018      0.008     -0.025
     0.009     -0.028      0.005     -0.042      0.029     -0.017      0.000     -0.027     -0.021     -0.008     -0.017      0.011     -0.010      0.019      0.030     -0.024      0.011      0.013      0.002      0.001     -0.010     -0.005     -0.011      0.018      0.006     -0.001      0.020     -0.002     -0.006      0.041      0.029      0.051      0.048      0.011      0.003     -0.006      0.034      0.010      0.026      0.008     -0.002      0.014      0.007     -0.019      0.014      0.022      0.023     -0.103     -0.310      0.089     -0.048      0.103     -0.109     -0.042     -0.009      0.064     -0.099      8.291

Derivative matrix of expected statistics X by parameters and
covariance/correlation matrix of X can be found using
summary(ans) within R, or by using the 'verbose' option in Siena07.
 
Total computation time 855.22 seconds.
