

-----------------------------------
New Analysis started.
Date and time: 21/09/2026 16:39:50
New results follow.
-----------------------------------

RSiena version 1.3.10 (28 Apr 22)


@1
Estimation by stochastic approximation algorithm.
=================================================

Current random number seed is 52020081.
Effects object used: bound$effects 
Model Type:
 Initiative model
Behavioral Model Type:
 Standard behavior actor-oriented model ('restrict')
Estimation method: unconditional moment estimation
.

Time duration for simulations in each period is 1.0.
Changing composition.
Joiners/leavers option: 1
Standard errors are estimated with the likelihood ratio method.
Dolby method (regression on scores) is used.
Initial value of gain parameter is  0.2000000.
Reduction factor for gain parameter is  0.5000000.
Number of subphases in Phase 2 is 0.

Initial parameter values are 
  1. rate:  constant dv.net rate (period 1)                 0.0464
  2. rate:  constant dv.net rate (period 2)                 0.1406
  3. rate:  constant dv.net rate (period 3)                 0.4317
  4. rate:  constant dv.net rate (period 4)                 0.3534
  5. rate:  constant dv.net rate (period 5)                 0.3167
  6. rate:  constant dv.net rate (period 6)                 0.3164
  7. rate:  constant dv.net rate (period 7)                 0.3968
  8. rate:  constant dv.net rate (period 8)                 0.3059
  9. rate:  constant dv.net rate (period 9)                 0.3267
 10. rate:  constant dv.net rate (period 10)                0.2666
 11. rate:  constant dv.net rate (period 11)                0.3252
 12. rate:  constant dv.net rate (period 12)                0.4374
 13. rate:  constant dv.net rate (period 13)                0.3511
 14. rate:  constant dv.net rate (period 14)                0.3166
 15. rate:  constant dv.net rate (period 15)                0.2872
 16. rate:  constant dv.net rate (period 16)                0.5143
 17. rate:  constant dv.net rate (period 17)                0.3402
 18. eval:  degree (density)                               -5.7415
 19. eval:  transitive triads                               0.1820
 20. eval:  degree act+pop                                  0.0607
 21. eval:  nets.lndistance_d                              -0.9060
 22. eval:  nets.ATOP_d                                     1.1452
 23. eval:  nets.absidealdiff_d                            -0.6444
 24. eval:  nets.lntrade_d                                  0.0711
 25. eval:  nets.NATO_d                                    -3.8052
 26. eval:  milex.beh alter                                -0.0653
 27. eval:  beh.democracy_1 alter                           1.6253
 28. eval:  beh.lncinc_1 alter                              0.8164
 29. rate:  rate milex.beh (period 1)                       0.9336
 30. rate:  rate milex.beh (period 2)                       1.3063
 31. rate:  rate milex.beh (period 3)                       1.3443
 32. rate:  rate milex.beh (period 4)                       1.1936
 33. rate:  rate milex.beh (period 5)                       0.7053
 34. rate:  rate milex.beh (period 6)                       0.5678
 35. rate:  rate milex.beh (period 7)                       0.4768
 36. rate:  rate milex.beh (period 8)                       0.5286
 37. rate:  rate milex.beh (period 9)                       0.3787
 38. rate:  rate milex.beh (period 10)                      1.7532
 39. rate:  rate milex.beh (period 11)                      0.5886
 40. rate:  rate milex.beh (period 12)                      1.3416
 41. rate:  rate milex.beh (period 13)                      0.3263
 42. rate:  rate milex.beh (period 14)                      0.3019
 43. rate:  rate milex.beh (period 15)                      1.0883
 44. rate:  rate milex.beh (period 16)                      0.4148
 45. rate:  rate milex.beh (period 17)                      0.3588
 46. eval:  milex.beh linear shape                         -1.1911
 47. eval:  milex.beh quadratic shape                      -0.0349
 48. eval:  milex.beh degree                                0.0937
 49. eval:  milex.beh dense triads                         -0.0240
 50. eval:  milex.beh: effect from beh.democracy_1         -0.4934
 51. eval:  milex.beh: effect from beh.GDPgrowth_1         -2.4079
 52. eval:  milex.beh: effect from beh.nato_1               0.9184
 53. eval:  milex.beh: effect from beh.allies_1            -0.0110
 54. eval:  milex.beh: effect from beh.military_1           0.2614
 55. eval:  milex.beh: effect from beh.lnmids_1             0.1496
 56. eval:  milex.beh: effect from beh.milexSpLag_1         7.8506


Observed values of target statistics are
  1. Amount of network change in period 1                                10.0000
  2. Amount of network change in period 2                                34.0000
  3. Amount of network change in period 3                                86.0000
  4. Amount of network change in period 4                                94.0000
  5. Amount of network change in period 5                                76.0000
  6. Amount of network change in period 6                                76.0000
  7. Amount of network change in period 7                                94.0000
  8. Amount of network change in period 8                                78.0000
  9. Amount of network change in period 9                                84.0000
 10. Amount of network change in period 10                               72.0000
 11. Amount of network change in period 11                               84.0000
 12. Amount of network change in period 12                              114.0000
 13. Amount of network change in period 13                               94.0000
 14. Amount of network change in period 14                               88.0000
 15. Amount of network change in period 15                               80.0000
 16. Amount of network change in period 16                              138.0000
 17. Amount of network change in period 17                               96.0000
 18. Number of edges                                                   4749.0000
 19. Number of transitive triads                                       6550.0000
 20. Sum of squared degrees                                            295492.0000
 21. Sum of ties x nets.lndistance_d                                   -9747.6740
 22. Sum of ties x nets.ATOP_d                                         5448.6151
 23. Sum of ties x nets.absidealdiff_d                                 -2610.8800
 24. Sum of ties x nets.lntrade_d                                      33846.3182
 25. Sum of ties x nets.NATO_d                                         1074.4417
 26. Sum of degrees x milex.beh                                        -147.2762
 27. Sum of degrees x beh.democracy_1                                  2684.2037
 28. Sum of degrees x beh.lncinc_1                                     11911.5952
 29. Amount of behavioral change in period 1 on milex.beh                41.0000
 30. Amount of behavioral change in period 2 on milex.beh                50.0000
 31. Amount of behavioral change in period 3 on milex.beh                57.0000
 32. Amount of behavioral change in period 4 on milex.beh                52.0000
 33. Amount of behavioral change in period 5 on milex.beh                37.0000
 34. Amount of behavioral change in period 6 on milex.beh                32.0000
 35. Amount of behavioral change in period 7 on milex.beh                28.0000
 36. Amount of behavioral change in period 8 on milex.beh                31.0000
 37. Amount of behavioral change in period 9 on milex.beh                24.0000
 38. Amount of behavioral change in period 10 on milex.beh               71.0000
 39. Amount of behavioral change in period 11 on milex.beh               34.0000
 40. Amount of behavioral change in period 12 on milex.beh               55.0000
 41. Amount of behavioral change in period 13 on milex.beh               18.0000
 42. Amount of behavioral change in period 14 on milex.beh               17.0000
 43. Amount of behavioral change in period 15 on milex.beh               48.0000
 44. Amount of behavioral change in period 16 on milex.beh               20.0000
 45. Amount of behavioral change in period 17 on milex.beh               18.0000
 46. milex.beh centered sum                                             -67.9151
 47. milex.beh sum of cent. squares                                    5722.2550
 48. milex.beh outdegrees                                              -256.4846
 49. milex.beh dense triads                                            -2686.3147
 50. milex.beh x beh.democracy_1                                       -381.2796
 51. milex.beh x beh.GDPgrowth_1                                          0.3065
 52. milex.beh x beh.nato_1                                              47.2347
 53. milex.beh x beh.allies_1                                          -4376.9242
 54. milex.beh x beh.military_1                                         126.7983
 55. milex.beh x beh.lnmids_1                                           566.8675
 56. milex.beh x beh.milexSpLag_1                                        23.5793

 56 parameters, 56 statistics

Number of subphases is specified as 0.
Therefore the estimation phase is skipped
 and the program passes on immediately to phase 3
 for checking the current parameter values and calculating standard errors.
Estimation of derivatives by the LR method (type 1).


@2
End of stochastic approximation algorithm, phase 3.
---------------------------------------------------

Total of 3000 iterations.
Parameter estimates based on 0 iterations,
convergence diagnostics, covariance and derivative matrices based on 3000 iterations.

Information for convergence diagnosis.
Averages, standard deviations, and t-ratios for deviations from targets:
  1.  -0.2420    4.2801  -0.0565 
  2.   0.1920    8.2424   0.0233 
  3.   0.2400   12.3404   0.0194 
  4.   0.9067   14.0840   0.0644 
  5.  -1.6653   11.8233  -0.1409 
  6.  -0.7833   11.7747  -0.0665 
  7.   0.0073   13.3209   0.0006 
  8.   0.2240   12.0806   0.0185 
  9.   0.6873   12.8641   0.0534 
 10.  -2.0347   11.3367  -0.1795 
 11.   1.3760   12.9141   0.1066 
 12.  -0.9887   14.3163  -0.0691 
 13.   0.3047   13.0998   0.0233 
 14.  -1.4667   12.5800  -0.1166 
 15.   0.2573   12.1646   0.0212 
 16.   0.7513   16.3254   0.0460 
 17.   0.4507   13.3975   0.0336 
 18.   1.0437   25.8926   0.0403 
 19.  -0.6813   85.8554  -0.0079 
 20.  17.6707 2589.9457   0.0068 
 21.  -1.6436   65.4824  -0.0251 
 22.   0.8238   31.7716   0.0259 
 23.   0.8656   45.0429   0.0192 
 24.   5.4092  190.3302   0.0284 
 25.   0.0260   10.0127   0.0026 
 26.  -1.1007   52.6642  -0.0209 
 27.   0.1422   18.4066   0.0077 
 28.   2.1154   85.1352   0.0248 
 29.   0.0197    5.6948   0.0035 
 30.   0.1540    5.8917   0.0261 
 31.  -0.1627    6.6125  -0.0246 
 32.   0.2710    6.3717   0.0425 
 33.   0.4433    5.7276   0.0774 
 34.  -0.0253    5.2548  -0.0048 
 35.   0.0037    4.9339   0.0007 
 36.   0.1333    5.1693   0.0258 
 37.   0.1463    4.6035   0.0318 
 38.   0.0823    6.9383   0.0119 
 39.  -0.0610    5.2730  -0.0116 
 40.  -0.0253    6.2647  -0.0040 
 41.  -0.0850    3.9450  -0.0215 
 42.   0.1660    3.8788   0.0428 
 43.  -0.2310    6.0825  -0.0380 
 44.  -0.1293    4.0792  -0.0317 
 45.  -0.0873    3.9049  -0.0224 
 46.  -0.2153   24.3774  -0.0088 
 47.   0.3076   95.4027   0.0032 
 48.  -4.3517  174.2653  -0.0250 
 49.  -9.9610  469.1352  -0.0212 
 50.   0.2136   12.1774   0.0175 
 51.  -0.0546    2.1974  -0.0248 
 52.   0.1776    9.0114   0.0197 
 53.  -8.5887  471.8423  -0.0182 
 54.  -0.3210    6.8210  -0.0471 
 55.   0.1685   15.4625   0.0109 
 56.   0.0225    0.5000   0.0451 

Good convergence is indicated by the t-ratios being close to zero.

Overall maximum convergence ratio =  0.3705 .



@2
Estimation Results.
-------------------

Regular end of estimation algorithm.
Total of 3000 iteration steps.


@3
Estimates and standard errors
                             
Network Dynamics
 1. rate:  constant dv.net rate (period 1)                         0.0464  (   0.0219)
 2. rate:  constant dv.net rate (period 2)                         0.1406  (   0.0351)
 3. rate:  constant dv.net rate (period 3)                         0.4317  (   0.0837)
 4. rate:  constant dv.net rate (period 4)                         0.3534  (   0.0518)
 5. rate:  constant dv.net rate (period 5)                         0.3167  (   0.0590)
 6. rate:  constant dv.net rate (period 6)                         0.3164  (   0.0569)
 7. rate:  constant dv.net rate (period 7)                         0.3968  (   0.0642)
 8. rate:  constant dv.net rate (period 8)                         0.3059  (   0.0532)
 9. rate:  constant dv.net rate (period 9)                         0.3267  (   0.0529)
10. rate:  constant dv.net rate (period 10)                        0.2666  (   0.0489)
11. rate:  constant dv.net rate (period 11)                        0.3252  (   0.0529)
12. rate:  constant dv.net rate (period 12)                        0.4374  (   0.0660)
13. rate:  constant dv.net rate (period 13)                        0.3511  (   0.0561)
14. rate:  constant dv.net rate (period 14)                        0.3166  (   0.0517)
15. rate:  constant dv.net rate (period 15)                        0.2872  (   0.0482)
16. rate:  constant dv.net rate (period 16)                        0.5143  (   0.0652)
17. rate:  constant dv.net rate (period 17)                        0.3402  (   0.0519)
18. eval:  degree (density)                                       -5.7415  (   0.2442)
19. eval:  transitive triads                                       0.1820  (   0.0615)
20. eval:  degree act+pop                                          0.0607  (   0.0056)
21. eval:  nets.lndistance_d                                      -0.9060  (   0.0761)
22. eval:  nets.ATOP_d                                             1.1452  (   0.1443)
23. eval:  nets.absidealdiff_d                                    -0.6444  (   0.0751)
24. eval:  nets.lntrade_d                                          0.0711  (   0.0315)
25. eval:  nets.NATO_d                                            -3.8052  (   0.4267)
26. eval:  milex.beh alter                                        -0.0653  (   0.0588)
27. eval:  beh.democracy_1 alter                                   1.6253  (   0.2670)
28. eval:  beh.lncinc_1 alter                                      0.8164  (   0.0721)
Behavior Dynamics

29. rate:  rate milex.beh (period 1)                               0.9336  (   0.1771)
30. rate:  rate milex.beh (period 2)                               1.3063  (   0.2486)
31. rate:  rate milex.beh (period 3)                               1.3443  (   0.2259)
32. rate:  rate milex.beh (period 4)                               1.1936  (   0.2129)
33. rate:  rate milex.beh (period 5)                               0.7053  (   0.1360)
34. rate:  rate milex.beh (period 6)                               0.5678  (   0.1098)
35. rate:  rate milex.beh (period 7)                               0.4768  (   0.0998)
36. rate:  rate milex.beh (period 8)                               0.5286  (   0.1051)
37. rate:  rate milex.beh (period 9)                               0.3787  (   0.0810)
38. rate:  rate milex.beh (period 10)                              1.7532  (   0.3187)
39. rate:  rate milex.beh (period 11)                              0.5886  (   0.1098)
40. rate:  rate milex.beh (period 12)                              1.3416  (   0.2530)
41. rate:  rate milex.beh (period 13)                              0.3263  (   0.0844)
42. rate:  rate milex.beh (period 14)                              0.3019  (   0.0790)
43. rate:  rate milex.beh (period 15)                              1.0883  (   0.2025)
44. rate:  rate milex.beh (period 16)                              0.4148  (   0.1031)
45. rate:  rate milex.beh (period 17)                              0.3588  (   0.0907)
46. eval:  milex.beh linear shape                                 -1.1911  (   0.0804)
47. eval:  milex.beh quadratic shape                              -0.0349  (   0.0246)
48. eval:  milex.beh degree                                        0.0937  (   0.0253)
49. eval:  milex.beh dense triads                                 -0.0240  (   0.0084)
50. eval:  milex.beh: effect from beh.democracy_1                 -0.4934  (   0.1419)
51. eval:  milex.beh: effect from beh.GDPgrowth_1                 -2.4079  (   0.9244)
52. eval:  milex.beh: effect from beh.nato_1                       0.9184  (   0.1706)
53. eval:  milex.beh: effect from beh.allies_1                    -0.0110  (   0.0037)
54. eval:  milex.beh: effect from beh.military_1                   0.2614  (   0.1982)
55. eval:  milex.beh: effect from beh.lnmids_1                     0.1496  (   0.0934)
56. eval:  milex.beh: effect from beh.milexSpLag_1                 7.8506  (   2.8105)


@3
Covariance matrices
                   
Covariance matrix of estimates (correlations below diagonal):
     0.000      0.000      0.000      0.000      0.000      0.000      0.000      0.000      0.000      0.000      0.000      0.000      0.000      0.000      0.000      0.000      0.000      0.000      0.000      0.000      0.000      0.000      0.000      0.000      0.000      0.000      0.000      0.000      0.000      0.000      0.000      0.000      0.000      0.000      0.000      0.000      0.000      0.000      0.000      0.000      0.000      0.000      0.000      0.000      0.000      0.000      0.000      0.000      0.000      0.000      0.001      0.000      0.000      0.000      0.000      0.001
     0.012      0.001      0.000      0.000      0.000      0.000      0.000      0.000      0.000      0.000      0.000      0.000      0.000      0.000      0.000      0.000      0.000     -0.001      0.000      0.000      0.000      0.000      0.000      0.000      0.000      0.000      0.000      0.000      0.000      0.001      0.000      0.000      0.000      0.000      0.000      0.000      0.000      0.000      0.000      0.000      0.000      0.000      0.000      0.000      0.000      0.000      0.000      0.000      0.000      0.000      0.000      0.000      0.000      0.000      0.000      0.000
    -0.022      0.022      0.007      0.000      0.000      0.000      0.000      0.000      0.000      0.000      0.000      0.000      0.000      0.000      0.000      0.000      0.000     -0.001      0.000      0.000      0.001     -0.001      0.000      0.000      0.001      0.000     -0.003     -0.001      0.000     -0.001      0.000      0.000      0.000      0.000      0.000      0.000      0.000      0.000      0.000      0.000      0.000      0.000      0.000      0.000      0.000      0.000      0.000      0.000      0.000      0.000      0.003      0.001      0.000      0.000      0.000     -0.005
    -0.011      0.012      0.038      0.003      0.000      0.000      0.000      0.000      0.000      0.000      0.000      0.000      0.000      0.000      0.000      0.000      0.000     -0.001      0.000      0.000      0.000      0.000      0.000      0.000      0.001      0.000     -0.001      0.000      0.000      0.000      0.000      0.000      0.000      0.000      0.000      0.000      0.000      0.000      0.000      0.000      0.000      0.000      0.000      0.000      0.000      0.000      0.000      0.000      0.000      0.000      0.002      0.000      0.000      0.000      0.000      0.002
    -0.006      0.003      0.039      0.036      0.003      0.000      0.000      0.000      0.000      0.000      0.000      0.000      0.000      0.000      0.000      0.000      0.000     -0.001      0.000      0.000      0.000      0.000      0.000      0.000      0.001      0.000     -0.001      0.000      0.000      0.000      0.000      0.000      0.000      0.000      0.000      0.000      0.000      0.000      0.000      0.000      0.000      0.000      0.000      0.000      0.000      0.000      0.000      0.000      0.000      0.000     -0.001      0.000      0.000      0.000      0.000      0.001
     0.009      0.027      0.020      0.012      0.033      0.003      0.000      0.000      0.000      0.000      0.000      0.000      0.000      0.000      0.000      0.000      0.000     -0.001      0.000      0.000      0.000      0.000      0.000      0.000      0.000      0.000     -0.001      0.000      0.000      0.000      0.000      0.000      0.000      0.000      0.000      0.000      0.000      0.000      0.000      0.000      0.000      0.000      0.000      0.000      0.000      0.000      0.000      0.000      0.000      0.000      0.001      0.000      0.000      0.000      0.000     -0.003
    -0.010      0.020      0.019     -0.001      0.040      0.027      0.004      0.000      0.000      0.000      0.000      0.000      0.000      0.000      0.000      0.000      0.000      0.000      0.000      0.000      0.001     -0.001      0.000      0.000      0.001      0.000     -0.002     -0.001      0.000      0.000      0.000      0.000      0.000      0.000      0.000      0.000      0.000      0.000      0.000      0.000      0.000      0.000      0.000      0.000      0.000      0.000      0.000      0.000      0.000      0.000      0.000      0.000      0.000      0.000      0.000      0.002
     0.018      0.012      0.014      0.025      0.025      0.028      0.048      0.003      0.000      0.000      0.000      0.000      0.000      0.000      0.000      0.000      0.000      0.000      0.000      0.000      0.000      0.000      0.000      0.000      0.001      0.000     -0.001      0.000      0.000      0.000      0.000      0.000      0.000      0.000      0.000      0.000      0.000      0.000      0.000      0.000      0.000      0.000      0.000      0.000      0.000      0.000      0.000      0.000      0.000      0.000      0.000      0.000      0.000      0.000      0.000     -0.002
     0.005      0.000      0.040      0.035      0.025      0.020      0.046      0.037      0.003      0.000      0.000      0.000      0.000      0.000      0.000      0.000      0.000      0.000      0.000      0.000      0.000      0.000      0.000      0.000      0.000      0.000     -0.001      0.000      0.000      0.000      0.000      0.000      0.000      0.000      0.000      0.000      0.000      0.001      0.000      0.000      0.000      0.000      0.000      0.000      0.000      0.000      0.000      0.000      0.000      0.000      0.001      0.000      0.000      0.000      0.000     -0.002
     0.017      0.044      0.010      0.022      0.030      0.005      0.054      0.005      0.035      0.002      0.000      0.000      0.000      0.000      0.000      0.000      0.000      0.000      0.000      0.000      0.000      0.000      0.000      0.000      0.000      0.000      0.000      0.000      0.000      0.000      0.000      0.000      0.000      0.000      0.000      0.000      0.000      0.000      0.000      0.000      0.000      0.000      0.000      0.000      0.000      0.000      0.000      0.000      0.000      0.000      0.000      0.000      0.000      0.000      0.000      0.003
     0.001      0.010      0.011      0.013      0.039     -0.001      0.006     -0.006      0.036      0.006      0.003      0.000      0.000      0.000      0.000      0.000      0.000      0.000      0.000      0.000      0.000      0.000      0.000      0.000      0.000      0.000     -0.001      0.000      0.000      0.000      0.000      0.000      0.000      0.000      0.000      0.000      0.000      0.000      0.000      0.000      0.000      0.000      0.000      0.000      0.000      0.000      0.000      0.000      0.000      0.000     -0.001      0.000      0.000      0.000      0.000      0.001
     0.002      0.003      0.033      0.012      0.029      0.010      0.008      0.018      0.002      0.006     -0.015      0.004      0.000      0.000      0.000      0.000      0.000      0.000      0.000      0.000      0.000     -0.001      0.000      0.000      0.001      0.000     -0.001      0.000      0.000      0.000      0.000      0.000      0.000      0.000      0.000      0.000      0.000      0.000      0.000      0.000      0.000      0.000      0.000      0.000      0.000      0.000      0.000      0.000      0.000      0.000      0.001      0.000      0.000      0.000      0.000      0.001
    -0.002     -0.008      0.004      0.037      0.004      0.027     -0.014      0.002     -0.029      0.016      0.012     -0.003      0.003      0.000      0.000      0.000      0.000      0.000      0.000      0.000      0.000      0.000      0.000      0.000      0.001      0.000     -0.001      0.000      0.000      0.000      0.000      0.000      0.000      0.000      0.000      0.000      0.000     -0.001      0.000      0.000      0.000      0.000      0.000      0.000      0.000      0.000      0.000      0.000      0.000      0.000      0.000      0.000      0.000      0.000      0.000      0.001
    -0.004      0.001      0.030     -0.050      0.024      0.004      0.038      0.015     -0.002      0.021      0.007      0.007     -0.019      0.003      0.000      0.000      0.000      0.000      0.000      0.000      0.000      0.000      0.000      0.000      0.000      0.000      0.000      0.000      0.000      0.000      0.000      0.000      0.000      0.000      0.000      0.000      0.000     -0.001      0.000      0.000      0.000      0.000      0.000      0.000      0.000      0.000      0.000      0.000      0.000      0.000     -0.001      0.000      0.000      0.000      0.000      0.000
     0.028     -0.006      0.018      0.006     -0.006     -0.022     -0.009     -0.018      0.008      0.005      0.019      0.004      0.002     -0.017      0.002      0.000      0.000      0.000      0.000      0.000      0.000      0.000      0.000      0.000      0.000      0.000     -0.001      0.000      0.000      0.000      0.000      0.000      0.000      0.000      0.000      0.000      0.000      0.000      0.000      0.000      0.000      0.000     -0.001      0.000      0.000      0.000      0.000      0.000      0.000      0.000      0.000      0.000      0.000      0.000      0.000      0.002
     0.036      0.018     -0.008      0.015      0.016      0.020     -0.005     -0.030      0.037     -0.002     -0.007      0.012      0.011      0.006      0.005      0.004      0.000      0.000      0.000      0.000      0.000      0.000      0.000      0.000      0.000      0.000      0.000      0.000      0.000      0.000      0.000      0.000      0.000      0.000      0.000      0.000      0.000     -0.001      0.000      0.000      0.000      0.000      0.000      0.000      0.000      0.000      0.000      0.000      0.000      0.000     -0.002      0.000      0.000      0.000      0.000     -0.006
    -0.038      0.006      0.039      0.003      0.037      0.033      0.016      0.018      0.013     -0.025      0.009     -0.004      0.025     -0.026      0.016      0.018      0.003      0.000      0.000      0.000      0.000      0.000      0.000      0.000      0.001      0.000      0.000      0.000      0.000      0.000      0.000      0.000      0.000      0.000      0.000      0.000      0.000      0.000      0.000      0.000      0.000      0.000      0.000      0.000      0.000      0.000      0.000      0.000      0.000      0.000      0.000      0.000      0.000      0.000      0.000     -0.003
    -0.052     -0.066     -0.063     -0.056     -0.035     -0.040      0.003     -0.015     -0.017     -0.021      0.000      0.001      0.011     -0.018     -0.014      0.006      0.036      0.060     -0.005      0.000      0.007     -0.009      0.007      0.000      0.039      0.002     -0.026     -0.010     -0.001      0.000      0.000      0.001      0.000      0.000      0.000      0.000      0.001     -0.004      0.000      0.000      0.000      0.000     -0.001      0.000      0.000      0.000      0.000      0.000      0.000      0.000     -0.002      0.001      0.000      0.001      0.000      0.015
    -0.008      0.003     -0.067     -0.002     -0.055      0.007     -0.032      0.003     -0.009     -0.006     -0.005      0.010     -0.001      0.002     -0.012      0.021     -0.011     -0.323      0.004      0.000     -0.001      0.001     -0.001      0.000     -0.014      0.000      0.006      0.002      0.000      0.000      0.000      0.000      0.000      0.000      0.000      0.000      0.000      0.000      0.000     -0.001      0.000      0.000      0.000      0.000      0.000      0.000      0.000      0.000      0.000      0.000      0.001      0.000      0.000      0.000      0.000     -0.001
     0.044      0.082      0.190      0.081      0.093      0.044      0.083      0.022      0.056      0.031      0.012     -0.008      0.014      0.006      0.016     -0.041     -0.021     -0.273     -0.527      0.000      0.000      0.000      0.000      0.000      0.000      0.000      0.000      0.000      0.000      0.000      0.000      0.000      0.000      0.000      0.000      0.000      0.000      0.000      0.000      0.000      0.000      0.000      0.000      0.000      0.000      0.000      0.000      0.000      0.000      0.000      0.000      0.000      0.000      0.000      0.000      0.000
     0.007      0.017      0.126      0.073      0.073      0.037      0.109      0.040      0.089      0.023      0.030      0.021      0.028      0.025      0.036      0.019      0.082      0.401     -0.195      0.064      0.006      0.002      0.001      0.001      0.006      0.000     -0.005     -0.003      0.000      0.000      0.000      0.000      0.000      0.000      0.000      0.000      0.000      0.000      0.000      0.000      0.000      0.000      0.000      0.000      0.000      0.000      0.000      0.000      0.000      0.000      0.002      0.000      0.000      0.000      0.000     -0.003
     0.029     -0.014     -0.059     -0.003     -0.036     -0.037     -0.060     -0.014     -0.005     -0.025     -0.036     -0.082     -0.033      0.002      0.013     -0.044      0.003     -0.267      0.090     -0.076      0.144      0.021      0.001     -0.001     -0.010     -0.001      0.013      0.002      0.001      0.000      0.001      0.001      0.000      0.000      0.000      0.001      0.000      0.001     -0.001      0.000      0.000      0.000      0.001      0.000      0.000      0.000      0.000      0.000      0.000      0.000     -0.001      0.000      0.000      0.000      0.000     -0.003
    -0.013     -0.028      0.002     -0.010      0.023     -0.027      0.013      0.015      0.021      0.005      0.031     -0.017      0.006      0.008      0.018      0.012      0.052      0.387     -0.167     -0.074      0.101      0.053      0.006      0.000      0.010     -0.002     -0.006     -0.001      0.000     -0.001      0.001      0.000      0.000      0.000      0.000      0.000      0.000     -0.001      0.000      0.000      0.000      0.000      0.000      0.000      0.000      0.000      0.000      0.000      0.000      0.000     -0.002      0.000      0.000      0.000      0.000     -0.001
     0.017      0.066      0.168      0.092      0.103      0.063      0.084      0.053      0.088      0.035      0.016      0.030      0.030      0.055      0.040      0.023      0.047      0.019     -0.149      0.212      0.473     -0.191     -0.102      0.001     -0.001      0.000     -0.001     -0.001      0.000      0.000      0.000      0.000      0.000      0.000      0.000      0.000      0.000      0.000      0.000      0.000      0.000      0.000      0.000      0.000      0.000      0.000      0.000      0.000      0.000      0.000      0.001      0.000      0.000      0.000      0.000     -0.003
     0.002     -0.010      0.019      0.025      0.030      0.007      0.044      0.032     -0.002      0.014      0.010      0.030      0.032      0.010      0.006      0.006      0.026      0.373     -0.517      0.068      0.192     -0.167      0.300     -0.059      0.182     -0.003     -0.045     -0.007      0.001     -0.004     -0.001      0.002      0.001     -0.001     -0.001      0.000      0.001      0.003     -0.001      0.000      0.001     -0.002     -0.001      0.000      0.000      0.000      0.000      0.000      0.000      0.000      0.007      0.000      0.000      0.001      0.001     -0.003
    -0.021     -0.009     -0.021      0.004     -0.066     -0.002     -0.013     -0.018     -0.043     -0.014     -0.023      0.040      0.004      0.013     -0.008      0.019      0.020      0.122      0.112     -0.188     -0.010     -0.138     -0.358      0.069     -0.124      0.003      0.003     -0.001      0.000      0.000      0.000      0.000      0.000      0.000      0.000      0.000      0.000      0.000      0.000      0.000      0.000      0.000      0.000      0.000      0.000      0.000      0.000      0.000      0.000      0.000      0.000      0.000      0.000      0.000      0.000      0.002
     0.015     -0.026     -0.120     -0.042     -0.075     -0.047     -0.094     -0.066     -0.056     -0.035     -0.054     -0.060     -0.049     -0.030     -0.041      0.002     -0.035     -0.396      0.378     -0.320     -0.245      0.343     -0.295     -0.162     -0.396      0.215      0.071      0.006      0.000      0.001     -0.001     -0.001      0.000      0.000      0.000     -0.001      0.000     -0.004      0.000      0.002      0.000      0.001      0.000     -0.001      0.000      0.000      0.000      0.000      0.000      0.000     -0.004     -0.001      0.000      0.000      0.001     -0.001
     0.004     -0.041     -0.151     -0.077     -0.097     -0.053     -0.118     -0.054     -0.068     -0.043     -0.028     -0.024     -0.051     -0.031     -0.020     -0.036     -0.083     -0.572      0.375     -0.252     -0.605      0.211     -0.274     -0.557     -0.213     -0.160      0.292      0.005      0.000      0.000      0.000      0.000      0.000      0.000      0.000      0.000      0.000      0.000      0.000      0.000      0.000      0.000      0.000      0.000      0.000      0.000      0.000      0.000      0.000      0.000     -0.001      0.000      0.000      0.000      0.000      0.002
     0.003     -0.008      0.003     -0.031     -0.013      0.009     -0.020      0.017      0.011     -0.024     -0.025      0.005      0.000     -0.015     -0.015      0.002      0.020     -0.018      0.001      0.014      0.019      0.029     -0.012      0.024      0.013      0.005     -0.008     -0.009      0.031      0.000      0.001      0.003      0.001      0.000      0.000      0.000      0.000      0.001      0.000      0.001      0.000      0.000      0.001      0.000      0.000      0.000      0.001      0.000      0.000      0.001      0.007     -0.001      0.000     -0.001      0.000      0.002
     0.015      0.104     -0.048      0.000     -0.031      0.003     -0.002     -0.008     -0.002      0.011     -0.014     -0.009     -0.006      0.012     -0.002      0.013     -0.012     -0.005      0.001      0.010     -0.019      0.003     -0.033      0.007     -0.035      0.020      0.018      0.006      0.001      0.062      0.003      0.001      0.000      0.001      0.000      0.001      0.000     -0.001      0.001      0.000      0.000      0.000      0.001      0.000      0.000      0.000      0.001      0.000      0.000      0.001      0.005     -0.001      0.000      0.000      0.000      0.017
     0.012      0.000     -0.015      0.027      0.008      0.034      0.008     -0.003     -0.033      0.012      0.000     -0.016     -0.030     -0.016      0.032      0.005      0.026     -0.009      0.028     -0.008     -0.010      0.019      0.049     -0.033     -0.012     -0.036     -0.009      0.018      0.019      0.050      0.051      0.001     -0.001      0.000      0.001      0.000      0.000      0.000      0.001      0.000      0.000      0.000      0.000      0.000      0.000      0.000      0.000      0.000      0.000      0.002      0.016     -0.002      0.000      0.000      0.001      0.005
     0.048      0.029      0.007     -0.021      0.009      0.001     -0.015     -0.018     -0.011     -0.006      0.005     -0.004      0.033     -0.008     -0.035     -0.009      0.026      0.010     -0.006     -0.001     -0.002      0.017      0.004      0.020      0.018      0.020     -0.023     -0.022      0.070      0.022      0.011      0.045      0.000      0.001      0.000      0.000      0.000      0.002      0.000      0.000      0.000      0.000      0.001      0.001      0.000      0.000      0.001      0.000      0.000      0.000      0.017      0.000      0.000     -0.002      0.000      0.013
    -0.004      0.006     -0.011     -0.021     -0.028     -0.016      0.009      0.025      0.003     -0.006     -0.019      0.017      0.020      0.007      0.021     -0.010      0.000     -0.014     -0.002      0.004      0.006      0.007     -0.025      0.040      0.019      0.020     -0.011     -0.001      0.055      0.009     -0.029      0.017      0.018      0.000      0.000      0.000      0.000      0.000      0.000      0.000      0.000      0.000      0.000      0.000      0.000      0.000      0.000      0.000      0.000      0.000      0.006      0.000      0.000      0.001      0.001      0.011
    -0.018     -0.017      0.021      0.010     -0.008      0.077      0.013      0.010     -0.013      0.007     -0.016      0.006      0.025      0.044      0.017     -0.026      0.024     -0.002      0.031      0.000      0.000      0.007      0.009     -0.011     -0.016     -0.011      0.013     -0.019      0.013      0.028      0.003      0.050      0.001      0.012      0.000      0.000      0.000     -0.001      0.000      0.000      0.000      0.000      0.000      0.000      0.000      0.000      0.000      0.000      0.000      0.000      0.008      0.000      0.000      0.000      0.000     -0.001
    -0.004      0.009      0.040     -0.016      0.004     -0.014      0.003      0.000     -0.006      0.016      0.010     -0.010     -0.020      0.024      0.004      0.027      0.026     -0.014      0.002      0.011     -0.026     -0.019     -0.035     -0.014     -0.018      0.039      0.003      0.012     -0.005      0.012      0.024     -0.013      0.024      0.013      0.010      0.000      0.000      0.000      0.000      0.000      0.000      0.000     -0.001      0.000      0.000      0.000      0.000      0.000      0.000      0.000      0.000      0.000      0.000      0.000      0.000     -0.005
     0.027      0.025      0.023      0.005     -0.003     -0.021      0.015      0.018     -0.024     -0.016     -0.008     -0.022     -0.006      0.015     -0.017      0.008      0.012     -0.009     -0.020      0.028     -0.001      0.033      0.020     -0.023     -0.003     -0.024     -0.027      0.000     -0.008      0.027      0.008     -0.017     -0.016      0.011      0.011      0.011      0.000     -0.001      0.000      0.000      0.000      0.000      0.000      0.000      0.000      0.000      0.000      0.000      0.000      0.000      0.001      0.000      0.000      0.000      0.000     -0.004
     0.000      0.019      0.003     -0.004     -0.022      0.010      0.015     -0.014      0.017      0.002      0.015      0.021     -0.035      0.009     -0.005      0.022      0.020      0.051     -0.026     -0.014      0.002     -0.016      0.025     -0.001      0.027     -0.001     -0.011     -0.039     -0.013      0.009     -0.005     -0.015     -0.002      0.017     -0.032      0.002      0.007     -0.001      0.000      0.000      0.000      0.000      0.000      0.000      0.000      0.000      0.000      0.000      0.000      0.000      0.000      0.000      0.000     -0.001      0.000      0.005
     0.029      0.004     -0.006      0.004     -0.011     -0.015     -0.003      0.018      0.033     -0.013      0.008      0.004     -0.032     -0.032      0.000     -0.025     -0.002     -0.048     -0.009      0.066      0.010      0.021     -0.026      0.016      0.019     -0.012     -0.046      0.007      0.010     -0.008     -0.004      0.025      0.004     -0.022      0.004     -0.022     -0.025      0.102     -0.001      0.000     -0.002      0.000      0.002      0.000      0.000      0.001      0.000      0.000      0.000     -0.002      0.005      0.000      0.000      0.000      0.000      0.026
     0.020      0.013      0.014     -0.017      0.005      0.017      0.000      0.015     -0.020     -0.006     -0.040     -0.010      0.005      0.020      0.003      0.001     -0.006      0.005      0.023      0.004      0.002     -0.033      0.015      0.003     -0.023      0.015     -0.009     -0.022      0.008      0.044      0.028      0.018     -0.024      0.018     -0.005      0.033     -0.006     -0.017      0.012      0.000      0.000      0.000      0.001      0.000      0.000      0.000      0.000      0.000      0.000      0.000      0.006      0.000      0.000      0.001      0.000     -0.004
     0.022      0.009      0.005     -0.029     -0.018     -0.033     -0.018      0.006     -0.018     -0.003      0.020     -0.021     -0.008      0.001      0.029     -0.006     -0.015      0.007     -0.056      0.014     -0.008     -0.001      0.004      0.007     -0.001     -0.015      0.037      0.001      0.028      0.003     -0.006     -0.001     -0.014      0.013      0.002     -0.002     -0.008      0.004     -0.005      0.064      0.000      0.000      0.000      0.000      0.000      0.000      0.000      0.000      0.000     -0.002      0.010     -0.002      0.000      0.000      0.001      0.006
    -0.008     -0.006      0.006     -0.004     -0.015      0.033      0.057     -0.012      0.018     -0.015      0.015     -0.003     -0.063      0.029     -0.030     -0.017      0.007      0.002     -0.017      0.015      0.028      0.001     -0.001      0.002      0.015      0.035      0.002     -0.010      0.007      0.016      0.002     -0.006      0.008      0.042      0.036     -0.001      0.004     -0.060      0.012     -0.008      0.007      0.000      0.000      0.000      0.000     -0.001      0.000      0.000      0.000      0.000      0.000      0.000      0.000      0.000      0.000      0.000
     0.005      0.036      0.003     -0.019     -0.028     -0.018     -0.034      0.011     -0.023      0.008     -0.037     -0.022      0.007     -0.020     -0.004      0.012      0.026      0.002      0.018     -0.018     -0.008      0.036     -0.009      0.003     -0.050      0.034      0.032     -0.011     -0.020      0.017      0.012      0.020      0.033     -0.053      0.023     -0.013     -0.033      0.012     -0.018     -0.023     -0.029      0.006      0.000      0.000      0.000      0.000      0.000      0.000      0.000      0.000      0.000      0.000      0.000      0.000      0.000      0.001
    -0.001      0.016      0.004      0.004      0.006      0.018      0.004     -0.023     -0.018     -0.011     -0.026      0.003      0.007      0.004     -0.068      0.010      0.001     -0.021      0.019     -0.003      0.003      0.021      0.006      0.006     -0.017      0.016      0.008      0.006      0.027      0.018     -0.005      0.030      0.005     -0.003     -0.030      0.017     -0.006      0.028      0.047     -0.003      0.016     -0.027      0.041      0.000      0.001      0.000      0.000      0.000      0.000      0.000      0.004     -0.002      0.000     -0.002      0.000      0.010
     0.017      0.015      0.014      0.001      0.008      0.013     -0.006     -0.005     -0.015      0.005      0.009      0.004      0.020      0.012      0.020      0.005      0.021     -0.012     -0.006      0.034      0.004     -0.005     -0.017      0.029     -0.005     -0.005     -0.033      0.000     -0.018     -0.005     -0.002      0.043      0.022      0.025      0.028      0.032     -0.008      0.005      0.028     -0.006     -0.005      0.022     -0.001      0.011      0.000      0.000      0.000      0.000      0.000      0.000     -0.001      0.001      0.000      0.000      0.000      0.005
    -0.005      0.013     -0.001     -0.003      0.002      0.028     -0.025     -0.030     -0.024     -0.012      0.024     -0.009     -0.008     -0.006     -0.020      0.015      0.004      0.015      0.018     -0.042     -0.025      0.018     -0.001     -0.039     -0.009      0.019      0.013      0.038      0.011      0.003     -0.005     -0.014      0.009     -0.002      0.015      0.004      0.018      0.013     -0.019     -0.004      0.008     -0.014      0.029     -0.001      0.008      0.000      0.000      0.000      0.000      0.000      0.001      0.000      0.000      0.000      0.000     -0.005
     0.007      0.003      0.025     -0.007     -0.013      0.035      0.013      0.021     -0.006      0.016     -0.018      0.023     -0.005      0.019     -0.003     -0.034      0.021      0.001     -0.018      0.028      0.009     -0.022     -0.030      0.000      0.007      0.059     -0.001     -0.023     -0.007     -0.007      0.021     -0.027      0.024     -0.011     -0.050     -0.028     -0.024      0.026     -0.010      0.013     -0.075     -0.051      0.001     -0.060     -0.005      0.006      0.000     -0.001      0.000      0.003      0.016     -0.003      0.000     -0.001      0.001     -0.025
     0.056      0.005     -0.023      0.033     -0.034      0.001     -0.025      0.002      0.028     -0.009     -0.041     -0.010      0.025     -0.022     -0.009      0.017     -0.002     -0.028      0.000      0.023      0.013      0.029      0.003      0.017      0.012     -0.008      0.002     -0.013      0.136      0.096      0.085      0.126      0.056      0.060      0.072      0.062      0.011      0.055      0.083      0.069      0.038      0.022      0.073      0.019      0.042     -0.094      0.001      0.000      0.000      0.000      0.005      0.000      0.000      0.000      0.000     -0.025
    -0.015     -0.007     -0.016      0.009      0.028     -0.031     -0.015     -0.030      0.005     -0.027      0.015     -0.022      0.006     -0.008      0.001      0.021     -0.010      0.004      0.012     -0.017     -0.022      0.001      0.017      0.001     -0.026     -0.043      0.024      0.007     -0.032     -0.018     -0.035     -0.046     -0.057     -0.014     -0.029      0.014      0.006     -0.017      0.018      0.008      0.028      0.048     -0.026      0.036     -0.023     -0.585     -0.167      0.001      0.000     -0.001     -0.003      0.000      0.000      0.000     -0.001      0.008
     0.013      0.014      0.008     -0.015     -0.015      0.016      0.033      0.022     -0.005      0.028     -0.022      0.022      0.003      0.006      0.000     -0.028      0.007     -0.006     -0.009      0.012      0.023      0.006      0.007     -0.001      0.022      0.019     -0.021     -0.006      0.034      0.017      0.023      0.053      0.046      0.001      0.031     -0.021     -0.023      0.003     -0.016     -0.027     -0.020     -0.041      0.032     -0.038      0.010      0.404      0.147     -0.903      0.000      0.000      0.001      0.000      0.000      0.000      0.000     -0.002
     0.004     -0.008      0.002      0.028     -0.024      0.029      0.001      0.022     -0.024      0.002     -0.013      0.020      0.008     -0.022      0.020     -0.022      0.008     -0.005      0.005      0.006      0.022      0.013     -0.007      0.016     -0.006     -0.004      0.009     -0.006      0.041      0.020      0.062      0.010      0.023      0.007      0.003     -0.022     -0.029     -0.044     -0.001     -0.045     -0.024     -0.004      0.007     -0.009     -0.008      0.243      0.141     -0.202      0.165      0.020      0.007     -0.011      0.000      0.005      0.002      0.029
     0.042     -0.004      0.037      0.038     -0.015      0.022      0.005     -0.002      0.020      0.003     -0.017      0.013      0.007     -0.021      0.010     -0.036     -0.006     -0.009      0.016      0.004      0.035     -0.009     -0.025      0.032      0.018     -0.001     -0.017     -0.019      0.044      0.021      0.076      0.088      0.046      0.077     -0.002      0.006      0.004      0.018      0.059      0.042      0.002      0.002      0.021     -0.016      0.013      0.213      0.198     -0.144      0.100      0.050      0.855     -0.001      0.000     -0.014      0.003     -0.361
    -0.032     -0.008      0.037     -0.006      0.027     -0.023     -0.010     -0.042      0.029     -0.020      0.041     -0.034     -0.003     -0.002      0.008      0.024      0.001      0.013     -0.004      0.001      0.009     -0.004     -0.016      0.002     -0.004     -0.005     -0.029      0.001     -0.036     -0.029     -0.044     -0.003     -0.019     -0.017      0.003      0.019      0.024     -0.009     -0.018     -0.038      0.008     -0.021     -0.054      0.041      0.020     -0.188     -0.066     -0.025     -0.043     -0.458     -0.004      0.029      0.000     -0.001     -0.003     -0.017
     0.047      0.020     -0.029      0.012     -0.039      0.008      0.012      0.015     -0.007      0.001     -0.042      0.028      0.003      0.022     -0.034     -0.005     -0.010     -0.017     -0.008      0.004     -0.002      0.007     -0.014     -0.007      0.029      0.058     -0.001      0.005      0.042      0.007      0.057      0.032      0.056      0.021      0.002     -0.008     -0.013      0.035      0.008      0.041     -0.019     -0.010      0.040     -0.069     -0.011      0.399      0.083     -0.389      0.239     -0.005      0.072     -0.325      0.000      0.000      0.000      0.000
    -0.012     -0.026     -0.027      0.017      0.013     -0.007     -0.031     -0.011     -0.022     -0.002      0.021     -0.014      0.021     -0.023     -0.019      0.008     -0.022      0.011     -0.001     -0.015     -0.017      0.001      0.003     -0.016      0.015      0.000      0.000      0.016     -0.019      0.001     -0.004     -0.053      0.020      0.009      0.018      0.000     -0.033      0.002      0.024      0.004      0.001      0.019     -0.042     -0.006     -0.001     -0.081     -0.076      0.079     -0.063      0.167     -0.075     -0.024      0.051      0.039      0.000      0.035
    -0.009      0.004      0.020     -0.024      0.018      0.049     -0.016      0.000     -0.038      0.026      0.000      0.023     -0.028      0.009      0.010     -0.011      0.007     -0.018      0.001      0.003      0.009     -0.001     -0.040      0.005      0.018      0.005      0.025      0.015     -0.030      0.005      0.024      0.013      0.045      0.029      0.045     -0.012      0.012     -0.015     -0.035      0.025      0.004     -0.025     -0.013     -0.005     -0.007      0.143     -0.171     -0.270      0.219      0.117      0.037     -0.166      0.011     -0.021      0.009     -0.025
     0.010     -0.001     -0.022      0.011      0.004     -0.018      0.010     -0.011     -0.011      0.020      0.007      0.007      0.005      0.001      0.013     -0.033     -0.018      0.021     -0.003     -0.015     -0.014     -0.008     -0.004     -0.035     -0.003      0.013     -0.001      0.010      0.004      0.024      0.008      0.022      0.028     -0.003     -0.017     -0.013      0.023      0.029     -0.014      0.008      0.002      0.006      0.017      0.016     -0.018     -0.112     -0.361      0.119     -0.087      0.072     -0.139     -0.036     -0.010      0.062     -0.094      7.899

Derivative matrix of expected statistics X by parameters and
covariance/correlation matrix of X can be found using
summary(ans) within R, or by using the 'verbose' option in Siena07.
 
Total computation time 773.54 seconds.
