

-----------------------------------
New Analysis started.
Date and time: 21/09/2026 14:57:29
New results follow.
-----------------------------------

RSiena version 1.3.10 (28 Apr 22)


@1
Estimation by stochastic approximation algorithm.
=================================================

Current random number seed is 2009303.
Effects object used: bound$effects 
Model Type:
 Initiative model
Behavioral Model Type:
 Standard behavior actor-oriented model ('restrict')
Estimation method: unconditional moment estimation
.

Time duration for simulations in each period is 1.0.
Changing composition.
Joiners/leavers option: 1
Standard errors are estimated with the likelihood ratio method.
Dolby method (regression on scores) is used.
Initial value of gain parameter is  0.2000000.
Reduction factor for gain parameter is  0.5000000.
Number of subphases in Phase 2 is 0.

Initial parameter values are 
  1. rate:  constant dv.net rate (period 1)                 0.0471
  2. rate:  constant dv.net rate (period 2)                 0.1395
  3. rate:  constant dv.net rate (period 3)                 0.4297
  4. rate:  constant dv.net rate (period 4)                 0.3478
  5. rate:  constant dv.net rate (period 5)                 0.3234
  6. rate:  constant dv.net rate (period 6)                 0.3183
  7. rate:  constant dv.net rate (period 7)                 0.3978
  8. rate:  constant dv.net rate (period 8)                 0.3086
  9. rate:  constant dv.net rate (period 9)                 0.3269
 10. rate:  constant dv.net rate (period 10)                0.2745
 11. rate:  constant dv.net rate (period 11)                0.3228
 12. rate:  constant dv.net rate (period 12)                0.4464
 13. rate:  constant dv.net rate (period 13)                0.3539
 14. rate:  constant dv.net rate (period 14)                0.3236
 15. rate:  constant dv.net rate (period 15)                0.2899
 16. rate:  constant dv.net rate (period 16)                0.5159
 17. rate:  constant dv.net rate (period 17)                0.3421
 18. rate:  constant dv.net rate (period 18)                0.3963
 19. eval:  degree (density)                               -5.5374
 20. eval:  transitive triads                               0.1584
 21. eval:  degree act+pop                                  0.0572
 22. eval:  nets.lndistance_d                              -0.8576
 23. eval:  nets.ATOP_d                                     1.0931
 24. eval:  nets.absidealdiff_d                            -0.6065
 25. eval:  nets.lntrade_d                                  0.0709
 26. eval:  nets.NATO_d                                    -3.3897
 27. eval:  milex.beh alter                                -0.0559
 28. eval:  beh.democracy_1 alter                           1.4516
 29. eval:  beh.lncinc_1 alter                              0.7991
 30. rate:  rate milex.beh (period 1)                       0.9340
 31. rate:  rate milex.beh (period 2)                       1.2965
 32. rate:  rate milex.beh (period 3)                       1.3504
 33. rate:  rate milex.beh (period 4)                       1.1915
 34. rate:  rate milex.beh (period 5)                       0.6969
 35. rate:  rate milex.beh (period 6)                       0.5621
 36. rate:  rate milex.beh (period 7)                       0.4763
 37. rate:  rate milex.beh (period 8)                       0.5215
 38. rate:  rate milex.beh (period 9)                       0.3722
 39. rate:  rate milex.beh (period 10)                      1.7115
 40. rate:  rate milex.beh (period 11)                      0.5829
 41. rate:  rate milex.beh (period 12)                      1.3129
 42. rate:  rate milex.beh (period 13)                      0.3212
 43. rate:  rate milex.beh (period 14)                      0.2948
 44. rate:  rate milex.beh (period 15)                      1.0851
 45. rate:  rate milex.beh (period 16)                      0.4075
 46. rate:  rate milex.beh (period 17)                      0.3524
 47. rate:  rate milex.beh (period 18)                      0.4067
 48. eval:  milex.beh linear shape                         -1.1717
 49. eval:  milex.beh quadratic shape                      -0.0278
 50. eval:  milex.beh degree                                0.0887
 51. eval:  milex.beh dense triads                         -0.0207
 52. eval:  milex.beh: effect from beh.democracy_1         -0.4488
 53. eval:  milex.beh: effect from beh.GDPgrowth_1         -2.2396
 54. eval:  milex.beh: effect from beh.nato_1               0.8752
 55. eval:  milex.beh: effect from beh.allies_1            -0.0109
 56. eval:  milex.beh: effect from beh.military_1           0.2575
 57. eval:  milex.beh: effect from beh.lnmids_1             0.1371
 58. eval:  milex.beh: effect from beh.milexSpLag_1         7.1308


Observed values of target statistics are
  1. Amount of network change in period 1                                10.0000
  2. Amount of network change in period 2                                34.0000
  3. Amount of network change in period 3                                86.0000
  4. Amount of network change in period 4                                94.0000
  5. Amount of network change in period 5                                76.0000
  6. Amount of network change in period 6                                76.0000
  7. Amount of network change in period 7                                94.0000
  8. Amount of network change in period 8                                78.0000
  9. Amount of network change in period 9                                84.0000
 10. Amount of network change in period 10                               72.0000
 11. Amount of network change in period 11                               84.0000
 12. Amount of network change in period 12                              114.0000
 13. Amount of network change in period 13                               94.0000
 14. Amount of network change in period 14                               88.0000
 15. Amount of network change in period 15                               80.0000
 16. Amount of network change in period 16                              138.0000
 17. Amount of network change in period 17                               96.0000
 18. Amount of network change in period 18                              112.0000
 19. Number of edges                                                   5257.0000
 20. Number of transitive triads                                       7339.0000
 21. Sum of squared degrees                                            333172.0000
 22. Sum of ties x nets.lndistance_d                                   -10629.6066
 23. Sum of ties x nets.ATOP_d                                         5960.4379
 24. Sum of ties x nets.absidealdiff_d                                 -2858.5692
 25. Sum of ties x nets.lntrade_d                                      37643.5933
 26. Sum of ties x nets.NATO_d                                         1247.4871
 27. Sum of degrees x milex.beh                                        -136.5119
 28. Sum of degrees x beh.democracy_1                                  2911.8786
 29. Sum of degrees x beh.lncinc_1                                     13015.0208
 30. Amount of behavioral change in period 1 on milex.beh                41.0000
 31. Amount of behavioral change in period 2 on milex.beh                50.0000
 32. Amount of behavioral change in period 3 on milex.beh                57.0000
 33. Amount of behavioral change in period 4 on milex.beh                52.0000
 34. Amount of behavioral change in period 5 on milex.beh                37.0000
 35. Amount of behavioral change in period 6 on milex.beh                32.0000
 36. Amount of behavioral change in period 7 on milex.beh                28.0000
 37. Amount of behavioral change in period 8 on milex.beh                31.0000
 38. Amount of behavioral change in period 9 on milex.beh                24.0000
 39. Amount of behavioral change in period 10 on milex.beh               71.0000
 40. Amount of behavioral change in period 11 on milex.beh               34.0000
 41. Amount of behavioral change in period 12 on milex.beh               55.0000
 42. Amount of behavioral change in period 13 on milex.beh               18.0000
 43. Amount of behavioral change in period 14 on milex.beh               17.0000
 44. Amount of behavioral change in period 15 on milex.beh               48.0000
 45. Amount of behavioral change in period 16 on milex.beh               20.0000
 46. Amount of behavioral change in period 17 on milex.beh               18.0000
 47. Amount of behavioral change in period 18 on milex.beh               21.0000
 48. milex.beh centered sum                                             -69.2728
 49. milex.beh sum of cent. squares                                    5872.2362
 50. milex.beh outdegrees                                              -140.2801
 51. milex.beh dense triads                                            -2487.5508
 52. milex.beh x beh.democracy_1                                       -379.2596
 53. milex.beh x beh.GDPgrowth_1                                         -0.6794
 54. milex.beh x beh.nato_1                                              58.7026
 55. milex.beh x beh.allies_1                                          -4906.7851
 56. milex.beh x beh.military_1                                         125.8892
 57. milex.beh x beh.lnmids_1                                           583.7664
 58. milex.beh x beh.milexSpLag_1                                        23.9632

 58 parameters, 58 statistics

Number of subphases is specified as 0.
Therefore the estimation phase is skipped
 and the program passes on immediately to phase 3
 for checking the current parameter values and calculating standard errors.
Estimation of derivatives by the LR method (type 1).


@2
End of stochastic approximation algorithm, phase 3.
---------------------------------------------------

Total of 3000 iterations.
Parameter estimates based on 0 iterations,
convergence diagnostics, covariance and derivative matrices based on 3000 iterations.

Information for convergence diagnosis.
Averages, standard deviations, and t-ratios for deviations from targets:
  1.  -0.0980    4.4336  -0.0221 
  2.   0.2100    8.2319   0.0255 
  3.   0.0027   12.2295   0.0002 
  4.  -0.3267   13.7694  -0.0237 
  5.   0.3240   11.7827   0.0275 
  6.   0.0400   11.9844   0.0033 
  7.   0.5100   12.9511   0.0394 
  8.   0.1727   12.3217   0.0140 
  9.   0.2580   12.7363   0.0203 
 10.   0.1447   11.7512   0.0123 
 11.   0.1827   12.7587   0.0143 
 12.  -0.1407   14.4417  -0.0097 
 13.  -0.0260   13.0380  -0.0020 
 14.  -0.3747   12.8661  -0.0291 
 15.   0.1113   11.9235   0.0093 
 16.  -0.2267   16.2763  -0.0139 
 17.   0.0993   13.5959   0.0073 
 18.  -0.0167   14.9325  -0.0011 
 19.   0.8430   27.2725   0.0309 
 20.   1.1283   91.0648   0.0124 
 21.  77.2773 2838.3547   0.0272 
 22.  -1.9901   67.8283  -0.0293 
 23.  -0.2509   33.6330  -0.0075 
 24.  -0.4764   47.0754  -0.0101 
 25.   2.9124  200.5844   0.0145 
 26.  -0.3002   10.9672  -0.0274 
 27.   0.1888   55.0497   0.0034 
 28.  -0.1740   20.0165  -0.0087 
 29.   2.8047   87.5445   0.0320 
 30.   0.0923    5.7488   0.0161 
 31.  -0.2350    6.0510  -0.0388 
 32.   0.0533    6.6871   0.0080 
 33.   0.0907    6.2987   0.0144 
 34.   0.0803    5.6276   0.0143 
 35.  -0.1753    5.1752  -0.0339 
 36.   0.1570    4.9228   0.0319 
 37.  -0.0100    5.1926  -0.0019 
 38.  -0.2577    4.6856  -0.0550 
 39.   0.0103    6.8753   0.0015 
 40.  -0.0750    5.3109  -0.0141 
 41.  -0.0553    6.2676  -0.0088 
 42.  -0.2097    4.0032  -0.0524 
 43.  -0.1213    3.8786  -0.0313 
 44.   0.0157    6.0273   0.0026 
 45.  -0.2667    4.0765  -0.0654 
 46.  -0.1503    3.9843  -0.0377 
 47.  -0.0143    4.1932  -0.0034 
 48.   0.2463   24.7138   0.0100 
 49.  -1.4605   94.3505  -0.0155 
 50.   1.8167  187.9602   0.0097 
 51.   3.4870  509.3016   0.0068 
 52.  -0.1210   12.7051  -0.0095 
 53.  -0.0242    2.1907  -0.0110 
 54.   0.1614    9.6007   0.0168 
 55.  20.4739  483.1679   0.0424 
 56.  -0.1097    6.7803  -0.0162 
 57.  -0.0063   15.4592  -0.0004 
 58.  -0.0055    0.5011  -0.0110 

Good convergence is indicated by the t-ratios being close to zero.

Overall maximum convergence ratio =  0.1838 .



@2
Estimation Results.
-------------------

Regular end of estimation algorithm.
Total of 3000 iteration steps.


@3
Estimates and standard errors
                             
Network Dynamics
 1. rate:  constant dv.net rate (period 1)                         0.0471  (   0.0212)
 2. rate:  constant dv.net rate (period 2)                         0.1395  (   0.0341)
 3. rate:  constant dv.net rate (period 3)                         0.4297  (   0.0794)
 4. rate:  constant dv.net rate (period 4)                         0.3478  (   0.0516)
 5. rate:  constant dv.net rate (period 5)                         0.3234  (   0.0570)
 6. rate:  constant dv.net rate (period 6)                         0.3183  (   0.0560)
 7. rate:  constant dv.net rate (period 7)                         0.3978  (   0.0652)
 8. rate:  constant dv.net rate (period 8)                         0.3086  (   0.0513)
 9. rate:  constant dv.net rate (period 9)                         0.3269  (   0.0534)
10. rate:  constant dv.net rate (period 10)                        0.2745  (   0.0480)
11. rate:  constant dv.net rate (period 11)                        0.3228  (   0.0525)
12. rate:  constant dv.net rate (period 12)                        0.4464  (   0.0637)
13. rate:  constant dv.net rate (period 13)                        0.3539  (   0.0561)
14. rate:  constant dv.net rate (period 14)                        0.3236  (   0.0523)
15. rate:  constant dv.net rate (period 15)                        0.2899  (   0.0498)
16. rate:  constant dv.net rate (period 16)                        0.5159  (   0.0654)
17. rate:  constant dv.net rate (period 17)                        0.3421  (   0.0515)
18. rate:  constant dv.net rate (period 18)                        0.3963  (   0.0545)
19. eval:  degree (density)                                       -5.5374  (   0.2195)
20. eval:  transitive triads                                       0.1584  (   0.0508)
21. eval:  degree act+pop                                          0.0572  (   0.0049)
22. eval:  nets.lndistance_d                                      -0.8576  (   0.0704)
23. eval:  nets.ATOP_d                                             1.0931  (   0.1356)
24. eval:  nets.absidealdiff_d                                    -0.6065  (   0.0708)
25. eval:  nets.lntrade_d                                          0.0709  (   0.0289)
26. eval:  nets.NATO_d                                            -3.3897  (   0.3570)
27. eval:  milex.beh alter                                        -0.0559  (   0.0561)
28. eval:  beh.democracy_1 alter                                   1.4516  (   0.2321)
29. eval:  beh.lncinc_1 alter                                      0.7991  (   0.0676)
Behavior Dynamics

30. rate:  rate milex.beh (period 1)                               0.9340  (   0.1758)
31. rate:  rate milex.beh (period 2)                               1.2965  (   0.2394)
32. rate:  rate milex.beh (period 3)                               1.3504  (   0.2411)
33. rate:  rate milex.beh (period 4)                               1.1915  (   0.2262)
34. rate:  rate milex.beh (period 5)                               0.6969  (   0.1376)
35. rate:  rate milex.beh (period 6)                               0.5621  (   0.1148)
36. rate:  rate milex.beh (period 7)                               0.4763  (   0.1068)
37. rate:  rate milex.beh (period 8)                               0.5215  (   0.1044)
38. rate:  rate milex.beh (period 9)                               0.3722  (   0.0830)
39. rate:  rate milex.beh (period 10)                              1.7115  (   0.3479)
40. rate:  rate milex.beh (period 11)                              0.5829  (   0.1087)
41. rate:  rate milex.beh (period 12)                              1.3129  (   0.2322)
42. rate:  rate milex.beh (period 13)                              0.3212  (   0.0825)
43. rate:  rate milex.beh (period 14)                              0.2948  (   0.0767)
44. rate:  rate milex.beh (period 15)                              1.0851  (   0.2177)
45. rate:  rate milex.beh (period 16)                              0.4075  (   0.0980)
46. rate:  rate milex.beh (period 17)                              0.3524  (   0.0874)
47. rate:  rate milex.beh (period 18)                              0.4067  (   0.0979)
48. eval:  milex.beh linear shape                                 -1.1717  (   0.0796)
49. eval:  milex.beh quadratic shape                              -0.0278  (   0.0230)
50. eval:  milex.beh degree                                        0.0887  (   0.0237)
51. eval:  milex.beh dense triads                                 -0.0207  (   0.0075)
52. eval:  milex.beh: effect from beh.democracy_1                 -0.4488  (   0.1385)
53. eval:  milex.beh: effect from beh.GDPgrowth_1                 -2.2396  (   0.8904)
54. eval:  milex.beh: effect from beh.nato_1                       0.8752  (   0.1647)
55. eval:  milex.beh: effect from beh.allies_1                    -0.0109  (   0.0035)
56. eval:  milex.beh: effect from beh.military_1                   0.2575  (   0.1925)
57. eval:  milex.beh: effect from beh.lnmids_1                     0.1371  (   0.0912)
58. eval:  milex.beh: effect from beh.milexSpLag_1                 7.1308  (   2.8074)


@3
Covariance matrices
                   
Covariance matrix of estimates (correlations below diagonal):
     0.000      0.000      0.000      0.000      0.000      0.000      0.000      0.000      0.000      0.000      0.000      0.000      0.000      0.000      0.000      0.000      0.000      0.000      0.000      0.000      0.000      0.000      0.000      0.000      0.000      0.000      0.000      0.000      0.000      0.000      0.000      0.000      0.000      0.000      0.000      0.000      0.000      0.000      0.000      0.000      0.000      0.000      0.000      0.000      0.000      0.000      0.000      0.000      0.000      0.000      0.000      0.000      0.000      0.000      0.000      0.000      0.000      0.000
     0.003      0.001      0.000      0.000      0.000      0.000      0.000      0.000      0.000      0.000      0.000      0.000      0.000      0.000      0.000      0.000      0.000      0.000      0.000      0.000      0.000      0.000      0.000      0.000      0.000      0.000      0.000      0.000      0.000      0.000      0.000      0.000      0.000      0.000      0.000      0.000      0.000      0.000      0.000      0.000      0.000      0.000      0.000      0.000      0.000      0.000      0.000      0.000      0.000      0.000      0.000      0.000      0.000      0.000      0.000      0.000      0.000     -0.002
     0.037      0.023      0.006      0.000      0.000      0.000      0.000      0.000      0.000      0.000      0.000      0.000      0.000      0.000      0.000      0.000      0.000      0.000     -0.001      0.000      0.000      0.001     -0.001      0.000      0.000      0.001      0.000     -0.002     -0.001      0.000      0.000      0.000      0.000      0.000      0.000      0.000      0.000      0.000      0.001      0.000      0.000      0.000      0.000      0.000      0.000      0.000      0.000      0.000      0.000      0.000      0.000      0.000      0.000      0.000      0.000      0.000      0.000     -0.007
     0.016      0.007      0.040      0.003      0.000      0.000      0.000      0.000      0.000      0.000      0.000      0.000      0.000      0.000      0.000      0.000      0.000      0.000     -0.001      0.000      0.000      0.000      0.000      0.000      0.000      0.000      0.000      0.000      0.000      0.000      0.000      0.000     -0.001      0.000      0.000      0.000      0.000      0.000      0.000      0.000      0.000      0.000      0.000      0.000      0.000      0.000      0.000      0.000      0.000      0.000      0.000      0.000     -0.003      0.000      0.000      0.000      0.000     -0.001
    -0.007      0.031      0.040      0.038      0.003      0.000      0.000      0.000      0.000      0.000      0.000      0.000      0.000      0.000      0.000      0.000      0.000      0.000      0.000      0.000      0.000      0.000      0.000      0.000      0.000      0.000      0.000     -0.001      0.000      0.000      0.000      0.000      0.000      0.000      0.000      0.000      0.000      0.000      0.000      0.000      0.000      0.000      0.000      0.000      0.000      0.000      0.000      0.000      0.000      0.000      0.000      0.000      0.000      0.000      0.000      0.000      0.000      0.002
    -0.017      0.028      0.051      0.009      0.042      0.003      0.000      0.000      0.000      0.000      0.000      0.000      0.000      0.000      0.000      0.000      0.000      0.000     -0.001      0.000      0.000      0.000      0.000      0.000      0.000      0.000      0.000     -0.001      0.000      0.000      0.000      0.000      0.000      0.000      0.000      0.000      0.000      0.000      0.000      0.000      0.000      0.000      0.000      0.000      0.000      0.000      0.000      0.000      0.000      0.000      0.000      0.000      0.001      0.000      0.000      0.000      0.000     -0.001
     0.015      0.026      0.010     -0.006      0.004      0.031      0.004      0.000      0.000      0.000      0.000      0.000      0.000      0.000      0.000      0.000      0.000      0.000     -0.001      0.000      0.000      0.000      0.000      0.000      0.000      0.000      0.000     -0.001      0.000      0.000      0.000     -0.001      0.000      0.000      0.000      0.000      0.000      0.000      0.000      0.000      0.000      0.000      0.000      0.000      0.000      0.000      0.000      0.000      0.000      0.000      0.000      0.000     -0.001      0.000      0.000      0.000      0.000      0.002
    -0.006      0.007      0.030     -0.004      0.014     -0.021      0.031      0.003      0.000      0.000      0.000      0.000      0.000      0.000      0.000      0.000      0.000      0.000      0.000      0.000      0.000      0.000      0.000      0.000      0.000      0.000      0.000      0.000      0.000      0.000      0.000      0.000      0.000      0.000      0.000      0.000      0.000      0.000      0.000      0.000      0.000      0.000      0.000      0.000      0.000      0.000      0.000      0.000      0.000      0.000      0.000      0.000     -0.001      0.000      0.000      0.000      0.000     -0.003
     0.017      0.024      0.008     -0.038      0.030      0.009      0.035     -0.015      0.003      0.000      0.000      0.000      0.000      0.000      0.000      0.000      0.000      0.000      0.000      0.000      0.000      0.000      0.000      0.000      0.000      0.000      0.000     -0.001      0.000      0.000      0.000      0.000      0.000      0.000      0.000      0.000      0.000      0.000      0.001      0.000      0.000      0.000      0.000      0.000      0.000      0.000      0.000      0.000      0.000      0.000      0.000      0.000      0.000      0.000      0.000      0.000      0.000     -0.002
     0.012     -0.009      0.024      0.038      0.017      0.015      0.038      0.015      0.024      0.002      0.000      0.000      0.000      0.000      0.000      0.000      0.000      0.000      0.000      0.000      0.000      0.000      0.000      0.000      0.000      0.000      0.000      0.000      0.000      0.000      0.000      0.000      0.000      0.000      0.000      0.000      0.000      0.000      0.001      0.000      0.000      0.000      0.000      0.000      0.000      0.000      0.000      0.000      0.000      0.000      0.000      0.000      0.001      0.000      0.000      0.000      0.000      0.005
     0.001      0.033      0.022     -0.001      0.005      0.020      0.003      0.019      0.017     -0.011      0.003      0.000      0.000      0.000      0.000      0.000      0.000      0.000      0.000      0.000      0.000      0.000      0.000      0.000      0.000     -0.001      0.000      0.000      0.000      0.000      0.000      0.000      0.000      0.000      0.000      0.000      0.000      0.000      0.000      0.000      0.000      0.000      0.000      0.000      0.000      0.000      0.000      0.000      0.000      0.000      0.000      0.000      0.000      0.000      0.000      0.000      0.000      0.001
    -0.017     -0.013      0.023     -0.004      0.002      0.022      0.020      0.010     -0.009      0.024      0.035      0.004      0.000      0.000      0.000      0.000      0.000      0.000      0.000      0.000      0.000      0.000      0.000      0.000      0.000      0.000      0.000     -0.001      0.000      0.000      0.000      0.000      0.000      0.000      0.000      0.000      0.000      0.000      0.000      0.000      0.000      0.000      0.000      0.000      0.000      0.000      0.000      0.000      0.000      0.000      0.000      0.000     -0.001      0.000      0.000      0.000      0.000     -0.001
     0.021      0.016     -0.003     -0.011      0.007     -0.013     -0.008      0.001     -0.012      0.007      0.047      0.005      0.003      0.000      0.000      0.000      0.000      0.000      0.000      0.000      0.000      0.000      0.000      0.000      0.000      0.001      0.000      0.000      0.000      0.000      0.000      0.000      0.000      0.000      0.000      0.000      0.000      0.000      0.000      0.000      0.000      0.000      0.000      0.000      0.000      0.000      0.000      0.000      0.000      0.000      0.000      0.000     -0.001      0.000      0.000      0.000      0.000      0.000
     0.020      0.017      0.008      0.041      0.014      0.011      0.033      0.020     -0.010     -0.001      0.010      0.014      0.014      0.003      0.000      0.000      0.000      0.000      0.000      0.000      0.000      0.000      0.000      0.000      0.000      0.000      0.000     -0.001      0.000      0.000      0.000      0.000      0.000      0.000      0.000      0.000      0.000      0.000      0.000      0.000      0.000      0.000      0.000      0.000      0.000      0.000      0.000      0.000      0.000      0.000      0.000      0.000     -0.001      0.000      0.000      0.000      0.000      0.000
     0.000     -0.007      0.011     -0.004      0.000     -0.004      0.004     -0.019     -0.010     -0.001      0.021     -0.025      0.014      0.005      0.002      0.000      0.000      0.000      0.000      0.000      0.000      0.000      0.000      0.000      0.000      0.000      0.000      0.000      0.000      0.000      0.000      0.000      0.000      0.000      0.000      0.000      0.000      0.000      0.000      0.000      0.000      0.000      0.000      0.000      0.000      0.000      0.000      0.000      0.000      0.000      0.000      0.000      0.000      0.000      0.000      0.000      0.000     -0.001
     0.000     -0.030      0.004      0.022     -0.006     -0.029      0.037      0.031      0.052     -0.006     -0.010      0.012      0.012      0.015     -0.021      0.004      0.000      0.000      0.000      0.000      0.000      0.000      0.000      0.000      0.000      0.001      0.000      0.000      0.000      0.000      0.000      0.000      0.000      0.000      0.000      0.000      0.000      0.000      0.000      0.000      0.000      0.000      0.000      0.000      0.000      0.000      0.000      0.000      0.000      0.000      0.000      0.000      0.001      0.000      0.000      0.000      0.000     -0.005
     0.004     -0.018      0.018      0.011     -0.001      0.002      0.012     -0.003     -0.004      0.026      0.003      0.004     -0.003      0.003      0.011      0.011      0.003      0.000      0.000      0.000      0.000      0.000      0.000      0.000      0.000      0.000      0.000      0.000      0.000      0.000      0.000      0.000      0.000      0.000      0.000      0.000      0.000      0.000      0.000      0.000      0.000      0.000      0.000      0.000      0.000      0.000      0.000      0.000      0.000      0.000      0.000      0.000      0.000      0.000      0.000      0.000      0.000     -0.002
    -0.015     -0.012      0.015      0.005      0.024      0.000     -0.015      0.005      0.000     -0.011     -0.020     -0.014      0.015     -0.032      0.020      0.014      0.007      0.003      0.000      0.000      0.000      0.000      0.000      0.000      0.000      0.000      0.000      0.000      0.000      0.000      0.000      0.000      0.000      0.000      0.000      0.000      0.000      0.000     -0.001      0.000      0.000      0.000      0.000      0.000      0.000      0.000      0.000      0.000      0.000      0.000      0.000      0.000      0.000      0.000      0.000      0.000      0.000     -0.001
    -0.064     -0.060     -0.041     -0.059     -0.006     -0.045     -0.039     -0.038     -0.017      0.009     -0.030      0.022      0.015      0.007     -0.013     -0.010     -0.030      0.009      0.048     -0.003      0.000      0.006     -0.006      0.006      0.000      0.025      0.001     -0.019     -0.008      0.001      0.000     -0.001      0.001      0.000      0.000      0.000     -0.001      0.000      0.002     -0.001     -0.001      0.000      0.000      0.001      0.000      0.000      0.000     -0.001      0.000      0.000      0.000     -0.001     -0.004      0.000      0.000      0.000      0.001      0.017
     0.019     -0.024     -0.031      0.010     -0.008     -0.018      0.004     -0.007      0.012      0.000      0.049      0.020     -0.001     -0.002      0.033     -0.001     -0.019      0.023     -0.310      0.003      0.000     -0.001      0.000     -0.001      0.000     -0.008      0.000      0.004      0.001      0.000      0.000      0.000      0.000      0.000      0.000      0.000      0.000      0.000      0.000      0.000      0.000      0.000      0.000      0.000      0.000      0.000      0.000      0.000      0.000      0.000      0.000      0.000      0.001      0.000      0.000      0.000      0.000      0.001
     0.025      0.105      0.126      0.036      0.039      0.071      0.055      0.022      0.040      0.017      0.011     -0.009     -0.008      0.007     -0.021     -0.011      0.008     -0.041     -0.278     -0.513      0.000      0.000      0.000      0.000      0.000      0.000      0.000      0.000      0.000      0.000      0.000      0.000      0.000      0.000      0.000      0.000      0.000      0.000      0.000      0.000      0.000      0.000      0.000      0.000      0.000      0.000      0.000      0.000      0.000      0.000      0.000      0.000      0.000      0.000      0.000      0.000      0.000      0.000
     0.026      0.046      0.112      0.036      0.097      0.083      0.083     -0.003      0.027      0.045      0.017      0.085      0.035      0.048      0.028      0.029     -0.003      0.008      0.399     -0.154      0.072      0.005      0.002      0.001      0.001      0.003      0.000     -0.003     -0.003      0.000      0.000      0.000      0.000      0.000      0.000      0.000      0.000      0.000      0.000      0.000      0.000      0.000      0.000      0.000      0.000      0.000      0.000      0.000      0.000      0.000      0.000      0.000     -0.001      0.000      0.000      0.000      0.000      0.000
     0.043      0.002     -0.053     -0.003     -0.005      0.003     -0.007     -0.001     -0.044     -0.024     -0.025      0.006     -0.056     -0.007      0.027     -0.010      0.010     -0.031     -0.214      0.043     -0.064      0.193      0.018      0.001     -0.001     -0.005     -0.001      0.009      0.002     -0.001      0.000      0.001     -0.001      0.000      0.000      0.000      0.000      0.000     -0.002      0.000      0.000      0.000      0.000     -0.001      0.000      0.000      0.000      0.000      0.000      0.000      0.000      0.000      0.005      0.000      0.000      0.001      0.000     -0.013
    -0.003      0.002      0.005      0.000      0.036      0.016     -0.001      0.021      0.036      0.012     -0.023      0.026      0.005      0.018      0.024     -0.006     -0.014     -0.003      0.376     -0.186     -0.041      0.106      0.115      0.005      0.000      0.008     -0.001     -0.005     -0.001      0.000      0.000      0.000      0.000      0.000      0.000      0.000      0.000      0.000      0.000      0.000      0.000      0.000      0.000      0.001      0.000      0.000      0.000      0.000      0.000      0.000      0.000      0.000     -0.002      0.000      0.000      0.000      0.000      0.002
     0.020      0.067      0.151      0.059      0.082      0.067      0.088      0.030      0.038      0.072      0.053      0.057      0.043      0.046      0.003      0.011      0.001     -0.012      0.007     -0.122      0.214      0.422     -0.219     -0.127      0.001     -0.001      0.000     -0.001     -0.001      0.000      0.000      0.000      0.000      0.000      0.000      0.000      0.000      0.000      0.000      0.000      0.000      0.000      0.000      0.000      0.000      0.000      0.000      0.000      0.000      0.000      0.000      0.000     -0.001      0.000      0.000      0.000      0.000      0.000
    -0.020     -0.004      0.044      0.008      0.005      0.014      0.008      0.012      0.006      0.002     -0.030      0.008      0.043      0.009      0.001      0.023      0.017      0.025      0.316     -0.465      0.042      0.133     -0.107      0.300     -0.110      0.127     -0.002     -0.031     -0.004      0.001     -0.001      0.000      0.000      0.000      0.000      0.000      0.000      0.000      0.003      0.000     -0.001     -0.001      0.000      0.003      0.000      0.000      0.000      0.000      0.000      0.000      0.000      0.000     -0.001     -0.001      0.000     -0.003      0.001      0.005
    -0.008      0.010     -0.002      0.024     -0.013     -0.048     -0.016     -0.024     -0.040      0.020     -0.012      0.011     -0.022      0.012      0.019     -0.006     -0.005      0.000      0.118      0.127     -0.191     -0.002     -0.150     -0.343      0.061     -0.116      0.003      0.003     -0.001      0.000      0.000      0.000      0.000      0.000      0.000      0.000      0.000      0.000      0.000      0.000      0.000      0.000      0.000      0.000      0.000      0.000      0.000      0.000      0.000      0.000      0.000      0.000      0.000      0.000      0.000      0.000      0.000      0.000
     0.020     -0.021     -0.117     -0.003     -0.059     -0.052     -0.066     -0.018     -0.049     -0.010     -0.023     -0.041     -0.017     -0.044      0.007      0.011      0.023     -0.023     -0.365      0.341     -0.281     -0.209      0.280     -0.331     -0.127     -0.370      0.208      0.054      0.004     -0.001      0.001      0.001     -0.001      0.000     -0.001     -0.001      0.000      0.000     -0.002      0.001     -0.001      0.001      0.000     -0.001      0.001     -0.001      0.000      0.000      0.000      0.000      0.000      0.001     -0.003      0.000      0.000      0.001     -0.001     -0.003
     0.006     -0.078     -0.139     -0.045     -0.080     -0.060     -0.066     -0.012     -0.044     -0.079     -0.026     -0.081     -0.060     -0.053     -0.029     -0.028     -0.008     -0.002     -0.569      0.352     -0.262     -0.595      0.192     -0.262     -0.562     -0.150     -0.155      0.278      0.005      0.000      0.000      0.001      0.000      0.000      0.000      0.000      0.000      0.000      0.000      0.000      0.000      0.000      0.000      0.000      0.000      0.000      0.000      0.000      0.000      0.000      0.000      0.000      0.002      0.000      0.000      0.000      0.000     -0.003
    -0.034     -0.002      0.032      0.031      0.016     -0.002      0.007     -0.007     -0.007      0.004     -0.032      0.009     -0.007      0.012      0.028     -0.023      0.014     -0.007      0.026     -0.022      0.012      0.014     -0.028      0.017      0.030      0.022      0.003     -0.035     -0.022      0.031     -0.001      0.002      0.000      0.000      0.000      0.000      0.000      0.000     -0.001      0.000      0.000      0.000      0.000      0.000      0.000      0.000      0.000      0.000      0.000      0.000      0.000      0.001      0.004      0.000      0.000      0.000      0.000      0.007
     0.010      0.048      0.011      0.005     -0.018      0.002      0.006      0.001     -0.025      0.000      0.016      0.017      0.003      0.015     -0.028     -0.027      0.040     -0.017     -0.009      0.008      0.009     -0.007     -0.006     -0.011     -0.015     -0.007     -0.007      0.013      0.013     -0.027      0.057      0.000      0.001      0.001      0.001      0.001      0.000      0.000      0.000     -0.001     -0.002      0.000     -0.001     -0.001      0.000      0.000      0.001      0.000      0.000      0.000      0.000      0.003     -0.001     -0.002      0.000      0.001     -0.001      0.003
    -0.015     -0.015      0.001     -0.004      0.035     -0.028     -0.036      0.018     -0.005     -0.014      0.032      0.002      0.016      0.020     -0.009      0.032     -0.001      0.008     -0.021     -0.017      0.008      0.003      0.025     -0.020     -0.005      0.001     -0.022      0.012      0.034      0.058      0.004      0.058      0.001      0.001      0.000      0.000      0.000      0.000      0.000      0.000      0.000      0.001      0.000      0.000      0.000      0.000     -0.001      0.001      0.001      0.000      0.000      0.002      0.027      0.000      0.000     -0.001     -0.001      0.007
     0.015      0.013     -0.003     -0.043      0.025     -0.029      0.000      0.018     -0.015      0.017     -0.009      0.010     -0.012      0.006      0.006      0.014      0.003     -0.027      0.018     -0.018      0.016     -0.020     -0.018      0.016      0.021     -0.002      0.024     -0.013     -0.023     -0.003      0.026      0.018      0.051      0.000      0.000      0.000      0.000      0.000      0.002      0.000      0.000      0.000      0.000      0.000      0.001      0.000      0.000      0.000      0.001      0.000      0.000      0.002      0.016      0.000      0.000     -0.001      0.000      0.007
     0.017      0.023      0.001     -0.026     -0.008     -0.003      0.011      0.012     -0.022     -0.001      0.002      0.022      0.032     -0.017      0.019     -0.003      0.036      0.005     -0.014      0.002      0.001     -0.027      0.003      0.019     -0.028     -0.009     -0.021      0.002      0.021      0.001      0.017      0.018      0.005      0.019      0.000      0.000      0.000      0.000     -0.001      0.000     -0.001      0.000      0.000      0.000      0.000      0.000      0.000      0.000      0.000      0.000      0.000      0.000      0.013      0.001      0.000      0.000      0.000     -0.011
     0.014      0.000     -0.010     -0.029      0.006     -0.028      0.022     -0.007      0.031     -0.010      0.023      0.010      0.016     -0.004      0.010     -0.032      0.011     -0.001      0.006     -0.024      0.000     -0.039     -0.011      0.004     -0.032      0.001     -0.024     -0.019      0.032      0.013      0.039      0.011      0.011      0.024      0.013      0.000      0.000      0.000     -0.001      0.000      0.000      0.000      0.000      0.001      0.000      0.000      0.000      0.000      0.000      0.000      0.000     -0.001     -0.001      0.001      0.000      0.001      0.000      0.000
     0.003     -0.009     -0.023     -0.011      0.011      0.015      0.005      0.003      0.023      0.007     -0.002      0.000      0.004     -0.003     -0.004      0.001     -0.007      0.008      0.005     -0.008      0.023      0.004      0.005      0.040      0.004      0.003     -0.036     -0.023     -0.008      0.015      0.029     -0.003     -0.006      0.028     -0.007      0.011      0.000      0.000      0.000      0.000     -0.001      0.000      0.000      0.000      0.000      0.000      0.000      0.000      0.000      0.000      0.000      0.000      0.002      0.000      0.000      0.000      0.000      0.009
     0.023     -0.020      0.000      0.010      0.012     -0.022      0.032      0.021      0.006     -0.005      0.023      0.030     -0.003     -0.045      0.031     -0.009     -0.002      0.006     -0.023      0.029     -0.008     -0.037     -0.010     -0.024     -0.008      0.005      0.007     -0.011      0.027     -0.001      0.011      0.013     -0.008     -0.002     -0.004      0.005      0.011      0.000      0.000      0.000      0.000      0.000      0.000      0.000      0.000      0.000      0.000      0.000      0.000      0.000      0.000      0.000      0.004      0.001      0.000      0.000      0.000     -0.003
     0.004      0.006     -0.038      0.008      0.007     -0.001     -0.017     -0.023      0.039      0.027      0.023     -0.030      0.013      0.001      0.018      0.009      0.019      0.014      0.010      0.034     -0.024      0.006      0.014     -0.005     -0.014      0.011      0.005      0.007     -0.009      0.000      0.010     -0.004      0.008     -0.018     -0.007     -0.017      0.013      0.007      0.000      0.000      0.000      0.000      0.000      0.000      0.000      0.000      0.000      0.000      0.000      0.000      0.000      0.000      0.002      0.000      0.000      0.000      0.000      0.005
    -0.009      0.009      0.037     -0.020      0.013     -0.004      0.013     -0.010      0.047      0.081     -0.008      0.021      0.017      0.023      0.021     -0.006     -0.024     -0.031      0.022      0.002     -0.028     -0.007     -0.044     -0.004      0.050      0.026     -0.004     -0.020     -0.009     -0.021     -0.002      0.001      0.022     -0.023     -0.020      0.003     -0.014      0.011      0.121      0.001     -0.002      0.000      0.000      0.000      0.001      0.000      0.001      0.000      0.000      0.000      0.000      0.000     -0.001     -0.003      0.000      0.003      0.003      0.005
    -0.020      0.009     -0.004      0.013     -0.006     -0.001     -0.025      0.001     -0.028      0.006      0.005     -0.002      0.001     -0.008      0.023     -0.015     -0.003      0.019     -0.021      0.035     -0.026      0.008      0.011     -0.052      0.015     -0.001      0.043      0.028      0.020      0.010     -0.028      0.014      0.006      0.020     -0.007     -0.001     -0.032     -0.026      0.019      0.012      0.001      0.000      0.000      0.000      0.000      0.000      0.000      0.000      0.000      0.000      0.000     -0.001      0.004      0.000      0.000     -0.001      0.000      0.001
    -0.015     -0.011     -0.004     -0.031      0.021     -0.036     -0.016      0.002      0.008     -0.001      0.016      0.012      0.003     -0.013      0.003     -0.013      0.041      0.012     -0.022     -0.003      0.018     -0.005      0.015      0.017      0.033     -0.018      0.028     -0.015     -0.009      0.009     -0.028      0.009      0.005     -0.018      0.016     -0.029      0.015     -0.005     -0.020      0.034      0.054      0.000      0.000      0.001      0.000      0.000      0.000      0.000      0.000      0.000      0.000     -0.002      0.012      0.000      0.000      0.001      0.000     -0.012
    -0.016     -0.010     -0.024     -0.006     -0.011      0.016      0.012     -0.019      0.004     -0.015      0.006      0.013      0.021     -0.005     -0.006     -0.005      0.005      0.035     -0.003      0.013     -0.028     -0.045      0.004     -0.010     -0.020     -0.042      0.015      0.052      0.008      0.017     -0.015      0.038      0.000      0.019     -0.014     -0.010      0.012      0.006      0.011     -0.040     -0.016      0.007      0.000      0.000      0.000      0.000      0.000      0.000      0.000      0.000      0.000      0.000      0.000      0.000      0.000      0.000      0.000     -0.001
     0.024     -0.002      0.021      0.005      0.000      0.006     -0.022      0.018     -0.009     -0.025      0.001     -0.023     -0.013      0.006     -0.013      0.002     -0.010      0.051      0.014      0.023      0.000      0.018     -0.004      0.032     -0.014     -0.016     -0.003      0.000     -0.013      0.013     -0.034      0.021     -0.002      0.025      0.018     -0.013      0.051     -0.022      0.000     -0.010      0.012      0.040      0.006      0.000      0.000      0.000      0.000      0.000      0.000      0.000      0.000      0.000      0.002      0.000      0.000      0.000      0.000     -0.004
     0.007      0.008     -0.015     -0.001     -0.014     -0.018     -0.009      0.010      0.000     -0.012      0.018     -0.006      0.023      0.013      0.025      0.023     -0.002      0.009      0.028     -0.020     -0.012      0.009     -0.021      0.035      0.012      0.039     -0.034     -0.028     -0.013      0.011     -0.019      0.005      0.001     -0.005      0.033      0.002      0.007      0.016      0.001      0.017      0.027      0.000     -0.017      0.047      0.000      0.000      0.000     -0.001      0.000      0.000      0.000     -0.001     -0.001     -0.001      0.000     -0.001      0.000     -0.005
    -0.042      0.004     -0.003      0.007     -0.009     -0.015      0.000     -0.008     -0.026      0.026      0.000      0.012     -0.002      0.030     -0.037      0.021      0.006     -0.005     -0.020      0.041     -0.018     -0.030     -0.009      0.000     -0.028      0.007     -0.006      0.025      0.019     -0.025     -0.015      0.010      0.024      0.010     -0.018      0.010      0.017     -0.033      0.030     -0.011      0.003     -0.006      0.030     -0.002      0.010      0.000      0.000     -0.001      0.000      0.000      0.000      0.000     -0.002      0.000      0.000      0.000      0.000      0.001
     0.004     -0.008     -0.004      0.033     -0.015     -0.007      0.015      0.001     -0.015      0.025     -0.030     -0.014     -0.009      0.033      0.000     -0.014     -0.014     -0.022      0.015      0.002     -0.010     -0.030     -0.023      0.034     -0.006      0.006      0.015     -0.046      0.003      0.008      0.004     -0.003     -0.014      0.007     -0.002     -0.008      0.004     -0.037     -0.003      0.012      0.016      0.025     -0.007     -0.013      0.014      0.008      0.000      0.000      0.000      0.000      0.000      0.000     -0.001      0.000      0.000      0.000      0.000      0.005
     0.002      0.023      0.039      0.019      0.001     -0.003     -0.033      0.013     -0.017     -0.005     -0.020      0.004     -0.012      0.010     -0.027     -0.028      0.019     -0.051     -0.011      0.013     -0.002      0.014      0.007     -0.001      0.017      0.009      0.002      0.003      0.003      0.017      0.036     -0.062      0.009     -0.006     -0.036      0.002     -0.017      0.009      0.028     -0.022      0.002     -0.009     -0.010      0.000      0.031     -0.004      0.010      0.000      0.000      0.000      0.000      0.000     -0.003      0.000      0.000      0.000      0.000      0.000
     0.012      0.011      0.029      0.001      0.002      0.038     -0.005     -0.020     -0.005      0.037      0.011      0.016     -0.007     -0.022     -0.008      0.010     -0.026     -0.019     -0.030      0.014     -0.003      0.005      0.021     -0.024     -0.008     -0.010     -0.004      0.012      0.025     -0.033      0.008      0.046     -0.014     -0.027     -0.035     -0.022     -0.044     -0.017      0.004     -0.025      0.000      0.000     -0.028     -0.043     -0.064     -0.055     -0.014      0.006      0.000     -0.001      0.000      0.002      0.014     -0.002      0.000     -0.001      0.001     -0.020
     0.003      0.013      0.017     -0.019      0.001      0.005     -0.027     -0.001      0.006      0.003     -0.027      0.004      0.031      0.005     -0.010      0.009      0.025     -0.018     -0.014     -0.002      0.019     -0.010      0.002      0.022      0.024      0.015     -0.003     -0.030     -0.010      0.107      0.089      0.135      0.121      0.114      0.092      0.073      0.041      0.032      0.015      0.014      0.042      0.024      0.050      0.027      0.018      0.001      0.026     -0.093      0.001      0.000      0.000      0.001      0.004      0.000      0.000      0.000      0.000     -0.020
    -0.010     -0.026     -0.021      0.001     -0.008     -0.020     -0.007     -0.004     -0.016     -0.005      0.022     -0.010      0.005      0.008     -0.008     -0.008      0.036      0.032      0.002     -0.018     -0.004     -0.003      0.006      0.006     -0.011      0.026      0.008      0.026     -0.010     -0.036     -0.019     -0.055     -0.060     -0.026     -0.020     -0.021     -0.014     -0.009      0.013      0.037      0.002      0.001     -0.024      0.060      0.028      0.032     -0.010     -0.585     -0.149      0.001      0.000     -0.001     -0.002      0.000      0.000      0.000     -0.001      0.006
     0.009      0.009      0.024      0.004      0.006      0.020      0.009      0.016      0.018     -0.004     -0.017      0.002     -0.003     -0.001      0.001      0.011     -0.032     -0.018     -0.001      0.022      0.000      0.000     -0.010     -0.009      0.022     -0.031     -0.002     -0.022      0.003      0.034      0.010      0.028      0.043      0.031      0.020      0.024      0.005      0.000     -0.040     -0.047     -0.027     -0.005      0.023     -0.076     -0.036     -0.028      0.013      0.402      0.115     -0.902      0.000      0.000      0.000      0.000      0.000      0.000      0.000     -0.001
     0.004      0.003      0.024      0.028     -0.008      0.022      0.009     -0.007     -0.008      0.010      0.001      0.009     -0.005      0.002     -0.025     -0.013      0.015     -0.022     -0.022      0.008      0.004      0.019      0.017     -0.031     -0.003     -0.002     -0.012      0.023      0.014      0.052      0.076      0.067      0.065      0.007     -0.046      0.002     -0.029     -0.008     -0.007     -0.034     -0.068      0.018     -0.002     -0.029     -0.002     -0.006      0.021      0.215      0.187     -0.158      0.115      0.019      0.006     -0.010      0.000      0.004      0.000      0.047
     0.022      0.013      0.000     -0.069     -0.005      0.020     -0.022     -0.021      0.004      0.013      0.002     -0.012     -0.019     -0.014      0.000      0.010     -0.008     -0.001     -0.021      0.013     -0.007     -0.022      0.041     -0.025     -0.022     -0.002      0.009     -0.015      0.036      0.028     -0.005      0.127      0.079      0.105     -0.006      0.023      0.043      0.022     -0.005      0.038      0.059      0.001      0.023     -0.006     -0.023     -0.012     -0.035      0.200      0.188     -0.100      0.048      0.050      0.793      0.004      0.000     -0.006     -0.001     -0.237
     0.014     -0.007     -0.030     -0.029     -0.015      0.010     -0.013     -0.001      0.002     -0.001     -0.031      0.008     -0.007      0.005      0.011      0.009     -0.017      0.012      0.000     -0.003     -0.001     -0.019      0.018      0.021     -0.036     -0.014     -0.029     -0.009      0.040      0.006     -0.039      0.002      0.007      0.054      0.034      0.002      0.032      0.019     -0.046      0.016      0.006     -0.013      0.012     -0.032      0.013      0.031      0.022     -0.188     -0.029     -0.064      0.006     -0.421      0.026      0.027      0.000      0.000     -0.002     -0.036
    -0.009      0.034     -0.010      0.001      0.028     -0.011      0.006     -0.013     -0.025     -0.007      0.012      0.004     -0.006     -0.025      0.022      0.005     -0.032     -0.029      0.018      0.000      0.006      0.025     -0.005      0.006      0.002      0.003      0.022     -0.035     -0.025     -0.009      0.034      0.034      0.036      0.001      0.025      0.013     -0.006     -0.007     -0.019     -0.010      0.020     -0.020     -0.005      0.020     -0.038     -0.055     -0.044      0.432      0.080     -0.381      0.224     -0.002      0.063     -0.318      0.000      0.000      0.000      0.000
     0.021     -0.044     -0.028      0.002     -0.006     -0.027     -0.003      0.011      0.020     -0.012     -0.013     -0.004     -0.014     -0.007     -0.040     -0.015      0.009      0.012     -0.007      0.037     -0.032      0.008      0.020     -0.018     -0.003     -0.043     -0.022      0.019      0.029      0.003      0.024     -0.027     -0.027     -0.007      0.029      0.003      0.018     -0.011      0.048     -0.027      0.014     -0.003      0.005     -0.027      0.000     -0.029     -0.014     -0.080     -0.073      0.077     -0.071      0.167     -0.034     -0.009      0.038      0.037     -0.001      0.051
    -0.010      0.010      0.001     -0.005      0.014     -0.009     -0.013     -0.014      0.011     -0.002     -0.036      0.012     -0.003     -0.013      0.012      0.001     -0.026     -0.021      0.033     -0.007     -0.010      0.031     -0.004      0.001      0.021      0.017     -0.007     -0.028      0.000      0.030     -0.044     -0.051     -0.023     -0.008      0.020     -0.020      0.031     -0.001      0.095      0.019     -0.005     -0.006      0.027      0.016     -0.003      0.005      0.013      0.090     -0.218     -0.254      0.204      0.023     -0.016     -0.121      0.003     -0.039      0.008     -0.019
    -0.008     -0.018     -0.032     -0.004      0.010     -0.009      0.011     -0.024     -0.016      0.037      0.005     -0.008      0.003      0.002     -0.009     -0.026     -0.010     -0.008      0.028      0.007     -0.014     -0.002     -0.034      0.012      0.000      0.005     -0.002     -0.005     -0.017      0.015      0.004      0.010      0.011     -0.029     -0.001      0.029     -0.011      0.020      0.005      0.003     -0.018     -0.006     -0.018     -0.008      0.005      0.019      0.000     -0.087     -0.312      0.086     -0.048      0.120     -0.095     -0.077      0.012      0.095     -0.074      7.881

Derivative matrix of expected statistics X by parameters and
covariance/correlation matrix of X can be found using
summary(ans) within R, or by using the 'verbose' option in Siena07.
 
Total computation time 849.96 seconds.
