

-----------------------------------
New Analysis started.
Date and time: 21/09/2026 17:06:35
New results follow.
-----------------------------------

RSiena version 1.3.10 (28 Apr 22)


@1
Estimation by stochastic approximation algorithm.
=================================================

Current random number seed is 12346.
Effects object used: effs 
Model Type:
 Initiative model
Behavioral Model Type:
 Standard behavior actor-oriented model ('restrict')
Estimation method: unconditional moment estimation
.

Time duration for simulations in each period is 1.0.
Changing composition.
Joiners/leavers option: 1
Standard errors are estimated with the likelihood ratio method.
Dolby method (regression on scores) is used.
Initial value of gain parameter is  0.2000000.
Reduction factor for gain parameter is  0.5000000.
Number of subphases in Phase 2 is 3.

Initial parameter values are 
  1. rate:  constant dv.net rate (period 1)                 0.0564
  2. rate:  constant dv.net rate (period 2)                 0.1735
  3. rate:  constant dv.net rate (period 3)                 0.5639
  4. rate:  constant dv.net rate (period 4)                 0.4034
  5. rate:  constant dv.net rate (period 5)                 0.3809
  6. rate:  constant dv.net rate (period 6)                 0.3707
  7. rate:  constant dv.net rate (period 7)                 0.4705
  8. rate:  constant dv.net rate (period 8)                 0.3513
  9. rate:  constant dv.net rate (period 9)                 0.3747
 10. rate:  constant dv.net rate (period 10)                0.3168
 11. rate:  constant dv.net rate (period 11)                0.3658
 12. rate:  constant dv.net rate (period 12)                0.5009
 13. rate:  constant dv.net rate (period 13)                0.3882
 14. rate:  constant dv.net rate (period 14)                0.3557
 15. rate:  constant dv.net rate (period 15)                0.3228
 16. rate:  constant dv.net rate (period 16)                0.5567
 17. eval:  degree (density)                               -6.3226
 18. eval:  GWESP (69)                                      2.5012
 19. eval:  degree act+pop                                  0.0316
 20. eval:  nets.lndistance_d                              -0.8935
 21. eval:  nets.ATOP_d                                     0.9114
 22. eval:  nets.absidealdiff_d                            -0.5232
 23. eval:  nets.lntrade_d                                  0.0159
 24. eval:  nets.NATO_d                                    -3.9244
 25. eval:  milex.beh alter                                -0.0451
 26. eval:  beh.democracy_1 alter                           1.6180
 27. eval:  beh.lncinc_1 alter                              0.7925
 28. rate:  rate milex.beh (period 1)                       0.9339
 29. rate:  rate milex.beh (period 2)                       1.3064
 30. rate:  rate milex.beh (period 3)                       1.3528
 31. rate:  rate milex.beh (period 4)                       1.1988
 32. rate:  rate milex.beh (period 5)                       0.6987
 33. rate:  rate milex.beh (period 6)                       0.5751
 34. rate:  rate milex.beh (period 7)                       0.4810
 35. rate:  rate milex.beh (period 8)                       0.5314
 36. rate:  rate milex.beh (period 9)                       0.3811
 37. rate:  rate milex.beh (period 10)                      1.7740
 38. rate:  rate milex.beh (period 11)                      0.5923
 39. rate:  rate milex.beh (period 12)                      1.3558
 40. rate:  rate milex.beh (period 13)                      0.3328
 41. rate:  rate milex.beh (period 14)                      0.3010
 42. rate:  rate milex.beh (period 15)                      1.1155
 43. rate:  rate milex.beh (period 16)                      0.4229
 44. eval:  milex.beh linear shape                         -1.1970
 45. eval:  milex.beh quadratic shape                      -0.0350
 46. eval:  milex.beh degree                                0.0957
 47. eval:  milex.beh dense triads                         -0.0270
 48. eval:  milex.beh: effect from beh.democracy_1         -0.5059
 49. eval:  milex.beh: effect from beh.GDPgrowth_1         -2.6623
 50. eval:  milex.beh: effect from beh.nato_1               0.8854
 51. eval:  milex.beh: effect from beh.allies_1            -0.0113
 52. eval:  milex.beh: effect from beh.military_1           0.2432
 53. eval:  milex.beh: effect from beh.lnmids_1             0.2086
 54. eval:  milex.beh: effect from beh.milexSpLag_1         7.7293


Observed values of target statistics are
  1. Amount of network change in period 1                                10.0000
  2. Amount of network change in period 2                                34.0000
  3. Amount of network change in period 3                                86.0000
  4. Amount of network change in period 4                                94.0000
  5. Amount of network change in period 5                                76.0000
  6. Amount of network change in period 6                                76.0000
  7. Amount of network change in period 7                                94.0000
  8. Amount of network change in period 8                                78.0000
  9. Amount of network change in period 9                                84.0000
 10. Amount of network change in period 10                               72.0000
 11. Amount of network change in period 11                               84.0000
 12. Amount of network change in period 12                              114.0000
 13. Amount of network change in period 13                               94.0000
 14. Amount of network change in period 14                               88.0000
 15. Amount of network change in period 15                               80.0000
 16. Amount of network change in period 16                              138.0000
 17. Number of edges                                                   4265.0000
 18. Numb. edgew. shrd prtns.(69)                                      12243.8654
 19. Sum of squared degrees                                            260112.0000
 20. Sum of ties x nets.lndistance_d                                   -8870.7440
 21. Sum of ties x nets.ATOP_d                                         4953.4629
 22. Sum of ties x nets.absidealdiff_d                                 -2358.0283
 23. Sum of ties x nets.lntrade_d                                      30355.5071
 24. Sum of ties x nets.NATO_d                                          902.1365
 25. Sum of degrees x milex.beh                                         -18.6684
 26. Sum of degrees x beh.democracy_1                                  2457.4901
 27. Sum of degrees x beh.lncinc_1                                     10857.5339
 28. Amount of behavioral change in period 1 on milex.beh                41.0000
 29. Amount of behavioral change in period 2 on milex.beh                50.0000
 30. Amount of behavioral change in period 3 on milex.beh                57.0000
 31. Amount of behavioral change in period 4 on milex.beh                52.0000
 32. Amount of behavioral change in period 5 on milex.beh                37.0000
 33. Amount of behavioral change in period 6 on milex.beh                32.0000
 34. Amount of behavioral change in period 7 on milex.beh                28.0000
 35. Amount of behavioral change in period 8 on milex.beh                31.0000
 36. Amount of behavioral change in period 9 on milex.beh                24.0000
 37. Amount of behavioral change in period 10 on milex.beh               71.0000
 38. Amount of behavioral change in period 11 on milex.beh               34.0000
 39. Amount of behavioral change in period 12 on milex.beh               55.0000
 40. Amount of behavioral change in period 13 on milex.beh               18.0000
 41. Amount of behavioral change in period 14 on milex.beh               17.0000
 42. Amount of behavioral change in period 15 on milex.beh               48.0000
 43. Amount of behavioral change in period 16 on milex.beh               20.0000
 44. milex.beh centered sum                                             -65.8453
 45. milex.beh sum of cent. squares                                    5577.0824
 46. milex.beh outdegrees                                              -304.0788
 47. milex.beh dense triads                                            -2642.8490
 48. milex.beh x beh.democracy_1                                       -377.6470
 49. milex.beh x beh.GDPgrowth_1                                          1.0505
 50. milex.beh x beh.nato_1                                              36.7931
 51. milex.beh x beh.allies_1                                          -3748.6989
 52. milex.beh x beh.military_1                                         122.1105
 53. milex.beh x beh.lnmids_1                                           550.8479
 54. milex.beh x beh.milexSpLag_1                                        23.1712

 54 parameters, 54 statistics

Estimation of derivatives by the LR method (type 1).


@2
End of stochastic approximation algorithm, phase 3.
---------------------------------------------------

Total of 3108 iterations.
Parameter estimates based on 2108 iterations,
convergence diagnostics, covariance and derivative matrices based on 1000 iterations.

Information for convergence diagnosis.
Averages, standard deviations, and t-ratios for deviations from targets:
  1.    0.0400    4.6056   0.0087 
  2.    0.0940    8.2272   0.0114 
  3.   -0.4200   11.9341  -0.0352 
  4.   -0.4600   14.1276  -0.0326 
  5.    0.1280   12.2323   0.0105 
  6.   -0.3320   12.1542  -0.0273 
  7.   -0.0540   13.1148  -0.0041 
  8.    0.1260   12.3737   0.0102 
  9.   -0.0220   12.5322  -0.0018 
 10.    0.1880   11.9929   0.0157 
 11.   -1.3180   12.1803  -0.1082 
 12.   -0.4580   14.4328  -0.0317 
 13.   -0.5340   13.3956  -0.0399 
 14.   -0.8360   12.5944  -0.0664 
 15.    0.0260   12.5765   0.0021 
 16.    0.4980   16.2578   0.0306 
 17.   -2.1930   25.9300  -0.0846 
 18.   -7.4236   92.2720  -0.0805 
 19. -194.7760 2359.6007  -0.0825 
 20.    2.3068   67.0411   0.0344 
 21.   -2.3373   32.6332  -0.0716 
 22.    0.3217   43.4608   0.0074 
 23.  -11.3164  188.9652  -0.0599 
 24.   -0.1116    8.3662  -0.0133 
 25.   -2.8027   51.3630  -0.0546 
 26.   -0.3266   18.2146  -0.0179 
 27.   -5.1459   82.8920  -0.0621 
 28.   -0.1970    5.5405  -0.0356 
 29.    0.0850    6.0797   0.0140 
 30.    0.1950    6.2277   0.0313 
 31.    0.1770    6.4113   0.0276 
 32.   -0.1520    5.4346  -0.0280 
 33.   -0.0580    5.1882  -0.0112 
 34.    0.2190    5.1158   0.0428 
 35.   -0.1180    5.2132  -0.0226 
 36.    0.4940    4.5304   0.1090 
 37.   -0.5190    7.0532  -0.0736 
 38.    0.1110    5.5909   0.0199 
 39.    0.2340    6.1279   0.0382 
 40.    0.1040    4.0328   0.0258 
 41.   -0.1320    4.0562  -0.0325 
 42.   -0.0400    6.0125  -0.0067 
 43.    0.1300    4.1381   0.0314 
 44.   -1.4410   23.5608  -0.0612 
 45.   -4.9628   94.0130  -0.0528 
 46.   -1.5740  166.2732  -0.0095 
 47.   -9.5180  434.8349  -0.0219 
 48.    0.2722   12.3059   0.0221 
 49.    0.0862    2.1968   0.0393 
 50.    0.5122    9.0714   0.0565 
 51.   26.8406  479.4439   0.0560 
 52.    0.0303    6.3284   0.0048 
 53.   -0.5444   14.9695  -0.0364 
 54.    0.0028    0.4988   0.0057 

Good convergence is indicated by the t-ratios being close to zero.

Overall maximum convergence ratio =  0.2939 .



@2
Estimation Results.
-------------------

Regular end of estimation algorithm.
Total of 3108 iteration steps.


@3
Estimates and standard errors
                             
Network Dynamics
 1. rate:  constant dv.net rate (period 1)                         0.0594  (   0.0255)
 2. rate:  constant dv.net rate (period 2)                         0.1730  (   0.0421)
 3. rate:  constant dv.net rate (period 3)                         0.5630  (   0.1076)
 4. rate:  constant dv.net rate (period 4)                         0.4039  (   0.0607)
 5. rate:  constant dv.net rate (period 5)                         0.3822  (   0.0668)
 6. rate:  constant dv.net rate (period 6)                         0.3730  (   0.0644)
 7. rate:  constant dv.net rate (period 7)                         0.4631  (   0.0780)
 8. rate:  constant dv.net rate (period 8)                         0.3548  (   0.0617)
 9. rate:  constant dv.net rate (period 9)                         0.3747  (   0.0641)
10. rate:  constant dv.net rate (period 10)                        0.3160  (   0.0541)
11. rate:  constant dv.net rate (period 11)                        0.3666  (   0.0642)
12. rate:  constant dv.net rate (period 12)                        0.5021  (   0.0765)
13. rate:  constant dv.net rate (period 13)                        0.3912  (   0.0601)
14. rate:  constant dv.net rate (period 14)                        0.3564  (   0.0595)
15. rate:  constant dv.net rate (period 15)                        0.3175  (   0.0526)
16. rate:  constant dv.net rate (period 16)                        0.5678  (   0.0740)
17. eval:  degree (density)                                       -6.3196  (   0.2641)
18. eval:  GWESP (69)                                              2.4863  (   0.2493)
19. eval:  degree act+pop                                          0.0316  (   0.0059)
20. eval:  nets.lndistance_d                                      -0.8928  (   0.0765)
21. eval:  nets.ATOP_d                                             0.9085  (   0.1619)
22. eval:  nets.absidealdiff_d                                    -0.5210  (   0.0817)
23. eval:  nets.lntrade_d                                          0.0158  (   0.0351)
24. eval:  nets.NATO_d                                            -3.9112  (   0.4271)
25. eval:  milex.beh alter                                        -0.0440  (   0.0645)
26. eval:  beh.democracy_1 alter                                   1.6137  (   0.2950)
27. eval:  beh.lncinc_1 alter                                      0.7921  (   0.0726)
Behavior Dynamics

28. rate:  rate milex.beh (period 1)                               0.9264  (   0.1781)
29. rate:  rate milex.beh (period 2)                               1.3045  (   0.2326)
30. rate:  rate milex.beh (period 3)                               1.3499  (   0.2495)
31. rate:  rate milex.beh (period 4)                               1.1958  (   0.2135)
32. rate:  rate milex.beh (period 5)                               0.6970  (   0.1394)
33. rate:  rate milex.beh (period 6)                               0.5727  (   0.1180)
34. rate:  rate milex.beh (period 7)                               0.4805  (   0.0989)
35. rate:  rate milex.beh (period 8)                               0.5228  (   0.1012)
36. rate:  rate milex.beh (period 9)                               0.3823  (   0.0894)
37. rate:  rate milex.beh (period 10)                              1.7782  (   0.3105)
38. rate:  rate milex.beh (period 11)                              0.5950  (   0.1126)
39. rate:  rate milex.beh (period 12)                              1.3603  (   0.2957)
40. rate:  rate milex.beh (period 13)                              0.3329  (   0.0806)
41. rate:  rate milex.beh (period 14)                              0.3012  (   0.0760)
42. rate:  rate milex.beh (period 15)                              1.1139  (   0.1895)
43. rate:  rate milex.beh (period 16)                              0.4263  (   0.1055)
44. eval:  milex.beh linear shape                                 -1.2011  (   0.0848)
45. eval:  milex.beh quadratic shape                              -0.0362  (   0.0258)
46. eval:  milex.beh degree                                        0.0968  (   0.0284)
47. eval:  milex.beh dense triads                                 -0.0273  (   0.0096)
48. eval:  milex.beh: effect from beh.democracy_1                 -0.5114  (   0.1502)
49. eval:  milex.beh: effect from beh.GDPgrowth_1                 -2.6295  (   0.9380)
50. eval:  milex.beh: effect from beh.nato_1                       0.8924  (   0.1826)
51. eval:  milex.beh: effect from beh.allies_1                    -0.0112  (   0.0039)
52. eval:  milex.beh: effect from beh.military_1                   0.2453  (   0.1967)
53. eval:  milex.beh: effect from beh.lnmids_1                     0.2057  (   0.0923)
54. eval:  milex.beh: effect from beh.milexSpLag_1                 7.8121  (   2.9658)


@3
Covariance matrices
                   
Covariance matrix of estimates (correlations below diagonal):
     0.001      0.000      0.000      0.000      0.000      0.000      0.000      0.000      0.000      0.000      0.000      0.000      0.000      0.000      0.000      0.000      0.000      0.001      0.000      0.000      0.000      0.000      0.000     -0.001      0.000      0.000      0.000      0.000      0.000      0.000      0.000      0.000      0.000      0.000      0.000      0.000      0.000      0.000      0.000      0.000      0.000      0.000      0.000      0.000      0.000      0.000      0.000      0.000     -0.001      0.000      0.000      0.000      0.000     -0.004
     0.052      0.002      0.000      0.000      0.000      0.000      0.000      0.000      0.000      0.000      0.000      0.000      0.000      0.000      0.000      0.000     -0.001      0.001      0.000      0.000      0.000      0.000      0.000      0.000      0.000      0.000      0.000      0.000      0.000      0.000      0.000      0.000      0.000      0.000      0.000      0.000      0.000      0.000      0.001      0.000      0.000      0.000      0.000      0.000      0.000      0.000      0.000      0.000     -0.001      0.000      0.000      0.000      0.000     -0.005
     0.027      0.033      0.012      0.000      0.000      0.000      0.000      0.000      0.000      0.000      0.000      0.000      0.000      0.000      0.000      0.000     -0.001     -0.001      0.000      0.001     -0.002      0.000      0.001      0.002      0.000     -0.003     -0.001      0.000      0.000     -0.002      0.000      0.000      0.000      0.000      0.000      0.000      0.001      0.000     -0.001      0.000      0.000      0.001      0.000      0.000      0.000      0.000      0.000     -0.001      0.005      0.002      0.000      0.000      0.000      0.017
     0.095      0.009      0.064      0.004      0.000      0.000      0.000      0.000      0.000      0.000      0.000      0.000      0.000      0.000      0.000      0.000     -0.002      0.001      0.000      0.000      0.000      0.000      0.000     -0.001      0.000      0.000      0.000      0.000      0.001      0.001      0.000      0.000      0.000      0.000      0.000      0.000      0.000      0.000      0.000      0.000      0.000      0.000      0.000      0.000      0.000      0.000      0.000      0.000     -0.002      0.000      0.000      0.000      0.000      0.007
     0.037      0.006     -0.027      0.033      0.004      0.000      0.000      0.000      0.000      0.000      0.000      0.000      0.000      0.000      0.000      0.000      0.000      0.001      0.000      0.000      0.000      0.000      0.000     -0.001      0.000     -0.002      0.000      0.001     -0.001      0.001      0.001      0.000      0.000      0.000      0.000      0.000     -0.001      0.000      0.001      0.000      0.000      0.001      0.000      0.000      0.000      0.000      0.000      0.000      0.003      0.000      0.000      0.001      0.000      0.013
     0.047     -0.001      0.007      0.051      0.013      0.004      0.000      0.000      0.000      0.000      0.000      0.000      0.000      0.000      0.000      0.000      0.000      0.000      0.000      0.000      0.000      0.000      0.000      0.001      0.000     -0.001      0.000      0.000     -0.001      0.000      0.000      0.000      0.001      0.000      0.000      0.000      0.000      0.000      0.001      0.000      0.000      0.000      0.000      0.000      0.000      0.000      0.000      0.000     -0.003      0.000      0.000      0.000      0.000     -0.010
     0.056      0.030      0.033      0.037      0.037      0.002      0.006      0.000      0.000      0.000      0.000      0.000      0.000      0.000      0.000      0.000     -0.002      0.001      0.000      0.000      0.000      0.000      0.000     -0.001      0.000     -0.001      0.000      0.001      0.001      0.000      0.000      0.000      0.000      0.001      0.000      0.000      0.002      0.000      0.000      0.000      0.000      0.000      0.001      0.000      0.000      0.000      0.000      0.001      0.004      0.000      0.000      0.000      0.000      0.014
     0.068     -0.032      0.025      0.022      0.013     -0.011      0.043      0.004      0.000      0.000      0.000      0.000      0.000      0.000      0.000      0.000      0.000      0.000      0.000      0.000      0.000      0.000      0.000      0.002      0.000     -0.001      0.000      0.001      0.000      0.000      0.000      0.000      0.000      0.000     -0.001      0.000      0.000      0.000      0.000      0.000      0.000      0.001      0.000      0.000      0.000      0.000      0.000      0.000      0.000      0.000      0.000      0.000      0.000     -0.004
    -0.031     -0.009      0.045      0.043      0.024      0.024     -0.017      0.015      0.004      0.000      0.000      0.000      0.000      0.000      0.000      0.000      0.000      0.000      0.000      0.000      0.000      0.000      0.000      0.000      0.000     -0.001      0.000      0.000      0.000      0.001      0.000      0.000      0.000      0.000      0.000      0.000     -0.001      0.000      0.000      0.000      0.000      0.001      0.000      0.000      0.000      0.000      0.000      0.000      0.000      0.000      0.000      0.000      0.000      0.003
     0.084      0.031     -0.005      0.033      0.042      0.029     -0.025      0.010      0.000      0.003      0.000      0.000      0.000      0.000      0.000      0.000     -0.001      0.001      0.000      0.000      0.000      0.000      0.000      0.000      0.000      0.000      0.000      0.000      0.001      0.000      0.000      0.000      0.000      0.000      0.000      0.000     -0.001      0.000      0.000      0.000      0.000      0.000      0.000      0.000      0.000      0.000      0.000      0.000      0.002      0.000      0.000      0.000      0.000     -0.012
    -0.027      0.001      0.052     -0.003     -0.038      0.006     -0.001      0.016      0.024     -0.044      0.004      0.000      0.000      0.000      0.000      0.000     -0.001      0.001      0.000      0.000      0.000      0.000      0.000     -0.001      0.000      0.001      0.000      0.000     -0.001     -0.001      0.000      0.000      0.000      0.000      0.000      0.000      0.000      0.001     -0.001      0.000      0.000      0.000      0.000      0.000      0.000      0.000      0.000      0.000      0.002      0.001      0.000      0.000      0.000      0.004
     0.010      0.026      0.023      0.065      0.034     -0.014     -0.004      0.029      0.010      0.055      0.026      0.006      0.000      0.000      0.000      0.000      0.000      0.000      0.000      0.000     -0.001      0.000      0.000     -0.001      0.000     -0.001     -0.001      0.000      0.000      0.001      0.001     -0.001      0.000      0.000      0.000      0.000      0.000      0.000     -0.001      0.000      0.000      0.001      0.000      0.000      0.000      0.000      0.000      0.000     -0.001      0.000      0.000      0.000      0.000     -0.001
     0.028      0.001      0.057      0.040      0.007      0.007      0.024     -0.008      0.006      0.017      0.028     -0.029      0.004      0.000      0.000      0.000     -0.001      0.001      0.000      0.000     -0.001      0.000      0.000      0.000      0.000      0.000      0.000      0.000      0.000      0.000      0.000      0.000      0.000      0.000      0.000      0.000      0.000      0.000     -0.001      0.000      0.000      0.000      0.000      0.000      0.000      0.000      0.000      0.000      0.001      0.000      0.000      0.000      0.000     -0.002
     0.040      0.052      0.029      0.073      0.008      0.025      0.025     -0.005      0.055      0.049     -0.022      0.030     -0.004      0.004      0.000      0.000     -0.001      0.001      0.000      0.000      0.000      0.000      0.000      0.000      0.000     -0.001      0.000      0.000      0.000      0.000      0.001      0.000      0.000      0.000      0.000      0.000      0.001      0.000      0.001      0.000      0.000      0.000      0.000      0.000      0.000      0.000      0.000      0.000      0.001      0.000      0.000      0.000      0.000      0.002
    -0.025      0.052      0.021     -0.013      0.025     -0.007      0.070     -0.065     -0.006     -0.029     -0.067      0.020     -0.015      0.030      0.003      0.000     -0.001      0.001      0.000      0.000      0.000      0.000      0.000     -0.001      0.000      0.000      0.000      0.000     -0.001     -0.001      0.000      0.000      0.000      0.000      0.000      0.000      0.001      0.000      0.001      0.000      0.000     -0.001      0.000      0.000      0.000      0.000      0.000      0.000      0.000      0.000      0.000      0.001      0.000     -0.001
     0.062     -0.016     -0.003      0.003      0.034      0.052     -0.023      0.011      0.064     -0.021      0.006     -0.023      0.003      0.006     -0.045      0.005      0.002      0.000      0.000      0.000     -0.001      0.000      0.000      0.001      0.000     -0.001      0.000      0.000      0.000      0.001      0.001      0.000      0.000      0.000      0.000      0.000      0.000      0.000      0.000      0.000      0.000      0.001      0.000      0.000      0.000      0.000      0.000      0.000     -0.003     -0.001      0.000      0.000      0.000     -0.001
    -0.057     -0.114     -0.028     -0.137     -0.012     -0.028     -0.093      0.005     -0.005     -0.057     -0.054     -0.020     -0.066     -0.056     -0.053      0.085      0.070     -0.036      0.000      0.010     -0.008      0.008      0.002      0.038      0.000     -0.040     -0.012     -0.001     -0.002      0.002     -0.002     -0.002     -0.001      0.001      0.001     -0.001      0.001      0.001     -0.002      0.000      0.000      0.002     -0.001     -0.002      0.000      0.000      0.000     -0.003     -0.006      0.001      0.000     -0.001      0.002     -0.015
     0.095      0.056     -0.019      0.069      0.055     -0.001      0.048     -0.002      0.028      0.045      0.033      0.007      0.082      0.076      0.098      0.020     -0.541      0.062     -0.001     -0.006      0.005     -0.003     -0.003     -0.029      0.003      0.022      0.008     -0.002      0.000      0.001     -0.001      0.001      0.000     -0.002     -0.001      0.001      0.002     -0.001      0.001      0.001      0.000     -0.003      0.001      0.001      0.000      0.000      0.000      0.002     -0.010     -0.001      0.000      0.000      0.001     -0.006
     0.011      0.029      0.166      0.094      0.013      0.040     -0.004     -0.016      0.003      0.000     -0.030      0.030     -0.036     -0.003     -0.087     -0.081     -0.034     -0.579      0.000      0.000      0.000      0.000      0.000      0.000      0.000      0.000      0.000      0.000      0.000      0.000      0.000      0.000      0.000      0.000      0.000      0.000      0.000      0.000      0.000      0.000      0.000      0.000      0.000      0.000      0.000      0.000      0.000      0.000      0.000      0.000      0.000      0.000      0.000      0.001
    -0.023     -0.016      0.099     -0.002      0.069      0.052      0.016      0.053      0.047      0.007      0.000      0.046     -0.016      0.040     -0.031      0.049      0.483     -0.334      0.129      0.006      0.002      0.000      0.001      0.005      0.000     -0.006     -0.003      0.000      0.000      0.000      0.000     -0.001     -0.001      0.000      0.000      0.000      0.001      0.000     -0.001      0.000      0.000      0.001      0.000      0.000      0.000      0.000      0.000     -0.001      0.005      0.000      0.000      0.001      0.000     -0.010
    -0.002      0.004     -0.101     -0.031     -0.020     -0.037      0.013     -0.040     -0.045     -0.025      0.048     -0.069     -0.061     -0.023      0.027     -0.065     -0.197      0.122     -0.093      0.136      0.026      0.001     -0.002     -0.008     -0.001      0.011      0.003      0.000     -0.001     -0.002     -0.002      0.001      0.000      0.000      0.000      0.001      0.001      0.000      0.001      0.000      0.000     -0.002      0.000      0.000      0.000      0.000      0.000      0.001      0.000      0.000      0.000      0.001      0.000      0.015
     0.007     -0.057     -0.015     -0.045      0.037      0.006      0.016      0.032      0.006      0.038     -0.049      0.050      0.006     -0.075      0.013      0.029      0.352     -0.131     -0.065      0.072      0.047      0.007      0.000      0.007     -0.002     -0.008     -0.001      0.000      0.000      0.001     -0.001      0.000      0.000      0.000      0.000      0.000      0.000      0.000     -0.001      0.000      0.000      0.000      0.000     -0.001      0.000      0.000      0.000      0.000      0.001      0.001      0.000      0.001      0.000     -0.003
    -0.013      0.033      0.142      0.097      0.070      0.068      0.005      0.080      0.045      0.006      0.029      0.050      0.029      0.001     -0.027      0.013      0.220     -0.360      0.271      0.434     -0.297     -0.047      0.001      0.000      0.000     -0.002     -0.002      0.000      0.000      0.000      0.000      0.000      0.000      0.000      0.000      0.000      0.000      0.000     -0.001      0.000      0.000      0.000      0.000      0.000      0.000      0.000      0.000      0.000      0.003      0.000      0.000      0.000      0.000     -0.004
    -0.050     -0.019      0.047     -0.035     -0.037      0.023     -0.039      0.071      0.008      0.007     -0.038     -0.043     -0.008     -0.012     -0.031      0.025      0.333     -0.275     -0.025      0.160     -0.119      0.194     -0.027      0.182     -0.001     -0.028     -0.004      0.003      0.001      0.001      0.000      0.001      0.000     -0.001      0.001      0.001      0.008      0.002     -0.003     -0.001     -0.002     -0.002     -0.001     -0.001      0.000     -0.001      0.000      0.002      0.004      0.000      0.000      0.001      0.001     -0.029
    -0.005      0.043      0.002     -0.040     -0.018     -0.043     -0.045     -0.075      0.018      0.003      0.039      0.001      0.009      0.047     -0.014      0.065     -0.011      0.158     -0.161     -0.067     -0.111     -0.349     -0.020     -0.044      0.004      0.005     -0.001      0.000      0.000      0.000      0.000      0.000      0.000      0.000      0.000      0.000      0.000      0.000     -0.001      0.000      0.000      0.000      0.000      0.000      0.000      0.000      0.000      0.000     -0.002      0.000      0.000     -0.001      0.000     -0.001
    -0.037      0.029     -0.094     -0.014     -0.091     -0.054     -0.027     -0.065     -0.030     -0.001      0.067     -0.032      0.027     -0.054      0.030     -0.061     -0.514      0.300     -0.193     -0.260      0.226     -0.349     -0.203     -0.220      0.251      0.087      0.006     -0.002      0.004      0.000     -0.002      0.003      0.000     -0.001     -0.001      0.002      0.001     -0.002      0.001      0.000      0.000     -0.003     -0.001      0.002      0.000      0.000      0.000      0.003      0.009     -0.003      0.000     -0.001     -0.001     -0.028
    -0.013      0.004     -0.148     -0.034     -0.083     -0.030      0.020     -0.061     -0.068     -0.012     -0.027     -0.090      0.002     -0.009      0.055     -0.055     -0.644      0.440     -0.296     -0.575      0.229     -0.229     -0.610     -0.137     -0.115      0.266      0.005      0.000      0.000     -0.001      0.001      0.000      0.000      0.000      0.000      0.000      0.001      0.000      0.001      0.000      0.000     -0.001      0.000      0.001      0.000      0.000      0.000      0.001     -0.004     -0.001      0.000      0.000      0.000      0.006
     0.003     -0.049     -0.009     -0.014      0.070      0.041      0.054      0.086      0.018     -0.025      0.005     -0.013     -0.027     -0.039     -0.023     -0.001     -0.031     -0.036      0.053      0.029     -0.001     -0.010      0.028      0.037     -0.021     -0.029     -0.016      0.032      0.001     -0.002      0.002     -0.001      0.002      0.001     -0.001      0.001      0.001      0.001     -0.001      0.000      0.000      0.001      0.001     -0.001      0.001      0.000      0.000      0.003      0.014     -0.001      0.000      0.001      0.000      0.026
     0.050      0.025     -0.014      0.051     -0.039     -0.054      0.030      0.032     -0.016      0.042     -0.044     -0.025      0.008     -0.011     -0.094      0.018     -0.030      0.001      0.029     -0.023     -0.039      0.005     -0.002      0.009      0.015      0.053     -0.007      0.022      0.054      0.001      0.000      0.000     -0.001      0.001     -0.001      0.000      0.002     -0.001      0.002     -0.001      0.001      0.000      0.000      0.001      0.001     -0.001      0.000      0.002      0.005     -0.003      0.000     -0.001     -0.001      0.062
     0.041     -0.016     -0.059      0.041      0.072      0.023     -0.021      0.022      0.059      0.031     -0.034      0.039      0.025      0.015     -0.049      0.037      0.031      0.010     -0.031      0.023     -0.041      0.027      0.040      0.008      0.028     -0.004     -0.037     -0.052      0.012      0.062      0.000      0.001      0.000      0.001      0.000      0.000      0.001     -0.002     -0.002      0.000      0.000      0.003      0.001     -0.001      0.001      0.000      0.000      0.002      0.018      0.000      0.000      0.002      0.000     -0.039
     0.008     -0.017     -0.012      0.010      0.036     -0.006      0.019     -0.013      0.007     -0.020     -0.032      0.040     -0.020      0.069      0.033      0.032     -0.028     -0.018      0.023     -0.026     -0.055     -0.073      0.026      0.003      0.014     -0.029      0.060      0.057     -0.003      0.002      0.046     -0.001      0.000      0.000     -0.001      0.001      0.004      0.000      0.001      0.000      0.000      0.002     -0.001      0.000      0.000      0.000      0.000      0.001      0.026      0.000      0.000     -0.001      0.000      0.062
     0.039      0.020      0.016      0.034      0.034      0.004      0.017     -0.042     -0.012      0.020      0.016     -0.057     -0.012      0.007     -0.002     -0.024     -0.043      0.027     -0.033     -0.051      0.034     -0.025     -0.020      0.020      0.025      0.080      0.025     -0.025      0.013      0.016     -0.022      0.019      0.001      0.000      0.000      0.001      0.001      0.000      0.001      0.000      0.000      0.000      0.000     -0.001      0.000      0.000      0.000      0.000      0.011      0.001      0.000      0.002      0.001     -0.007
     0.000     -0.023     -0.020      0.002      0.006      0.085      0.016     -0.007      0.020      0.024     -0.014     -0.035     -0.002      0.042      0.047      0.005     -0.016     -0.002      0.024     -0.083     -0.012      0.013     -0.003     -0.005      0.012     -0.010      0.024      0.072     -0.022     -0.006      0.010      0.033      0.014      0.000      0.000      0.000      0.002      0.000     -0.002      0.000      0.000     -0.001      0.000     -0.001      0.000      0.000      0.000      0.000      0.004      0.001      0.000      0.000      0.000      0.006
    -0.023     -0.075      0.027     -0.019      0.029     -0.030      0.137      0.002      0.000      0.031     -0.034     -0.011     -0.080     -0.006      0.016      0.033      0.039     -0.096      0.058      0.010      0.004      0.009      0.029     -0.022      0.022     -0.027     -0.055      0.057      0.043      0.048      0.016     -0.017      0.020      0.010      0.001      0.000      0.001      0.000      0.000      0.000      0.000      0.001      0.000      0.000      0.000      0.000      0.000      0.000      0.006      0.002      0.000      0.000      0.000      0.005
    -0.005     -0.011      0.017     -0.030     -0.010     -0.050      0.031     -0.093      0.042     -0.018      0.043      0.052      0.000     -0.012     -0.048      0.012      0.044     -0.035      0.015      0.019     -0.015      0.015     -0.027      0.015      0.023     -0.039     -0.049     -0.035     -0.024      0.002     -0.061     -0.032     -0.010      0.080      0.010     -0.001      0.000      0.000     -0.001      0.000      0.000      0.000      0.000      0.000      0.000      0.000      0.000     -0.001     -0.006      0.002      0.000      0.000      0.000      0.013
    -0.039     -0.008     -0.013      0.052      0.021      0.027     -0.025      0.034      0.030      0.032      0.035      0.033      0.032      0.078      0.008     -0.043     -0.044      0.043     -0.041     -0.036      0.037      0.011      0.004      0.021      0.040      0.058     -0.005      0.046      0.016      0.006      0.031      0.078     -0.009     -0.025     -0.060      0.008      0.000      0.000      0.002      0.000      0.000      0.000      0.000      0.000      0.000      0.000      0.000      0.000      0.005     -0.001      0.000      0.000      0.000      0.015
     0.021      0.028      0.020     -0.010     -0.056      0.024      0.070      0.022     -0.031     -0.048      0.017      0.018      0.012      0.064      0.058     -0.005      0.008      0.029     -0.059      0.026      0.030     -0.010     -0.023      0.063      0.014      0.006      0.031      0.016      0.028      0.013      0.056      0.015      0.044      0.037      0.007      0.001      0.096      0.000      0.006     -0.001      0.001      0.002     -0.001      0.000      0.001      0.000      0.000      0.001      0.018      0.000      0.000     -0.001      0.000      0.018
     0.022      0.006      0.016      0.010      0.025     -0.006      0.020      0.051      0.033     -0.018      0.082      0.018     -0.015      0.014      0.044      0.018      0.024     -0.018     -0.049      0.008     -0.022      0.035      0.056      0.034     -0.026     -0.073      0.003      0.050     -0.028     -0.060     -0.009     -0.007     -0.013     -0.006     -0.030     -0.035      0.009      0.013      0.000     -0.001      0.000      0.001      0.000      0.000      0.000      0.000      0.000      0.000      0.002     -0.001      0.000      0.001      0.000     -0.012
    -0.043      0.041     -0.036      0.028      0.044      0.030     -0.020     -0.005     -0.007     -0.007     -0.068     -0.049     -0.046      0.040      0.037      0.003     -0.021      0.016      0.029     -0.043      0.029     -0.042     -0.074     -0.022     -0.033      0.007      0.025     -0.011      0.023     -0.032      0.021      0.014     -0.049     -0.005     -0.019      0.069      0.066      0.000      0.087      0.000      0.000     -0.001     -0.001      0.001      0.001      0.000      0.000     -0.002      0.019     -0.004      0.000     -0.002     -0.001      0.001
    -0.050      0.025      0.039     -0.006      0.005     -0.002     -0.029     -0.031     -0.007      0.069     -0.002     -0.003      0.040      0.012     -0.057      0.018     -0.007      0.027      0.018      0.041      0.023      0.005      0.040     -0.032      0.012     -0.015     -0.045      0.013     -0.029      0.025      0.002     -0.016      0.007      0.040      0.028     -0.005     -0.052     -0.090      0.002      0.006      0.000      0.000      0.001     -0.001      0.000      0.000      0.000     -0.001      0.001      0.001      0.000      0.000      0.000      0.010
     0.022     -0.018     -0.011      0.004     -0.021     -0.020      0.000      0.031     -0.030     -0.025     -0.005      0.085      0.041      0.018     -0.038     -0.025      0.002      0.005     -0.004      0.030      0.039      0.039     -0.019     -0.048     -0.005      0.013     -0.012      0.010      0.050     -0.026     -0.006      0.035      0.005     -0.012      0.029      0.009      0.041      0.028      0.002      0.034      0.006      0.000      0.000      0.000      0.000      0.000      0.000      0.000      0.001      0.001      0.000      0.000      0.000      0.007
     0.011     -0.012      0.038     -0.008      0.091     -0.015     -0.005      0.068      0.042     -0.030      0.005      0.039     -0.031      0.039     -0.129      0.050      0.035     -0.055      0.058      0.057     -0.052      0.014      0.041     -0.020      0.036     -0.059     -0.074      0.030      0.006      0.056      0.040      0.008     -0.035      0.068     -0.019     -0.016      0.032      0.031     -0.014      0.000     -0.009      0.036      0.000     -0.001      0.000      0.000      0.000     -0.003      0.004      0.001      0.000      0.000      0.000      0.023
     0.013     -0.019      0.025     -0.003     -0.051      0.004      0.064     -0.005     -0.037      0.025     -0.031     -0.040      0.032     -0.040     -0.006      0.006     -0.037      0.049     -0.041     -0.017      0.016      0.008     -0.012     -0.029     -0.019     -0.040      0.061      0.057     -0.012      0.053     -0.025      0.021     -0.001      0.031     -0.032     -0.004     -0.038      0.025     -0.041      0.089     -0.007     -0.021      0.011     -0.001      0.000      0.000      0.000      0.001      0.001      0.000      0.000      0.000      0.000     -0.007
     0.031      0.055     -0.027      0.048     -0.049      0.021      0.005      0.005      0.051     -0.003      0.048     -0.033      0.035     -0.015     -0.025      0.011     -0.104      0.048     -0.025     -0.048      0.004     -0.081     -0.049     -0.027      0.047      0.075      0.084     -0.065      0.066     -0.055      0.007     -0.058     -0.089     -0.055     -0.008     -0.013     -0.011     -0.018      0.045     -0.112     -0.077     -0.059     -0.085      0.007      0.000     -0.001      0.000      0.003      0.013     -0.003      0.000     -0.002      0.001     -0.020
     0.011      0.002      0.015     -0.025      0.023      0.005      0.057     -0.009     -0.057      0.027     -0.041      0.002     -0.029     -0.010      0.014     -0.006     -0.044     -0.042      0.035      0.024      0.027      0.015      0.056      0.033      0.005      0.031     -0.004      0.124      0.141      0.139      0.050      0.132      0.061      0.076     -0.023      0.036      0.084      0.015      0.119      0.004      0.037      0.052      0.072     -0.135      0.001      0.000      0.000      0.000      0.006      0.000      0.000      0.000     -0.001     -0.022
    -0.020     -0.010     -0.002      0.040      0.014      0.013     -0.013      0.023     -0.012      0.003     -0.004      0.045     -0.014      0.015     -0.038      0.006      0.048     -0.061      0.083      0.061     -0.005     -0.009      0.051     -0.046     -0.025     -0.014     -0.083     -0.008     -0.092     -0.003     -0.048     -0.038     -0.019      0.001     -0.043      0.009     -0.046      0.033      0.021      0.038      0.038      0.049      0.059     -0.574     -0.126      0.001      0.000     -0.001     -0.004      0.000      0.000      0.000     -0.001      0.003
     0.009     -0.001      0.001     -0.064     -0.018     -0.006     -0.002     -0.021     -0.003      0.005     -0.035     -0.046     -0.004     -0.006      0.064     -0.010     -0.020      0.043     -0.089     -0.052     -0.010      0.017     -0.037      0.075      0.021      0.003      0.068      0.020      0.084      0.003      0.057      0.023      0.019     -0.024      0.040     -0.008      0.030     -0.029     -0.025     -0.006     -0.050     -0.050     -0.066      0.407      0.126     -0.916      0.000      0.000      0.001      0.000      0.000      0.000      0.000      0.000
     0.026     -0.014     -0.049     -0.001     -0.002     -0.012      0.052     -0.030      0.023      0.017      0.042     -0.020      0.014     -0.040      0.061      0.012     -0.079      0.056     -0.071     -0.048      0.033     -0.031     -0.039      0.032      0.013      0.070      0.099      0.097      0.065      0.058      0.028      0.015      0.005     -0.029     -0.060      0.000      0.023     -0.017     -0.045     -0.042     -0.028     -0.099      0.046      0.208      0.126     -0.234      0.196      0.023      0.005     -0.011      0.000      0.004      0.001      0.049
    -0.026     -0.021      0.046     -0.043      0.040     -0.051      0.058     -0.001      0.004      0.042      0.040     -0.013      0.020      0.012      0.005     -0.049     -0.025     -0.043      0.051      0.070     -0.002      0.015      0.083      0.010     -0.033      0.034     -0.061      0.083      0.024      0.078      0.131      0.087      0.037      0.063     -0.062      0.054      0.062      0.015      0.070      0.020      0.020      0.024      0.011      0.163      0.247     -0.134      0.081      0.036      0.880      0.004      0.000     -0.011      0.002     -0.295
    -0.022     -0.030      0.081      0.001      0.029     -0.041     -0.013     -0.011      0.009     -0.009      0.048      0.002      0.032     -0.023     -0.006     -0.050      0.030     -0.013      0.026     -0.014      0.012      0.048      0.026     -0.002      0.024     -0.050     -0.057     -0.032     -0.074     -0.004     -0.011      0.035      0.039      0.094      0.111     -0.068     -0.002     -0.026     -0.077      0.054      0.058      0.034      0.005     -0.213     -0.038     -0.054     -0.018     -0.403      0.022      0.033      0.000      0.000     -0.003      0.013
     0.030      0.036     -0.032      0.003     -0.002      0.003      0.013      0.005      0.048     -0.036     -0.055     -0.033     -0.031     -0.001     -0.060      0.021     -0.006     -0.060      0.052      0.008     -0.006     -0.022      0.002     -0.015     -0.044     -0.007      0.029      0.012      0.090     -0.014      0.019     -0.027      0.041     -0.047      0.015     -0.033     -0.058     -0.042      0.025     -0.069      0.005      0.036     -0.055      0.453      0.044     -0.377      0.257     -0.026      0.049     -0.321      0.000      0.000      0.000      0.000
     0.018      0.005      0.002      0.039      0.044     -0.035      0.028      0.008     -0.025     -0.040      0.000      0.001     -0.019      0.007      0.058      0.014     -0.020      0.004      0.041      0.050      0.025      0.082      0.036      0.009     -0.077     -0.012     -0.015      0.039     -0.021      0.035     -0.013      0.066      0.005     -0.024      0.002     -0.003     -0.018      0.039     -0.028     -0.010     -0.030      0.008     -0.009     -0.146     -0.060      0.061     -0.031      0.141     -0.058      0.008      0.032      0.039     -0.001      0.058
     0.030     -0.014     -0.012     -0.030      0.029     -0.010     -0.030      0.011     -0.032     -0.073      0.075      0.054      0.007      0.049     -0.011      0.058      0.078      0.033     -0.099      0.015     -0.033      0.054     -0.003      0.028     -0.003     -0.023     -0.030     -0.010     -0.039      0.007      0.019      0.063     -0.016      0.002     -0.005      0.051      0.013      0.012     -0.049     -0.006     -0.012     -0.008     -0.018      0.107     -0.232     -0.200      0.137      0.084      0.023     -0.170     -0.003     -0.029      0.009     -0.037
    -0.058     -0.044      0.052      0.038      0.064     -0.050      0.061     -0.021      0.015     -0.072      0.019     -0.005     -0.010      0.010     -0.004     -0.002     -0.019     -0.008      0.039     -0.046      0.032     -0.012     -0.039     -0.023     -0.003     -0.032      0.029      0.049      0.090     -0.052      0.098     -0.018      0.017      0.019      0.042      0.056      0.020     -0.035      0.001      0.044      0.029      0.041     -0.022     -0.081     -0.282      0.030     -0.014      0.109     -0.106      0.023     -0.016      0.099     -0.135      8.796

Derivative matrix of expected statistics X by parameters and
covariance/correlation matrix of X can be found using
summary(ans) within R, or by using the 'verbose' option in Siena07.
 
Total computation time 779.11 seconds.
