

-----------------------------------
New Analysis started.
Date and time: 21/09/2026 16:39:45
New results follow.
-----------------------------------

RSiena version 1.3.10 (28 Apr 22)


@1
Estimation by stochastic approximation algorithm.
=================================================

Current random number seed is 12345.
Effects object used: effs 
Model Type:
 Initiative model
Behavioral Model Type:
 Standard behavior actor-oriented model ('restrict')
Estimation method: unconditional moment estimation
.

Time duration for simulations in each period is 1.0.
Changing composition.
Joiners/leavers option: 1
Standard errors are estimated with the likelihood ratio method.
Dolby method (regression on scores) is used.
Initial value of gain parameter is  0.2000000.
Reduction factor for gain parameter is  0.5000000.
Number of subphases in Phase 2 is 3.

Initial parameter values are 
  1. rate:  constant dv.net rate (period 1)                 0.1737
  2. rate:  constant dv.net rate (period 2)                 0.4673
  3. rate:  constant dv.net rate (period 3)                 0.8177
  4. rate:  constant dv.net rate (period 4)                 1.1922
  5. rate:  constant dv.net rate (period 5)                 0.9644
  6. rate:  constant dv.net rate (period 6)                 0.9644
  7. rate:  constant dv.net rate (period 7)                 1.1922
  8. rate:  constant dv.net rate (period 8)                 0.9897
  9. rate:  constant dv.net rate (period 9)                 1.0657
 10. rate:  constant dv.net rate (period 10)                0.9138
 11. rate:  constant dv.net rate (period 11)                1.0657
 12. rate:  constant dv.net rate (period 12)                1.4453
 13. rate:  constant dv.net rate (period 13)                1.1922
 14. rate:  constant dv.net rate (period 14)                1.1163
 15. rate:  constant dv.net rate (period 15)                1.0150
 16. rate:  constant dv.net rate (period 16)                1.7491
 17. eval:  degree (density)                               -0.2781
 18. eval:  GWESP (69)                                      0.0000
 19. eval:  degree act+pop                                  0.0000
 20. eval:  nets.lndistance_d                               0.0000
 21. eval:  nets.ATOP_d                                     0.0000
 22. eval:  nets.absidealdiff_d                             0.0000
 23. eval:  nets.lntrade_d                                  0.0000
 24. eval:  nets.NATO_d                                     0.0000
 25. eval:  milex.beh alter                                 0.0000
 26. eval:  beh.democracy_1 alter                           0.0000
 27. eval:  beh.lncinc_1 alter                              0.0000
 28. rate:  rate milex.beh (period 1)                       0.7680
 29. rate:  rate milex.beh (period 2)                       0.9106
 30. rate:  rate milex.beh (period 3)                       1.2728
 31. rate:  rate milex.beh (period 4)                       0.8873
 32. rate:  rate milex.beh (period 5)                       0.3413
 33. rate:  rate milex.beh (period 6)                       0.5489
 34. rate:  rate milex.beh (period 7)                       0.3224
 35. rate:  rate milex.beh (period 8)                       0.3545
 36. rate:  rate milex.beh (period 9)                       0.2491
 37. rate:  rate milex.beh (period 10)                      0.9035
 38. rate:  rate milex.beh (period 11)                      0.3190
 39. rate:  rate milex.beh (period 12)                      0.9347
 40. rate:  rate milex.beh (period 13)                      0.2118
 41. rate:  rate milex.beh (period 14)                      0.2056
 42. rate:  rate milex.beh (period 15)                      0.6321
 43. rate:  rate milex.beh (period 16)                      0.2242
 44. eval:  milex.beh linear shape                         -0.0962
 45. eval:  milex.beh quadratic shape                       0.0000
 46. eval:  milex.beh degree                                0.0000
 47. eval:  milex.beh dense triads                          0.0000
 48. eval:  milex.beh: effect from beh.democracy_1          0.0000
 49. eval:  milex.beh: effect from beh.GDPgrowth_1          0.0000
 50. eval:  milex.beh: effect from beh.nato_1               0.0000
 51. eval:  milex.beh: effect from beh.allies_1             0.0000
 52. eval:  milex.beh: effect from beh.military_1           0.0000
 53. eval:  milex.beh: effect from beh.lnmids_1             0.0000
 54. eval:  milex.beh: effect from beh.milexSpLag_1         0.0000


Observed values of target statistics are
  1. Amount of network change in period 1                                10.0000
  2. Amount of network change in period 2                                34.0000
  3. Amount of network change in period 3                                86.0000
  4. Amount of network change in period 4                                94.0000
  5. Amount of network change in period 5                                76.0000
  6. Amount of network change in period 6                                76.0000
  7. Amount of network change in period 7                                94.0000
  8. Amount of network change in period 8                                78.0000
  9. Amount of network change in period 9                                84.0000
 10. Amount of network change in period 10                               72.0000
 11. Amount of network change in period 11                               84.0000
 12. Amount of network change in period 12                              114.0000
 13. Amount of network change in period 13                               94.0000
 14. Amount of network change in period 14                               88.0000
 15. Amount of network change in period 15                               80.0000
 16. Amount of network change in period 16                              138.0000
 17. Number of edges                                                   4265.0000
 18. Numb. edgew. shrd prtns.(69)                                      12243.8654
 19. Sum of squared degrees                                            260112.0000
 20. Sum of ties x nets.lndistance_d                                   -8870.7440
 21. Sum of ties x nets.ATOP_d                                         4953.4629
 22. Sum of ties x nets.absidealdiff_d                                 -2358.0283
 23. Sum of ties x nets.lntrade_d                                      30355.5071
 24. Sum of ties x nets.NATO_d                                          902.1365
 25. Sum of degrees x milex.beh                                         -18.6684
 26. Sum of degrees x beh.democracy_1                                  2457.4901
 27. Sum of degrees x beh.lncinc_1                                     10857.5339
 28. Amount of behavioral change in period 1 on milex.beh                41.0000
 29. Amount of behavioral change in period 2 on milex.beh                50.0000
 30. Amount of behavioral change in period 3 on milex.beh                57.0000
 31. Amount of behavioral change in period 4 on milex.beh                52.0000
 32. Amount of behavioral change in period 5 on milex.beh                37.0000
 33. Amount of behavioral change in period 6 on milex.beh                32.0000
 34. Amount of behavioral change in period 7 on milex.beh                28.0000
 35. Amount of behavioral change in period 8 on milex.beh                31.0000
 36. Amount of behavioral change in period 9 on milex.beh                24.0000
 37. Amount of behavioral change in period 10 on milex.beh               71.0000
 38. Amount of behavioral change in period 11 on milex.beh               34.0000
 39. Amount of behavioral change in period 12 on milex.beh               55.0000
 40. Amount of behavioral change in period 13 on milex.beh               18.0000
 41. Amount of behavioral change in period 14 on milex.beh               17.0000
 42. Amount of behavioral change in period 15 on milex.beh               48.0000
 43. Amount of behavioral change in period 16 on milex.beh               20.0000
 44. milex.beh centered sum                                             -65.8453
 45. milex.beh sum of cent. squares                                    5577.0824
 46. milex.beh outdegrees                                              -304.0788
 47. milex.beh dense triads                                            -2642.8490
 48. milex.beh x beh.democracy_1                                       -377.6470
 49. milex.beh x beh.GDPgrowth_1                                          1.0505
 50. milex.beh x beh.nato_1                                              36.7931
 51. milex.beh x beh.allies_1                                          -3748.6989
 52. milex.beh x beh.military_1                                         122.1105
 53. milex.beh x beh.lnmids_1                                           550.8479
 54. milex.beh x beh.milexSpLag_1                                        23.1712

 54 parameters, 54 statistics

Estimation of derivatives by the LR method (type 1).


@2
End of stochastic approximation algorithm, phase 3.
---------------------------------------------------

Total of 3277 iterations.
Parameter estimates based on 2277 iterations,
convergence diagnostics, covariance and derivative matrices based on 1000 iterations.

Information for convergence diagnosis.
Averages, standard deviations, and t-ratios for deviations from targets:
  1.  -0.6600    4.2556  -0.1551 
  2.   0.3420    7.9053   0.0433 
  3.   0.2200   12.3113   0.0179 
  4.   0.4980   14.2677   0.0349 
  5.  -0.3860   11.7532  -0.0328 
  6.  -0.6280   11.5694  -0.0543 
  7.   1.4920   13.3692   0.1116 
  8.  -0.4820   11.8761  -0.0406 
  9.   0.8260   12.6229   0.0654 
 10.   0.3260   11.6124   0.0281 
 11.  -0.3800   12.5007  -0.0304 
 12.  -0.4900   14.4212  -0.0340 
 13.  -0.2460   13.0921  -0.0188 
 14.  -0.7520   12.5370  -0.0600 
 15.   1.8580   12.8155   0.1450 
 16.  -1.7640   16.0540  -0.1099 
 17.   1.2330   26.0114   0.0474 
 18.   5.4230   97.3322   0.0557 
 19. 116.8280 2523.0085   0.0463 
 20.  -2.5297   67.6916  -0.0374 
 21.   1.2177   32.5933   0.0374 
 22.  -0.5826   43.2212  -0.0135 
 23.   8.8517  194.9870   0.0454 
 24.   0.2106    8.8610   0.0238 
 25.  -0.8812   50.6522  -0.0174 
 26.   0.2253   18.8012   0.0120 
 27.   5.0388   87.7836   0.0574 
 28.   0.1100    5.6874   0.0193 
 29.  -0.1820    5.8334  -0.0312 
 30.   0.2090    6.7385   0.0310 
 31.   0.3140    6.6140   0.0475 
 32.   0.0220    5.5457   0.0040 
 33.   0.2570    5.3669   0.0479 
 34.  -0.0360    5.1679  -0.0070 
 35.   0.0420    5.1393   0.0082 
 36.   0.0730    4.7134   0.0155 
 37.  -0.1570    6.8985  -0.0228 
 38.   0.1340    5.2854   0.0254 
 39.  -0.1040    6.3698  -0.0163 
 40.  -0.0710    3.9937  -0.0178 
 41.   0.0240    3.8150   0.0063 
 42.   0.4560    6.1332   0.0743 
 43.  -0.0840    4.3236  -0.0194 
 44.   1.6650   24.4628   0.0681 
 45.   6.2945   97.5389   0.0645 
 46.   3.8340  159.8640   0.0240 
 47.   9.1060  418.6296   0.0218 
 48.   0.3641   12.1227   0.0300 
 49.  -0.0965    2.1662  -0.0446 
 50.   0.0712    8.8390   0.0080 
 51.  -4.4162  462.4617  -0.0095 
 52.   0.0330    6.4485   0.0051 
 53.   0.4142   14.7936   0.0280 
 54.  -0.0197    0.5092  -0.0387 

Good convergence is indicated by the t-ratios being close to zero.

Overall maximum convergence ratio =  0.3762 .



@2
Estimation Results.
-------------------

Regular end of estimation algorithm.
Total of 3277 iteration steps.


@3
Estimates and standard errors
                             
Network Dynamics
 1. rate:  constant dv.net rate (period 1)                         0.0564  (   0.0267)
 2. rate:  constant dv.net rate (period 2)                         0.1735  (   0.0467)
 3. rate:  constant dv.net rate (period 3)                         0.5639  (   0.1025)
 4. rate:  constant dv.net rate (period 4)                         0.4034  (   0.0623)
 5. rate:  constant dv.net rate (period 5)                         0.3809  (   0.0787)
 6. rate:  constant dv.net rate (period 6)                         0.3707  (   0.0716)
 7. rate:  constant dv.net rate (period 7)                         0.4705  (   0.0796)
 8. rate:  constant dv.net rate (period 8)                         0.3513  (   0.0617)
 9. rate:  constant dv.net rate (period 9)                         0.3747  (   0.0635)
10. rate:  constant dv.net rate (period 10)                        0.3168  (   0.0595)
11. rate:  constant dv.net rate (period 11)                        0.3658  (   0.0645)
12. rate:  constant dv.net rate (period 12)                        0.5009  (   0.0762)
13. rate:  constant dv.net rate (period 13)                        0.3882  (   0.0600)
14. rate:  constant dv.net rate (period 14)                        0.3557  (   0.0590)
15. rate:  constant dv.net rate (period 15)                        0.3228  (   0.0526)
16. rate:  constant dv.net rate (period 16)                        0.5567  (   0.0730)
17. eval:  degree (density)                                       -6.3226  (   0.2632)
18. eval:  GWESP (69)                                              2.5012  (   0.2479)
19. eval:  degree act+pop                                          0.0316  (   0.0059)
20. eval:  nets.lndistance_d                                      -0.8935  (   0.0804)
21. eval:  nets.ATOP_d                                             0.9114  (   0.1603)
22. eval:  nets.absidealdiff_d                                    -0.5232  (   0.0773)
23. eval:  nets.lntrade_d                                          0.0159  (   0.0328)
24. eval:  nets.NATO_d                                            -3.9244  (   0.4678)
25. eval:  milex.beh alter                                        -0.0451  (   0.0669)
26. eval:  beh.democracy_1 alter                                   1.6180  (   0.2948)
27. eval:  beh.lncinc_1 alter                                      0.7925  (   0.0738)
Behavior Dynamics

28. rate:  rate milex.beh (period 1)                               0.9339  (   0.1593)
29. rate:  rate milex.beh (period 2)                               1.3064  (   0.2577)
30. rate:  rate milex.beh (period 3)                               1.3528  (   0.2279)
31. rate:  rate milex.beh (period 4)                               1.1988  (   0.2059)
32. rate:  rate milex.beh (period 5)                               0.6987  (   0.1220)
33. rate:  rate milex.beh (period 6)                               0.5751  (   0.1203)
34. rate:  rate milex.beh (period 7)                               0.4810  (   0.0975)
35. rate:  rate milex.beh (period 8)                               0.5314  (   0.1129)
36. rate:  rate milex.beh (period 9)                               0.3811  (   0.0809)
37. rate:  rate milex.beh (period 10)                              1.7740  (   0.2847)
38. rate:  rate milex.beh (period 11)                              0.5923  (   0.1224)
39. rate:  rate milex.beh (period 12)                              1.3558  (   0.2381)
40. rate:  rate milex.beh (period 13)                              0.3328  (   0.0820)
41. rate:  rate milex.beh (period 14)                              0.3010  (   0.0846)
42. rate:  rate milex.beh (period 15)                              1.1155  (   0.2192)
43. rate:  rate milex.beh (period 16)                              0.4229  (   0.1124)
44. eval:  milex.beh linear shape                                 -1.1970  (   0.0819)
45. eval:  milex.beh quadratic shape                              -0.0350  (   0.0252)
46. eval:  milex.beh degree                                        0.0957  (   0.0279)
47. eval:  milex.beh dense triads                                 -0.0270  (   0.0096)
48. eval:  milex.beh: effect from beh.democracy_1                 -0.5059  (   0.1475)
49. eval:  milex.beh: effect from beh.GDPgrowth_1                 -2.6623  (   0.9186)
50. eval:  milex.beh: effect from beh.nato_1                       0.8854  (   0.1749)
51. eval:  milex.beh: effect from beh.allies_1                    -0.0113  (   0.0037)
52. eval:  milex.beh: effect from beh.military_1                   0.2432  (   0.1956)
53. eval:  milex.beh: effect from beh.lnmids_1                     0.2086  (   0.0938)
54. eval:  milex.beh: effect from beh.milexSpLag_1                 7.7293  (   2.8823)


@3
Covariance matrices
                   
Covariance matrix of estimates (correlations below diagonal):
     0.001      0.000      0.000      0.000      0.000      0.000      0.000      0.000      0.000      0.000      0.000      0.000      0.000      0.000      0.000      0.000     -0.001      0.000      0.000      0.000      0.000      0.000      0.000      0.000      0.000      0.000      0.000      0.000      0.000      0.000      0.000      0.000      0.000      0.000      0.000      0.000      0.000      0.000      0.000      0.000      0.000      0.000      0.000      0.000      0.000      0.000      0.000      0.000      0.000      0.000      0.000      0.000      0.000      0.000
    -0.020      0.002      0.000      0.000      0.000      0.000      0.000      0.000      0.000      0.000      0.000      0.000      0.000      0.000      0.000      0.000     -0.002      0.001      0.000      0.000      0.000      0.000      0.000      0.000      0.000      0.000      0.000      0.000      0.002      0.000      0.000      0.000      0.000      0.000      0.000      0.000      0.000      0.000      0.000      0.000      0.000      0.000      0.000      0.000      0.000      0.000      0.000      0.000     -0.001      0.000      0.000      0.000      0.000      0.010
     0.019      0.028      0.010      0.000      0.000      0.000      0.000      0.000      0.000      0.000      0.000      0.001      0.000      0.000      0.000      0.000     -0.002     -0.001      0.000      0.000     -0.001      0.000      0.001      0.001     -0.001     -0.002     -0.001      0.000     -0.002      0.001     -0.001      0.000      0.000      0.000      0.001      0.000      0.000      0.000     -0.001      0.000      0.000      0.000      0.000      0.000      0.000      0.000      0.000      0.000     -0.004      0.001      0.000      0.000      0.000     -0.011
     0.061      0.041      0.007      0.004      0.000      0.000      0.000      0.000      0.000      0.000      0.000      0.000      0.000      0.000      0.000      0.000     -0.002      0.001      0.000      0.000      0.000      0.000      0.000      0.001      0.000      0.000      0.000      0.000     -0.001      0.000     -0.001      0.000      0.000      0.000      0.000      0.000      0.000      0.000      0.001      0.000      0.000      0.000      0.000      0.000      0.000      0.000      0.000      0.001      0.001      0.000      0.000      0.001      0.000     -0.007
     0.041      0.002      0.030      0.068      0.006      0.000      0.000      0.000      0.000      0.000      0.000      0.000      0.000      0.000      0.000      0.000     -0.002      0.001      0.000      0.001      0.001      0.001      0.000      0.001     -0.001     -0.001      0.000      0.000      0.001      0.001     -0.001      0.001      0.000      0.000      0.000      0.000      0.001      0.000      0.000      0.000      0.000     -0.001      0.000      0.000      0.000      0.000      0.000      0.000      0.002      0.000      0.000     -0.001      0.000     -0.003
     0.015      0.024      0.015      0.039      0.084      0.005      0.000      0.000      0.000      0.000      0.000      0.000      0.000      0.000      0.000      0.000     -0.001      0.000      0.000      0.000      0.000      0.000      0.000     -0.001     -0.001     -0.001      0.000      0.000      0.000      0.001      0.000      0.000      0.001      0.000      0.000      0.000      0.000      0.000      0.000      0.000      0.000      0.000      0.000      0.000      0.000      0.000      0.000      0.000      0.004      0.000      0.000      0.000      0.000     -0.001
     0.036     -0.014      0.010      0.035      0.037      0.062      0.006      0.000      0.000      0.000      0.000      0.000      0.000      0.000      0.000      0.000     -0.002      0.002      0.000      0.000      0.000      0.000      0.000      0.001      0.000     -0.001      0.000      0.000     -0.001      0.000      0.001      0.001      0.000      0.000      0.000      0.000      0.000      0.000      0.000      0.000      0.000      0.000      0.000      0.000      0.000      0.000      0.000      0.000      0.001      0.000      0.000      0.000      0.000     -0.010
    -0.024      0.011      0.056      0.062      0.062      0.048     -0.035      0.004      0.000      0.000      0.000      0.000      0.000      0.000      0.000      0.000     -0.001      0.001      0.000      0.000      0.000      0.000      0.000     -0.002      0.000     -0.001      0.000      0.000      0.000     -0.001      0.000      0.000      0.000      0.000      0.000      0.000      0.000      0.000     -0.001      0.000      0.000      0.000      0.000      0.000      0.000      0.000      0.000      0.000      0.001      0.000      0.000      0.001      0.000      0.003
     0.042      0.004      0.031      0.073      0.033     -0.012      0.024      0.030      0.004      0.000      0.000      0.000      0.000      0.000      0.000      0.000     -0.001      0.001      0.000      0.000      0.000      0.000      0.000      0.002      0.000      0.000      0.000      0.000     -0.001      0.000      0.000      0.000      0.000      0.000      0.000      0.001      0.001      0.000      0.000      0.001      0.000      0.000      0.000      0.000      0.000      0.000      0.000      0.000      0.001      0.000      0.000      0.000      0.000     -0.004
    -0.003      0.068      0.014      0.091      0.060      0.034      0.026      0.024     -0.046      0.004      0.000      0.000      0.000      0.000      0.000      0.000     -0.001      0.000      0.000      0.000      0.000      0.000      0.000      0.000      0.000     -0.002      0.000      0.000      0.000     -0.001      0.000      0.000      0.000      0.000      0.000      0.000      0.001      0.000      0.000      0.000      0.000      0.001      0.000      0.000      0.000      0.000      0.000     -0.001     -0.002      0.000      0.000      0.000      0.000      0.000
     0.008      0.003      0.016      0.012      0.041      0.002      0.055     -0.011      0.098      0.015      0.004      0.000      0.000      0.000      0.000      0.000     -0.001      0.002      0.000      0.000     -0.001      0.000      0.000      0.001      0.000      0.000      0.000      0.000      0.000      0.000      0.000      0.000      0.000      0.000      0.000      0.000      0.001      0.000      0.000      0.000      0.000      0.000      0.000      0.000      0.000      0.000      0.000     -0.001     -0.001      0.000      0.000      0.000      0.000     -0.008
     0.008     -0.052      0.097     -0.004      0.001      0.051      0.011      0.039     -0.043      0.025     -0.072      0.006      0.000      0.000      0.000      0.000     -0.001      0.001      0.000      0.000      0.000      0.000      0.000      0.001      0.000     -0.001      0.000      0.000     -0.001      0.000      0.000      0.000      0.000      0.000      0.000      0.000      0.001      0.000     -0.003      0.000      0.000      0.001      0.000      0.000      0.000      0.000      0.000      0.000     -0.001      0.000      0.000      0.000     -0.001     -0.001
    -0.027      0.021      0.044     -0.046      0.043     -0.033     -0.028      0.022      0.011     -0.018     -0.008     -0.028      0.004      0.000      0.000      0.000      0.000      0.000      0.000      0.000      0.000      0.000      0.000     -0.001      0.000     -0.001      0.000     -0.001      0.000      0.001      0.001      0.000      0.000      0.000      0.000      0.000     -0.001      0.001      0.000      0.000      0.000      0.000      0.000      0.000      0.000      0.000      0.000      0.000      0.000      0.000      0.000      0.000      0.000     -0.006
    -0.010      0.044      0.009      0.053     -0.007     -0.042     -0.017     -0.046      0.055      0.019      0.065      0.005     -0.013      0.003      0.000      0.000      0.000      0.000      0.000      0.000      0.000      0.000      0.000      0.001      0.000      0.000      0.000      0.001      0.000      0.001      0.000      0.000      0.000      0.000      0.000      0.000      0.000      0.000      0.000      0.000     -0.001      0.000      0.000      0.000      0.000      0.000      0.000      0.000      0.000      0.000      0.000      0.000      0.000     -0.006
    -0.032      0.050      0.032      0.054      0.014     -0.023     -0.008      0.049     -0.029     -0.027      0.006     -0.012      0.023     -0.009      0.003      0.000     -0.001      0.001      0.000      0.000      0.000      0.000      0.000      0.001      0.000      0.000      0.000      0.000      0.000      0.000      0.000      0.000      0.000      0.000      0.000      0.000      0.000      0.000      0.000      0.000      0.000     -0.002      0.000      0.000      0.000      0.000      0.000      0.000     -0.001      0.000      0.000      0.000      0.000     -0.003
     0.001      0.016      0.003      0.015      0.045     -0.014     -0.002      0.106      0.009     -0.038     -0.058      0.023     -0.022      0.009     -0.083      0.005     -0.001      0.000      0.000      0.000      0.000      0.000      0.000      0.000      0.000      0.000      0.000      0.000      0.000      0.001      0.000      0.000      0.000      0.000      0.000      0.000      0.000      0.000      0.000      0.000      0.000      0.000      0.000      0.000      0.000      0.000      0.000      0.000      0.003      0.001      0.000     -0.001      0.000     -0.006
    -0.083     -0.138     -0.067     -0.148     -0.108     -0.079     -0.083     -0.064     -0.063     -0.037     -0.073     -0.046     -0.012      0.015     -0.057     -0.037      0.069     -0.038      0.000      0.009     -0.008      0.006      0.002      0.036      0.003     -0.031     -0.012     -0.002     -0.003     -0.002     -0.002     -0.003      0.000     -0.001      0.000     -0.001      0.002      0.003     -0.002     -0.001      0.000      0.002      0.000      0.001      0.000      0.000      0.000      0.002      0.007     -0.002      0.000     -0.002      0.000     -0.057
     0.066      0.071     -0.031      0.066      0.072      0.022      0.077      0.054      0.050      0.032      0.105      0.059      0.018      0.016      0.043      0.025     -0.577      0.061     -0.001     -0.007      0.005     -0.003     -0.003     -0.031      0.001      0.020      0.008      0.003      0.005      0.002     -0.001      0.002      0.000      0.001      0.000      0.000     -0.005     -0.003      0.001      0.000      0.000     -0.001     -0.001      0.000      0.000      0.000      0.000      0.000      0.005      0.001      0.000      0.000      0.000      0.010
     0.039      0.034      0.113      0.097      0.056      0.066      0.015      0.012     -0.023     -0.001     -0.099     -0.046      0.040     -0.082     -0.050     -0.022     -0.034     -0.505      0.000      0.000      0.000      0.000      0.000      0.000      0.000      0.000      0.000      0.000      0.000      0.000      0.000      0.000      0.000      0.000      0.000      0.000      0.000      0.000      0.000      0.000      0.000      0.000      0.000      0.000      0.000      0.000      0.000      0.000      0.000      0.000      0.000      0.000      0.000      0.000
    -0.030     -0.020      0.049      0.035      0.092      0.073      0.010     -0.007      0.012      0.030     -0.004      0.045      0.033     -0.030      0.016     -0.046      0.406     -0.330      0.119      0.006      0.003      0.000      0.001      0.005      0.000     -0.004     -0.003     -0.001     -0.001      0.000     -0.001     -0.001      0.000      0.000      0.000      0.000      0.001      0.001     -0.001      0.000      0.000      0.001      0.000      0.000      0.000      0.000      0.000      0.000     -0.002      0.000      0.000      0.000      0.000     -0.001
     0.020     -0.005     -0.033     -0.039      0.041     -0.006     -0.037     -0.006      0.001     -0.004     -0.066      0.027     -0.009     -0.045     -0.011      0.020     -0.189      0.117     -0.030      0.257      0.026      0.001     -0.001     -0.010     -0.002      0.011      0.002      0.001      0.001      0.001     -0.001      0.000      0.000      0.000     -0.001      0.001      0.002     -0.001     -0.001      0.001      0.000      0.001      0.000      0.000      0.000      0.000      0.000      0.000     -0.001      0.001      0.000     -0.001      0.000      0.003
     0.018      0.024      0.010     -0.051      0.087      0.020     -0.002     -0.017      0.020      0.056     -0.018      0.045      0.009      0.020      0.011     -0.003      0.286     -0.136      0.007      0.068      0.062      0.006      0.000      0.007     -0.002     -0.007     -0.001      0.001     -0.001      0.001     -0.001      0.000      0.000      0.000      0.000      0.000      0.001      0.000     -0.001      0.000      0.000      0.000      0.000      0.000      0.000      0.000      0.000      0.000      0.002     -0.001      0.000     -0.001      0.000     -0.012
     0.028     -0.025      0.149      0.095      0.052      0.082      0.058      0.035      0.024     -0.019      0.009      0.026      0.032     -0.041     -0.010     -0.016      0.177     -0.353      0.260      0.422     -0.203     -0.057      0.001      0.000      0.000     -0.001     -0.001      0.000     -0.001      0.000      0.000      0.000      0.000      0.000      0.000      0.000      0.000      0.000      0.000      0.000      0.000      0.001      0.000      0.000      0.000      0.000      0.000      0.000     -0.001      0.000      0.000      0.000      0.000      0.003
    -0.033      0.013      0.031      0.027      0.025     -0.018      0.017     -0.052      0.051      0.005      0.025      0.032     -0.024      0.039      0.037     -0.010      0.296     -0.267     -0.027      0.131     -0.138      0.194     -0.022      0.219      0.000     -0.035     -0.003      0.002     -0.006     -0.004     -0.002     -0.002     -0.001     -0.001      0.003      0.000      0.000      0.003     -0.005     -0.001     -0.002     -0.001     -0.001     -0.001      0.001      0.000      0.000     -0.001     -0.026     -0.001      0.000     -0.003     -0.002     -0.078
    -0.046     -0.057     -0.081     -0.006     -0.117     -0.105     -0.046     -0.049      0.007     -0.064     -0.028     -0.023     -0.034      0.092     -0.044      0.015      0.161      0.045     -0.168     -0.062     -0.195     -0.294      0.018     -0.014      0.004      0.005     -0.001      0.000      0.000      0.000      0.000      0.000      0.000      0.000      0.000      0.000      0.000      0.001      0.000      0.000      0.000      0.001      0.000      0.000      0.000      0.000      0.000      0.000      0.002      0.000      0.000      0.000      0.000     -0.008
    -0.011     -0.008     -0.076     -0.022     -0.032     -0.058     -0.056     -0.042      0.018     -0.092     -0.004     -0.027     -0.033     -0.009      0.005     -0.017     -0.403      0.271     -0.220     -0.166      0.226     -0.303     -0.119     -0.251      0.269      0.087      0.003      0.002      0.004      0.005      0.003      0.001      0.001      0.001     -0.002      0.000     -0.004     -0.002      0.004     -0.001      0.000     -0.003      0.001      0.000      0.000      0.000      0.000      0.000     -0.011      0.002      0.000      0.001     -0.001      0.081
    -0.002      0.042     -0.084     -0.065     -0.081     -0.031     -0.028     -0.009     -0.002      0.011      0.064     -0.005     -0.043      0.019      0.028      0.004     -0.612      0.440     -0.308     -0.514      0.136     -0.223     -0.584     -0.089     -0.225      0.125      0.005      0.001      0.001     -0.001      0.001      0.001      0.000      0.000      0.000      0.000     -0.001     -0.001      0.000      0.000      0.000      0.000      0.000      0.000      0.000      0.000      0.000      0.000      0.000      0.000      0.000      0.000      0.000      0.006
     0.080      0.021      0.026     -0.006      0.022     -0.034     -0.010     -0.036      0.020      0.024      0.045      0.037     -0.071      0.056      0.031     -0.034     -0.042      0.075     -0.039     -0.044      0.037      0.047     -0.041      0.032      0.019      0.041      0.062      0.025      0.000      0.002      0.000      0.001      0.001      0.000      0.000      0.000     -0.002     -0.001     -0.001      0.000      0.000     -0.002      0.000     -0.001      0.000      0.000      0.000      0.000     -0.003      0.002      0.000     -0.003      0.000      0.008
    -0.005      0.185     -0.075     -0.065      0.040     -0.012     -0.027     -0.024     -0.039      0.001      0.028     -0.058      0.022     -0.028      0.017     -0.011     -0.037      0.077     -0.067     -0.027      0.033     -0.035     -0.068     -0.053      0.022      0.049      0.064      0.004      0.066      0.005      0.003      0.000     -0.002      0.000     -0.002      0.000      0.001     -0.001     -0.001      0.001      0.000      0.003      0.000      0.000      0.001      0.000      0.000      0.003      0.002     -0.003      0.000     -0.001     -0.001      0.125
     0.023     -0.010      0.061     -0.018      0.070      0.031     -0.003     -0.049      0.026     -0.038      0.000      0.006      0.038      0.085     -0.003      0.031     -0.036      0.033     -0.003     -0.013      0.033      0.059      0.038     -0.041      0.000      0.075     -0.041      0.059      0.083      0.052      0.003     -0.001      0.000      0.002      0.001      0.000     -0.002      0.002      0.001      0.001      0.000     -0.003     -0.001      0.001      0.001      0.000      0.000      0.005      0.023     -0.003      0.000     -0.001     -0.001      0.048
    -0.002     -0.003     -0.043     -0.060     -0.052     -0.022      0.041      0.017     -0.037      0.008      0.022      0.024      0.047     -0.039      0.035     -0.008     -0.038     -0.013      0.004     -0.031     -0.015     -0.036     -0.045     -0.016      0.022      0.047      0.049      0.000      0.061      0.057      0.042      0.001      0.001      0.000      0.000      0.000      0.000      0.002     -0.001      0.000      0.001      0.001      0.000      0.000      0.000      0.000      0.000      0.002      0.010     -0.003      0.000     -0.002      0.000      0.018
     0.020      0.036     -0.010      0.027      0.072      0.006      0.055      0.001      0.004      0.034      0.002     -0.014     -0.002     -0.020      0.039     -0.005     -0.091      0.054     -0.016     -0.052      0.019      0.011     -0.089     -0.032     -0.016      0.032      0.075      0.041     -0.003     -0.023      0.058      0.015      0.000      0.000      0.000      0.000     -0.001      0.000      0.000      0.000      0.000      0.000      0.001     -0.001      0.000      0.000      0.000      0.000      0.005      0.000      0.000      0.001      0.001      0.002
     0.013     -0.064     -0.013      0.010     -0.010      0.115      0.028     -0.047     -0.023      0.018     -0.051      0.001     -0.040     -0.050      0.041     -0.015     -0.016      0.009      0.018      0.033      0.005     -0.010      0.028     -0.026      0.004      0.017      0.009      0.052     -0.054     -0.005      0.038      0.023      0.014      0.000      0.000      0.000      0.001      0.001      0.001      0.000      0.000      0.000      0.000     -0.001      0.000      0.000      0.000     -0.001      0.006      0.001      0.000     -0.001      0.000      0.003
    -0.036      0.029     -0.011     -0.011     -0.011      0.032     -0.033     -0.057     -0.027     -0.035      0.050      0.009      0.032     -0.055     -0.012     -0.013     -0.030      0.042     -0.001      0.021     -0.019     -0.038     -0.007     -0.033     -0.026      0.026      0.023     -0.005      0.016      0.069      0.006      0.039      0.020      0.010      0.000      0.000      0.000      0.000      0.001      0.000      0.000      0.000      0.000     -0.001      0.000      0.000      0.000     -0.001     -0.001      0.001      0.000      0.001      0.000     -0.010
     0.051      0.048      0.043      0.056      0.005      0.039     -0.008      0.066      0.015      0.038     -0.002      0.044      0.010      0.014      0.004     -0.001      0.004     -0.005     -0.004     -0.003     -0.039      0.030      0.030      0.048     -0.052     -0.057      0.003      0.022     -0.058      0.040      0.000      0.036      0.032     -0.011      0.013      0.000     -0.001      0.000     -0.001      0.001      0.000      0.000      0.000      0.000      0.000      0.000      0.000      0.000      0.007      0.000      0.000     -0.001      0.000     -0.001
    -0.012      0.024      0.013     -0.071      0.002     -0.040      0.031      0.005      0.172     -0.028      0.053     -0.015      0.019      0.018     -0.018      0.007     -0.054      0.010      0.040      0.015      0.043      0.018      0.023      0.000     -0.003      0.012      0.015      0.034      0.001      0.018      0.007     -0.003      0.018     -0.044     -0.047      0.007      0.000      0.000      0.001      0.000      0.000      0.000      0.000      0.000      0.000      0.000      0.000      0.000      0.002      0.000      0.000      0.000      0.000      0.000
     0.010      0.016      0.009      0.014      0.026     -0.009     -0.020      0.022      0.054      0.060      0.034      0.027     -0.042     -0.026     -0.026     -0.023      0.029     -0.064      0.058      0.032      0.044      0.050     -0.007      0.002     -0.018     -0.052     -0.044     -0.040      0.009     -0.026      0.007     -0.025      0.041     -0.013     -0.031      0.006      0.081      0.000      0.000      0.000      0.001     -0.001      0.001      0.000      0.000      0.000      0.000     -0.002      0.003      0.000      0.000      0.004     -0.002      0.004
    -0.002      0.004      0.025      0.015      0.019     -0.021      0.012     -0.044     -0.005     -0.003     -0.056      0.031      0.079     -0.003      0.009     -0.005      0.093     -0.098      0.034      0.087     -0.049     -0.004      0.108      0.061      0.076     -0.056     -0.126     -0.035     -0.042      0.080      0.060     -0.008      0.057      0.015      0.025      0.006     -0.004      0.015      0.000      0.000     -0.001      0.001     -0.001      0.000      0.000      0.000      0.000     -0.002      0.006      0.001      0.000     -0.001      0.000     -0.004
    -0.032     -0.008     -0.021      0.035      0.008      0.027     -0.004     -0.035      0.005     -0.023      0.000     -0.158     -0.024     -0.020     -0.003      0.021     -0.035      0.017      0.012     -0.049     -0.033     -0.044      0.023     -0.048     -0.007      0.059      0.005     -0.035     -0.012      0.010     -0.017      0.006      0.021      0.042     -0.032      0.039      0.003     -0.008      0.057      0.000      0.001      0.000     -0.001     -0.001      0.000      0.000      0.000      0.000      0.009     -0.001      0.000      0.000      0.000     -0.016
     0.008     -0.002      0.010      0.053      0.013     -0.025      0.049      0.026      0.126     -0.025      0.047     -0.035      0.024     -0.053     -0.046     -0.023     -0.024     -0.005      0.034      0.021      0.061      0.048      0.016     -0.015     -0.040     -0.045     -0.010      0.003      0.026      0.056      0.013      0.023     -0.004      0.028      0.062     -0.053      0.001      0.043      0.020      0.007      0.000      0.000      0.000     -0.001      0.000      0.000      0.000     -0.001      0.000      0.000      0.000      0.001      0.000     -0.018
     0.008      0.006     -0.023     -0.017     -0.001      0.061     -0.038      0.048     -0.014     -0.021      0.058     -0.054     -0.038     -0.141      0.031     -0.034      0.000     -0.021      0.044     -0.011      0.021      0.001     -0.013     -0.056     -0.076      0.006     -0.014      0.024      0.010      0.015      0.069      0.043     -0.009     -0.001      0.052     -0.023      0.022     -0.061      0.039      0.000      0.007      0.000     -0.001      0.000      0.000      0.000      0.000     -0.001      0.001      0.001      0.000      0.000      0.000     -0.001
     0.048      0.011     -0.015      0.006     -0.033      0.019     -0.011     -0.030     -0.006      0.054     -0.010      0.053      0.020     -0.009     -0.144      0.021      0.033     -0.013     -0.025      0.045      0.037     -0.006      0.084     -0.013      0.062     -0.039     -0.029     -0.063      0.047     -0.059      0.018     -0.012      0.016      0.002      0.019     -0.002     -0.009      0.026     -0.004      0.018     -0.017      0.048      0.000     -0.001      0.000      0.000      0.000     -0.002      0.011     -0.002      0.000     -0.002      0.000      0.009
     0.035      0.001     -0.030     -0.009     -0.009     -0.023      0.025     -0.015      0.032     -0.035      0.008     -0.035      0.008     -0.024      0.023     -0.040      0.009     -0.042     -0.008      0.009      0.014      0.013      0.011     -0.014     -0.040      0.028     -0.008      0.000      0.012     -0.020      0.020      0.048     -0.010      0.017     -0.008      0.041      0.028     -0.042     -0.048      0.004     -0.053      0.005      0.013     -0.001      0.000      0.000      0.000      0.001     -0.006      0.001      0.000     -0.001      0.000      0.025
    -0.010      0.003     -0.019      0.012      0.030      0.019     -0.024      0.022      0.002     -0.046     -0.011      0.034     -0.002     -0.009     -0.004     -0.011      0.026     -0.019     -0.010      0.031     -0.008      0.028      0.016     -0.032      0.004     -0.002     -0.018     -0.040      0.002      0.049      0.024     -0.082     -0.090     -0.076      0.035      0.029     -0.002     -0.047     -0.039     -0.078     -0.068     -0.036     -0.078      0.007      0.000     -0.001      0.000      0.004      0.016     -0.002      0.000     -0.001      0.001     -0.026
     0.032      0.061     -0.010     -0.010      0.016     -0.011      0.004     -0.053      0.018      0.015      0.014     -0.008     -0.030     -0.022      0.000      0.005      0.014      0.035     -0.065     -0.003      0.037      0.056     -0.053      0.060      0.052      0.001      0.020      0.114      0.148      0.150      0.094      0.113      0.099      0.065      0.043      0.043      0.028      0.017      0.033      0.030      0.069      0.031     -0.005     -0.086      0.001      0.000      0.000      0.001      0.006      0.000      0.000      0.000     -0.001     -0.017
     0.010     -0.021      0.018      0.045     -0.054      0.029      0.035      0.002     -0.024      0.036     -0.020     -0.018      0.025     -0.007      0.009     -0.020     -0.010     -0.035      0.072     -0.043     -0.023     -0.002     -0.022      0.032     -0.004     -0.016      0.008      0.004     -0.038     -0.041     -0.081     -0.024      0.009     -0.007     -0.054      0.006      0.005      0.015      0.045      0.033      0.041      0.058      0.044     -0.589     -0.121      0.001      0.000     -0.001     -0.002      0.000      0.000      0.000     -0.001      0.007
    -0.016      0.009     -0.033     -0.026      0.028     -0.038     -0.042     -0.008      0.010     -0.036      0.017      0.022     -0.005      0.008     -0.018      0.021      0.008      0.043     -0.076      0.025      0.004     -0.010      0.028     -0.020      0.012      0.018      0.002     -0.005      0.034      0.013      0.060      0.024     -0.019      0.008      0.053     -0.018     -0.027     -0.024     -0.057     -0.020     -0.042     -0.044     -0.042      0.410      0.098     -0.907      0.000      0.000      0.000      0.000      0.000      0.000      0.000     -0.001
    -0.038      0.006     -0.032      0.059     -0.019     -0.023      0.001      0.023     -0.026     -0.078     -0.059      0.031     -0.029     -0.005      0.016     -0.017      0.048      0.010     -0.046     -0.005     -0.012      0.029     -0.007     -0.018      0.020     -0.008     -0.022      0.004      0.091      0.157      0.062     -0.025     -0.037     -0.045     -0.001     -0.015     -0.039     -0.084     -0.010     -0.066     -0.055     -0.071      0.038      0.290      0.148     -0.251      0.213      0.022      0.008     -0.010      0.000      0.004      0.001      0.039
    -0.013     -0.017     -0.042      0.009      0.030      0.058      0.015      0.010      0.015     -0.045     -0.017     -0.016      0.004      0.008     -0.010      0.040      0.028      0.023     -0.011     -0.025     -0.008      0.030     -0.019     -0.061      0.032     -0.039     -0.005     -0.021      0.010      0.108      0.054      0.047      0.055     -0.014      0.066      0.023      0.012      0.054      0.042      0.006      0.018      0.054     -0.055      0.214      0.239     -0.096      0.036      0.060      0.844     -0.004      0.000     -0.008     -0.003     -0.287
     0.000     -0.032      0.066     -0.034      0.020      0.015     -0.025      0.044      0.024      0.015     -0.005     -0.037     -0.011     -0.008      0.001      0.050     -0.040      0.030      0.000      0.011      0.037     -0.049     -0.009     -0.013     -0.001      0.032      0.016      0.056     -0.062     -0.074     -0.075     -0.004      0.048      0.050      0.001      0.019      0.007      0.040     -0.022      0.014      0.052     -0.064      0.043     -0.131     -0.042     -0.099      0.009     -0.399     -0.026      0.031      0.000      0.001     -0.002     -0.027
     0.021      0.060     -0.035     -0.058      0.019      0.006     -0.021     -0.073     -0.013      0.014      0.076      0.017     -0.027     -0.020     -0.005     -0.029      0.025      0.002     -0.033      0.003      0.007      0.051     -0.001      0.000      0.017      0.041     -0.035     -0.050      0.081      0.049      0.105      0.014     -0.067      0.002      0.037      0.008      0.054     -0.002     -0.020     -0.008     -0.027      0.017     -0.096      0.403      0.121     -0.372      0.227     -0.007      0.100     -0.278      0.000      0.000      0.000      0.000
     0.003     -0.019      0.001      0.077     -0.047      0.010     -0.018      0.058      0.026      0.024      0.030     -0.018     -0.029     -0.031     -0.020     -0.044     -0.030     -0.007      0.039      0.002     -0.025     -0.047     -0.027     -0.030     -0.023      0.026      0.017     -0.084     -0.024     -0.021     -0.049      0.052     -0.031      0.036     -0.028     -0.002      0.071     -0.022     -0.005      0.038     -0.026     -0.041     -0.023     -0.038     -0.049      0.010      0.008      0.148     -0.045      0.016      0.052      0.038      0.000     -0.002
    -0.007     -0.040     -0.036     -0.003     -0.003     -0.038      0.044     -0.013      0.044     -0.044     -0.009     -0.075      0.003      0.024      0.005      0.007     -0.002     -0.007      0.033      0.049      0.008     -0.023      0.056     -0.056     -0.035     -0.035     -0.010     -0.021     -0.061     -0.063      0.005      0.095      0.016     -0.006      0.021      0.010     -0.058     -0.008     -0.002      0.008     -0.030      0.003      0.029      0.091     -0.264     -0.249      0.187      0.078     -0.036     -0.121      0.030     -0.014      0.009     -0.027
     0.004      0.077     -0.038     -0.037     -0.012     -0.003     -0.044      0.014     -0.021      0.000     -0.040     -0.005     -0.034     -0.036     -0.020     -0.031     -0.075      0.014     -0.026     -0.006      0.007     -0.053      0.030     -0.058     -0.039      0.095      0.030      0.018      0.168      0.074      0.030      0.005      0.007     -0.037     -0.003     -0.001      0.005     -0.012     -0.024     -0.074     -0.004      0.015      0.076     -0.110     -0.239      0.084     -0.048      0.093     -0.109     -0.054     -0.025     -0.003     -0.099      8.308

Derivative matrix of expected statistics X by parameters and
covariance/correlation matrix of X can be found using
summary(ans) within R, or by using the 'verbose' option in Siena07.
 
Total computation time 836.24 seconds.
