

-----------------------------------
New Analysis started.
Date and time: 20/09/2026 16:08:53
New results follow.
-----------------------------------

RSiena version 1.3.10 (28 Apr 22)


@1
Estimation by stochastic approximation algorithm.
=================================================

Current random number seed is 12346.
Effects object used: effs 
Model Type:
 Initiative model
Behavioral Model Type:
 Standard behavior actor-oriented model ('restrict')
Estimation method: unconditional moment estimation
.

Time duration for simulations in each period is 1.0.
Changing composition.
Joiners/leavers option: 1
Standard errors are estimated with the likelihood ratio method.
Dolby method (regression on scores) is used.
Initial value of gain parameter is  0.2000000.
Reduction factor for gain parameter is  0.5000000.
Number of subphases in Phase 2 is 3.

Initial parameter values are 
  1. rate:  constant dv.net rate (period 1)                 0.0452
  2. rate:  constant dv.net rate (period 2)                 0.1485
  3. rate:  constant dv.net rate (period 3)                 0.4543
  4. rate:  constant dv.net rate (period 4)                 0.3588
  5. rate:  constant dv.net rate (period 5)                 0.3332
  6. rate:  constant dv.net rate (period 6)                 0.3309
  7. rate:  constant dv.net rate (period 7)                 0.4084
  8. rate:  constant dv.net rate (period 8)                 0.3125
  9. rate:  constant dv.net rate (period 9)                 0.3274
 10. rate:  constant dv.net rate (period 10)                0.2751
 11. rate:  constant dv.net rate (period 11)                0.3109
 12. rate:  constant dv.net rate (period 12)                0.4360
 13. rate:  constant dv.net rate (period 13)                0.3585
 14. rate:  constant dv.net rate (period 14)                0.3245
 15. rate:  constant dv.net rate (period 15)                0.2876
 16. eval:  degree (density)                               -6.0833
 17. eval:  transitive triads                               0.2379
 18. eval:  degree act+pop                                  0.0687
 19. eval:  nets.lndistance_d                              -1.0100
 20. eval:  nets.ATOP_d                                     1.1686
 21. eval:  nets.absidealdiff_d                            -0.6621
 22. eval:  nets.lntrade_d                                  0.0572
 23. eval:  nets.NATO_d                                    -3.5440
 24. eval:  milex.beh alter                                -0.0643
 25. eval:  beh.democracy_1 alter                           1.6310
 26. eval:  beh.lncinc_1 alter                              0.8335
 27. rate:  rate milex.beh (period 1)                       0.9320
 28. rate:  rate milex.beh (period 2)                       1.3108
 29. rate:  rate milex.beh (period 3)                       1.3602
 30. rate:  rate milex.beh (period 4)                       1.1972
 31. rate:  rate milex.beh (period 5)                       0.7036
 32. rate:  rate milex.beh (period 6)                       0.5737
 33. rate:  rate milex.beh (period 7)                       0.4796
 34. rate:  rate milex.beh (period 8)                       0.5321
 35. rate:  rate milex.beh (period 9)                       0.3820
 36. rate:  rate milex.beh (period 10)                      1.7891
 37. rate:  rate milex.beh (period 11)                      0.5962
 38. rate:  rate milex.beh (period 12)                      1.3782
 39. rate:  rate milex.beh (period 13)                      0.3292
 40. rate:  rate milex.beh (period 14)                      0.3028
 41. rate:  rate milex.beh (period 15)                      1.1102
 42. eval:  milex.beh linear shape                         -1.1818
 43. eval:  milex.beh quadratic shape                      -0.0286
 44. eval:  milex.beh degree                                0.0931
 45. eval:  milex.beh dense triads                         -0.0279
 46. eval:  milex.beh: effect from beh.democracy_1         -0.4989
 47. eval:  milex.beh: effect from beh.GDPgrowth_1         -2.6756
 48. eval:  milex.beh: effect from beh.nato_1               0.9234
 49. eval:  milex.beh: effect from beh.allies_1            -0.0117
 50. eval:  milex.beh: effect from beh.military_1           0.2665
 51. eval:  milex.beh: effect from beh.lnmids_1             0.1875
 52. eval:  milex.beh: effect from beh.milexSpLag_1         7.5302


Observed values of target statistics are
  1. Amount of network change in period 1                                10.0000
  2. Amount of network change in period 2                                34.0000
  3. Amount of network change in period 3                                86.0000
  4. Amount of network change in period 4                                94.0000
  5. Amount of network change in period 5                                76.0000
  6. Amount of network change in period 6                                76.0000
  7. Amount of network change in period 7                                94.0000
  8. Amount of network change in period 8                                78.0000
  9. Amount of network change in period 9                                84.0000
 10. Amount of network change in period 10                               72.0000
 11. Amount of network change in period 11                               84.0000
 12. Amount of network change in period 12                              114.0000
 13. Amount of network change in period 13                               94.0000
 14. Amount of network change in period 14                               88.0000
 15. Amount of network change in period 15                               80.0000
 16. Number of edges                                                   3807.0000
 17. Number of transitive triads                                       5072.0000
 18. Sum of squared degrees                                            226964.0000
 19. Sum of ties x nets.lndistance_d                                   -8010.2838
 20. Sum of ties x nets.ATOP_d                                         4481.4695
 21. Sum of ties x nets.absidealdiff_d                                 -2131.1065
 22. Sum of ties x nets.lntrade_d                                      27161.2288
 23. Sum of ties x nets.NATO_d                                          722.5164
 24. Sum of degrees x milex.beh                                         140.6170
 25. Sum of degrees x beh.democracy_1                                  2231.9215
 26. Sum of degrees x beh.lncinc_1                                     9867.9263
 27. Amount of behavioral change in period 1 on milex.beh                41.0000
 28. Amount of behavioral change in period 2 on milex.beh                50.0000
 29. Amount of behavioral change in period 3 on milex.beh                57.0000
 30. Amount of behavioral change in period 4 on milex.beh                52.0000
 31. Amount of behavioral change in period 5 on milex.beh                37.0000
 32. Amount of behavioral change in period 6 on milex.beh                32.0000
 33. Amount of behavioral change in period 7 on milex.beh                28.0000
 34. Amount of behavioral change in period 8 on milex.beh                31.0000
 35. Amount of behavioral change in period 9 on milex.beh                24.0000
 36. Amount of behavioral change in period 10 on milex.beh               71.0000
 37. Amount of behavioral change in period 11 on milex.beh               34.0000
 38. Amount of behavioral change in period 12 on milex.beh               55.0000
 39. Amount of behavioral change in period 13 on milex.beh               18.0000
 40. Amount of behavioral change in period 14 on milex.beh               17.0000
 41. Amount of behavioral change in period 15 on milex.beh               48.0000
 42. milex.beh centered sum                                             -61.3312
 43. milex.beh sum of cent. squares                                    5434.8003
 44. milex.beh outdegrees                                              -248.5092
 45. milex.beh dense triads                                            -2289.8418
 46. milex.beh x beh.democracy_1                                       -368.4695
 47. milex.beh x beh.GDPgrowth_1                                          1.9322
 48. milex.beh x beh.nato_1                                              32.8368
 49. milex.beh x beh.allies_1                                          -2822.0961
 50. milex.beh x beh.military_1                                         116.6277
 51. milex.beh x beh.lnmids_1                                           538.3189
 52. milex.beh x beh.milexSpLag_1                                        22.7209

 52 parameters, 52 statistics

Estimation of derivatives by the LR method (type 1).


@2
End of stochastic approximation algorithm, phase 3.
---------------------------------------------------

Total of 3057 iterations.
Parameter estimates based on 2057 iterations,
convergence diagnostics, covariance and derivative matrices based on 1000 iterations.

Information for convergence diagnosis.
Averages, standard deviations, and t-ratios for deviations from targets:
  1.  -0.0380    4.3669  -0.0087 
  2.   0.0980    8.3948   0.0117 
  3.   0.1800   12.3291   0.0146 
  4.  -0.4700   13.9557  -0.0337 
  5.  -0.3520   12.2086  -0.0288 
  6.   0.4460   12.1843   0.0366 
  7.   0.5220   13.1454   0.0397 
  8.   0.0020   12.2122   0.0002 
  9.   0.3260   12.1176   0.0269 
 10.   0.4800   12.2127   0.0393 
 11.   0.3660   12.7106   0.0288 
 12.   0.7200   14.1544   0.0509 
 13.  -0.3260   14.0650  -0.0232 
 14.  -0.2280   12.3909  -0.0184 
 15.   0.1560   12.7286   0.0123 
 16.   0.0890   24.0712   0.0037 
 17.  -3.0690   78.8172  -0.0389 
 18. -75.7960 2381.5485  -0.0318 
 19.   0.5394   63.8834   0.0084 
 20.  -0.4938   28.7398  -0.0172 
 21.   1.7236   41.7107   0.0413 
 22. -12.6070  177.2728  -0.0711 
 23.  -0.8301    8.4724  -0.0980 
 24.   2.1481   51.4990   0.0417 
 25.  -1.7700   17.3321  -0.1021 
 26.  -1.8193   78.8993  -0.0231 
 27.  -0.2250    5.7083  -0.0394 
 28.   0.1610    6.0332   0.0267 
 29.  -0.3920    6.4565  -0.0607 
 30.  -0.0760    6.6456  -0.0114 
 31.  -0.0980    5.3191  -0.0184 
 32.   0.0250    5.2299   0.0048 
 33.  -0.1030    4.8330  -0.0213 
 34.   0.2880    5.1107   0.0564 
 35.   0.0270    4.6437   0.0058 
 36.   0.3980    7.0390   0.0565 
 37.  -0.3660    5.2786  -0.0693 
 38.   0.3650    6.0881   0.0600 
 39.   0.0520    3.9455   0.0132 
 40.   0.2140    3.9486   0.0542 
 41.  -0.3090    5.9462  -0.0520 
 42.  -0.6170   23.6725  -0.0261 
 43.   0.3264   92.4257   0.0035 
 44.  -8.7100  157.9897  -0.0551 
 45. -19.6780  413.0057  -0.0476 
 46.   0.1059   12.4309   0.0085 
 47.  -0.0847    2.1798  -0.0388 
 48.  -0.4913    9.1144  -0.0539 
 49. -26.4975  460.7793  -0.0575 
 50.  -0.1222    6.5012  -0.0188 
 51.  -0.2814   15.1787  -0.0185 
 52.   0.0049    0.5180   0.0095 

Good convergence is indicated by the t-ratios being close to zero.

Overall maximum convergence ratio =  0.2975 .



@2
Estimation Results.
-------------------

Regular end of estimation algorithm.
Total of 3057 iteration steps.


@3
Estimates and standard errors
                             
Network Dynamics
 1. rate:  constant dv.net rate (period 1)                         0.0504  (   0.0234)
 2. rate:  constant dv.net rate (period 2)                         0.1475  (   0.0353)
 3. rate:  constant dv.net rate (period 3)                         0.4469  (   0.0840)
 4. rate:  constant dv.net rate (period 4)                         0.3590  (   0.0538)
 5. rate:  constant dv.net rate (period 5)                         0.3285  (   0.0574)
 6. rate:  constant dv.net rate (period 6)                         0.3234  (   0.0561)
 7. rate:  constant dv.net rate (period 7)                         0.4003  (   0.0646)
 8. rate:  constant dv.net rate (period 8)                         0.3079  (   0.0526)
 9. rate:  constant dv.net rate (period 9)                         0.3267  (   0.0560)
10. rate:  constant dv.net rate (period 10)                        0.2768  (   0.0487)
11. rate:  constant dv.net rate (period 11)                        0.3216  (   0.0512)
12. rate:  constant dv.net rate (period 12)                        0.4419  (   0.0639)
13. rate:  constant dv.net rate (period 13)                        0.3489  (   0.0489)
14. rate:  constant dv.net rate (period 14)                        0.3201  (   0.0545)
15. rate:  constant dv.net rate (period 15)                        0.2869  (   0.0468)
16. eval:  degree (density)                                       -6.1002  (   0.2975)
17. eval:  transitive triads                                       0.2432  (   0.0779)
18. eval:  degree act+pop                                          0.0684  (   0.0069)
19. eval:  nets.lndistance_d                                      -1.0164  (   0.0909)
20. eval:  nets.ATOP_d                                             1.1736  (   0.1580)
21. eval:  nets.absidealdiff_d                                    -0.6650  (   0.0859)
22. eval:  nets.lntrade_d                                          0.0549  (   0.0372)
23. eval:  nets.NATO_d                                            -3.5828  (   0.4525)
24. eval:  milex.beh alter                                        -0.0613  (   0.0616)
25. eval:  beh.democracy_1 alter                                   1.6535  (   0.3296)
26. eval:  beh.lncinc_1 alter                                      0.8395  (   0.0862)
Behavior Dynamics

27. rate:  rate milex.beh (period 1)                               0.9305  (   0.1833)
28. rate:  rate milex.beh (period 2)                               1.3141  (   0.2780)
29. rate:  rate milex.beh (period 3)                               1.3562  (   0.2324)
30. rate:  rate milex.beh (period 4)                               1.1890  (   0.1870)
31. rate:  rate milex.beh (period 5)                               0.7019  (   0.1563)
32. rate:  rate milex.beh (period 6)                               0.5782  (   0.1209)
33. rate:  rate milex.beh (period 7)                               0.4801  (   0.0987)
34. rate:  rate milex.beh (period 8)                               0.5359  (   0.1056)
35. rate:  rate milex.beh (period 9)                               0.3797  (   0.0773)
36. rate:  rate milex.beh (period 10)                              1.8233  (   0.3204)
37. rate:  rate milex.beh (period 11)                              0.5932  (   0.1137)
38. rate:  rate milex.beh (period 12)                              1.3722  (   0.2689)
39. rate:  rate milex.beh (period 13)                              0.3316  (   0.0804)
40. rate:  rate milex.beh (period 14)                              0.3031  (   0.0769)
41. rate:  rate milex.beh (period 15)                              1.1053  (   0.2003)
42. eval:  milex.beh linear shape                                 -1.1846  (   0.0832)
43. eval:  milex.beh quadratic shape                              -0.0295  (   0.0237)
44. eval:  milex.beh degree                                        0.0955  (   0.0277)
45. eval:  milex.beh dense triads                                 -0.0289  (   0.0105)
46. eval:  milex.beh: effect from beh.democracy_1                 -0.4986  (   0.1510)
47. eval:  milex.beh: effect from beh.GDPgrowth_1                 -2.6783  (   0.9945)
48. eval:  milex.beh: effect from beh.nato_1                       0.9208  (   0.1843)
49. eval:  milex.beh: effect from beh.allies_1                    -0.0117  (   0.0039)
50. eval:  milex.beh: effect from beh.military_1                   0.2590  (   0.1994)
51. eval:  milex.beh: effect from beh.lnmids_1                     0.1860  (   0.0947)
52. eval:  milex.beh: effect from beh.milexSpLag_1                 7.6082  (   3.0071)


@3
Covariance matrices
                   
Covariance matrix of estimates (correlations below diagonal):
     0.001      0.000      0.000      0.000      0.000      0.000      0.000      0.000      0.000      0.000      0.000      0.000      0.000      0.000      0.000      0.000      0.000      0.000      0.000      0.000      0.000      0.000      0.000      0.000      0.000      0.000      0.000      0.000      0.000      0.000      0.000      0.000      0.000      0.000      0.000      0.000      0.000      0.000      0.000      0.000      0.000      0.000      0.000      0.000      0.000      0.000     -0.001      0.000      0.000      0.000      0.000      0.002
     0.019      0.001      0.000      0.000      0.000      0.000      0.000      0.000      0.000      0.000      0.000      0.000      0.000      0.000      0.000     -0.001      0.000      0.000      0.000      0.000      0.000      0.000      0.000      0.000      0.000      0.000      0.000     -0.001      0.000      0.000      0.000      0.000      0.000      0.000      0.000      0.000      0.000      0.000      0.000      0.000      0.000      0.000      0.000      0.000      0.000      0.000      0.002      0.000      0.000      0.000      0.000      0.000
     0.059     -0.026      0.007      0.000      0.000      0.000      0.001      0.000      0.000      0.000      0.000      0.000      0.000      0.000      0.000     -0.001      0.000      0.000      0.001      0.000      0.000      0.001      0.002      0.000     -0.002     -0.001      0.001      0.001      0.001      0.000      0.000      0.001      0.000      0.000      0.000      0.001     -0.001      0.000      0.000      0.000      0.000      0.000      0.000      0.000      0.000      0.000     -0.007      0.000      0.000      0.000     -0.001     -0.007
     0.046      0.014      0.020      0.003      0.000      0.000      0.000      0.000      0.000      0.000      0.000      0.000      0.000      0.000      0.000     -0.002      0.000      0.000      0.000      0.000      0.000      0.000     -0.001      0.000     -0.001      0.000      0.000      0.001     -0.001      0.000      0.000      0.000      0.000      0.000      0.000      0.000      0.000      0.001      0.000      0.000      0.001      0.000      0.000      0.000      0.000      0.000      0.000      0.000      0.000      0.001      0.000      0.001
     0.034      0.057      0.037      0.016      0.003      0.000      0.000      0.000      0.000      0.000      0.000      0.000      0.000      0.000      0.000     -0.001      0.000      0.000      0.000      0.000      0.000      0.000      0.000      0.000     -0.002      0.000      0.000      0.001      0.000      0.000      0.000      0.000      0.000      0.000      0.000      0.000      0.000      0.000      0.000      0.000      0.000      0.000      0.000      0.000      0.000      0.000      0.000      0.000      0.000      0.000      0.000     -0.006
     0.003      0.048     -0.004      0.032     -0.023      0.003      0.000      0.000      0.000      0.000      0.000      0.000      0.000      0.000      0.000      0.000      0.000      0.000      0.000     -0.001      0.000      0.000      0.002      0.000     -0.001      0.000      0.000      0.001      0.000      0.000      0.000      0.000      0.000      0.000      0.000      0.000      0.000      0.000      0.000      0.000      0.000      0.000      0.000      0.000      0.000      0.000      0.002      0.000      0.000      0.001      0.000     -0.001
     0.051     -0.006      0.093      0.017      0.033      0.025      0.004      0.000      0.000      0.000      0.000      0.000      0.000      0.000      0.000     -0.002      0.000      0.000      0.000      0.000      0.000      0.000     -0.001      0.000      0.000      0.000      0.000      0.001      0.000      0.000      0.000      0.000      0.000      0.000      0.000      0.001      0.000     -0.001      0.000      0.000      0.000      0.000      0.000      0.000      0.000      0.000      0.000      0.000      0.000      0.000      0.000     -0.006
     0.007      0.001      0.083      0.060      0.075     -0.013      0.033      0.003      0.000      0.000      0.000      0.000      0.000      0.000      0.000      0.000      0.000      0.000      0.000      0.000      0.000      0.000      0.000      0.000     -0.001      0.000      0.000     -0.001      0.000      0.000      0.000      0.000      0.000      0.000      0.000      0.001      0.000      0.000      0.000      0.000      0.000      0.000      0.000      0.000      0.000      0.000      0.001     -0.001      0.000      0.000      0.000      0.002
    -0.020      0.009     -0.015      0.040     -0.009     -0.007      0.022      0.056      0.003      0.000      0.000      0.000      0.000      0.000      0.000      0.000      0.000      0.000      0.000      0.000      0.000      0.000      0.001      0.000      0.000      0.000      0.000      0.000      0.000      0.000      0.000      0.000      0.000      0.000      0.000      0.000      0.000      0.000      0.000      0.000      0.000      0.000      0.000      0.000      0.000      0.000     -0.002      0.000      0.000      0.000      0.000     -0.001
    -0.016     -0.008      0.025      0.038      0.000     -0.069     -0.014     -0.057     -0.008      0.002      0.000      0.000      0.000      0.000      0.000      0.000      0.000      0.000      0.000      0.000      0.000      0.000      0.001      0.000      0.000      0.000      0.000      0.000      0.000      0.000      0.000      0.000      0.000      0.000      0.000      0.002      0.000      0.000      0.000      0.000      0.000      0.000      0.000      0.000      0.000      0.000     -0.004      0.000      0.000      0.000      0.000      0.002
    -0.022     -0.029      0.014      0.015     -0.006      0.011      0.024      0.037     -0.001     -0.061      0.003      0.000      0.000      0.000      0.000      0.000      0.000      0.000      0.000      0.000      0.000      0.000      0.000      0.000     -0.001      0.000     -0.001      0.001     -0.001      0.000      0.000      0.000      0.000      0.000      0.000      0.001      0.000      0.000      0.000      0.000      0.000      0.000      0.000      0.000      0.000      0.000      0.000      0.000      0.000     -0.001      0.000     -0.008
     0.054     -0.054      0.001     -0.008     -0.042     -0.004     -0.012      0.020      0.038      0.014      0.045      0.004      0.000      0.000      0.000      0.001      0.000      0.000      0.000      0.000      0.000      0.000      0.002      0.000     -0.001      0.000      0.001      0.001      0.000      0.000      0.000      0.000      0.000      0.000      0.000      0.000      0.000     -0.001      0.000      0.000      0.001      0.000      0.000      0.000      0.000      0.001      0.002      0.000      0.000      0.000      0.000     -0.007
    -0.005      0.002      0.024      0.020      0.016     -0.051      0.024      0.021      0.010      0.013     -0.023      0.034      0.002      0.000      0.000     -0.001      0.000      0.000      0.000      0.000      0.000      0.000      0.000      0.000      0.000      0.000      0.000      0.000      0.000      0.000      0.000      0.000      0.000      0.000      0.000      0.000     -0.001      0.001      0.000      0.000      0.000      0.000      0.000      0.000      0.000      0.000      0.001      0.000      0.000      0.000      0.000     -0.004
    -0.062      0.005      0.053      0.028      0.018      0.051      0.077     -0.025      0.025      0.025      0.001      0.029      0.066      0.003      0.000      0.001      0.000      0.000      0.000      0.000      0.000      0.000      0.001      0.000     -0.002      0.000      0.000      0.001      0.000      0.000      0.000      0.000      0.000      0.000      0.000      0.001      0.000      0.000      0.000      0.000     -0.001      0.000      0.000      0.000      0.000      0.001      0.002      0.000      0.000      0.000      0.000      0.001
     0.008      0.016     -0.026      0.004      0.023      0.031     -0.014      0.045     -0.026     -0.010      0.025     -0.020      0.003     -0.014      0.002      0.000      0.000      0.000      0.000      0.000      0.000      0.000      0.001      0.000     -0.001      0.000      0.000      0.000      0.001      0.000      0.000      0.000      0.000      0.000      0.000      0.000      0.000      0.000      0.000      0.000      0.000      0.000      0.000      0.000      0.000      0.000     -0.001      0.000      0.000      0.000      0.000      0.002
    -0.043     -0.091     -0.048     -0.118     -0.055     -0.010     -0.107     -0.022     -0.005      0.013      0.018      0.063     -0.036      0.035     -0.007      0.089     -0.008      0.000      0.013     -0.011      0.011      0.001      0.045      0.003     -0.043     -0.016      0.004      0.003      0.001      0.001     -0.001      0.000      0.000      0.000     -0.001     -0.005      0.001      0.005      0.001     -0.001     -0.001     -0.002      0.000      0.000      0.000     -0.002      0.006      0.001      0.000     -0.002     -0.001      0.020
     0.003      0.041     -0.056      0.005     -0.017      0.003      0.026     -0.004      0.038     -0.033     -0.068     -0.070      0.038     -0.026      0.001     -0.349      0.006      0.000     -0.002      0.000     -0.001      0.000     -0.014      0.001      0.008      0.003      0.000      0.000      0.001      0.000      0.000      0.000      0.000      0.001      0.000      0.000      0.000      0.000      0.000      0.000      0.000      0.000      0.000      0.000      0.000      0.000     -0.002      0.001      0.000      0.000      0.000     -0.005
     0.086      0.071      0.164      0.138      0.134      0.073      0.062      0.016     -0.013     -0.004      0.081      0.001     -0.008     -0.016      0.019     -0.199     -0.496      0.000      0.000      0.000      0.000      0.000      0.000      0.000     -0.001      0.000      0.000      0.000      0.000      0.000      0.000      0.000      0.000      0.000      0.000      0.000      0.000      0.000      0.000      0.000      0.000      0.000      0.000      0.000      0.000      0.000      0.000      0.000      0.000      0.000      0.000      0.000
     0.087     -0.002      0.143      0.006      0.075      0.039      0.041      0.067      0.050      0.064      0.030      0.084      0.001      0.074      0.011      0.476     -0.259      0.137      0.008      0.001      0.001      0.002      0.009      0.000     -0.010     -0.005      0.001      0.001     -0.001      0.001      0.000      0.000      0.000      0.000      0.000      0.000      0.000      0.000     -0.001      0.000      0.000      0.000      0.000      0.000      0.000      0.000      0.000      0.000      0.000      0.000      0.000      0.002
    -0.043     -0.020     -0.016     -0.024     -0.020     -0.065      0.014     -0.022     -0.049     -0.018     -0.018     -0.044     -0.021     -0.005     -0.058     -0.228     -0.003     -0.032      0.049      0.025      0.000     -0.001     -0.015     -0.001      0.019      0.003      0.000     -0.004      0.001      0.000      0.001     -0.001      0.000      0.000      0.000      0.002     -0.001      0.002      0.000      0.000      0.001      0.000      0.000      0.000      0.000      0.001      0.007      0.000      0.000      0.001      0.000     -0.005
     0.001     -0.022      0.019      0.029     -0.003      0.074     -0.041      0.010     -0.048      0.035     -0.009      0.018     -0.011      0.021      0.042      0.438     -0.188     -0.001      0.164      0.010      0.007      0.000      0.010     -0.001     -0.009     -0.003      0.000      0.001      0.001      0.000      0.000      0.000      0.000     -0.001      0.000      0.000      0.000      0.001      0.000      0.000      0.001      0.000      0.000      0.000      0.000      0.000      0.003     -0.001      0.000      0.000      0.000      0.012
     0.104      0.055      0.187      0.053      0.063      0.070      0.056      0.086      0.031      0.061      0.011      0.018     -0.004      0.011      0.005      0.056     -0.113      0.234      0.494     -0.233     -0.065      0.001      0.000      0.000     -0.002     -0.002      0.000      0.000     -0.001      0.000      0.000      0.000      0.000      0.000      0.000      0.000      0.000      0.000      0.000      0.000      0.000      0.000      0.000      0.000      0.000      0.000     -0.001      0.000      0.000      0.000      0.000     -0.005
     0.023      0.005      0.054     -0.036      0.011      0.080     -0.030     -0.002      0.035      0.031      0.008      0.079      0.022      0.058      0.056      0.335     -0.403      0.097      0.225     -0.214      0.264     -0.022      0.205     -0.002     -0.056     -0.009      0.003      0.001      0.000      0.001      0.000      0.000      0.000     -0.001      0.001     -0.002      0.001      0.006      0.001     -0.001      0.001     -0.002      0.000      0.001      0.000     -0.001     -0.023      0.000      0.000      0.001      0.000      0.080
    -0.060     -0.031     -0.052     -0.034     -0.045     -0.033     -0.052      0.016      0.102     -0.004     -0.058      0.031      0.027      0.041     -0.031      0.165      0.121     -0.318     -0.018     -0.103     -0.249      0.046     -0.078      0.004      0.005     -0.001      0.001      0.000      0.000      0.000      0.000      0.000      0.000      0.000      0.000      0.000      0.000      0.000      0.000      0.000      0.000      0.000      0.000      0.000      0.000      0.000     -0.003      0.001      0.000      0.000      0.000     -0.004
    -0.046      0.004     -0.080     -0.036     -0.103     -0.066      0.013     -0.040     -0.010     -0.019     -0.067     -0.068     -0.005     -0.087     -0.045     -0.436      0.316     -0.305     -0.343      0.370     -0.301     -0.141     -0.379      0.241      0.109      0.008     -0.003     -0.004      0.004      0.000      0.003     -0.001     -0.001     -0.001      0.000      0.004      0.000     -0.001      0.000      0.000     -0.001      0.003      0.000     -0.001      0.000      0.001      0.024      0.003      0.000      0.004     -0.001     -0.009
    -0.057      0.000     -0.173     -0.034     -0.064     -0.073     -0.006     -0.061     -0.040     -0.063     -0.036     -0.086      0.018     -0.034     -0.039     -0.623      0.390     -0.278     -0.646      0.186     -0.363     -0.565     -0.237     -0.157      0.266      0.007     -0.001     -0.001      0.001      0.000      0.000      0.000      0.000      0.000      0.000      0.001      0.000      0.000      0.000      0.000     -0.001      0.000      0.000      0.000      0.000      0.000      0.000      0.000      0.000      0.000      0.000     -0.001
     0.041      0.018      0.042     -0.047      0.014      0.048      0.004      0.006      0.016     -0.002     -0.066      0.046      0.033      0.027     -0.025      0.071     -0.019      0.007      0.082     -0.009      0.014      0.042      0.041      0.062     -0.057     -0.071      0.034      0.000      0.002      0.001      0.001      0.001      0.002      0.000     -0.001     -0.002     -0.001      0.002      0.000      0.000      0.000      0.000      0.001      0.000      0.000      0.004      0.015     -0.004      0.000      0.002      0.001      0.003
     0.009     -0.080      0.034      0.073      0.057      0.085      0.030     -0.072     -0.007     -0.034      0.036      0.036      0.034      0.051     -0.017      0.041     -0.018      0.033      0.033     -0.081      0.055      0.022      0.011     -0.024     -0.048     -0.060      0.007      0.077      0.001      0.000      0.000      0.000      0.000      0.000      0.000      0.000      0.002     -0.001     -0.001      0.000      0.002      0.001      0.000      0.000      0.000      0.005      0.021     -0.007      0.000      0.000      0.000      0.074
    -0.045      0.019      0.027     -0.046     -0.027     -0.032      0.009      0.012     -0.024     -0.012     -0.044      0.004     -0.016      0.004      0.052      0.009      0.066     -0.095     -0.056      0.038      0.028     -0.099     -0.002     -0.011      0.050      0.073      0.037      0.008      0.054      0.003     -0.001      0.002     -0.001      0.000      0.000     -0.004      0.000     -0.001      0.000      0.000     -0.001      0.002      0.001      0.000      0.000      0.003      0.021      0.000      0.000     -0.002      0.000      0.008
     0.032      0.044     -0.016     -0.035     -0.012     -0.019      0.032     -0.024     -0.024     -0.020      0.001      0.028     -0.023      0.004      0.016      0.021     -0.011     -0.017      0.051     -0.005      0.002      0.009      0.008     -0.039      0.000      0.002      0.018      0.008      0.076      0.035      0.000      0.000     -0.001      0.000      0.000     -0.002      0.000      0.001      0.001      0.000      0.000      0.000      0.001      0.000      0.000      0.000      0.021      0.000      0.000      0.000      0.000      0.014
    -0.009      0.082      0.000      0.022      0.002      0.021      0.016     -0.008      0.008      0.010     -0.014     -0.025     -0.038      0.011     -0.003     -0.017      0.024     -0.037     -0.008      0.031     -0.004      0.018      0.001     -0.013      0.058     -0.015      0.042     -0.003     -0.039      0.012      0.024      0.000      0.000      0.001      0.000      0.000      0.000      0.000      0.000     -0.001      0.002     -0.001      0.000      0.000      0.000     -0.001      0.016      0.003      0.000      0.001      0.001     -0.025
     0.019      0.016      0.077      0.021     -0.031      0.011      0.046      0.053     -0.011     -0.022      0.049      0.019      0.004      0.000     -0.033     -0.009     -0.027      0.047      0.021     -0.050     -0.025      0.051     -0.002     -0.061     -0.034     -0.028      0.023     -0.010      0.064      0.016      0.007      0.015      0.000      0.000      0.000      0.001      0.000     -0.001      0.000      0.000     -0.001      0.000      0.000      0.000      0.000      0.000     -0.006      0.000      0.000      0.000      0.000     -0.033
     0.014      0.052     -0.028     -0.012      0.002      0.007     -0.006     -0.010      0.027      0.049      0.061     -0.011      0.014      0.019      0.049     -0.008     -0.004      0.037      0.034      0.013     -0.019      0.029     -0.009     -0.017     -0.033     -0.005      0.094     -0.001     -0.034     -0.070      0.010      0.027      0.010      0.000      0.000      0.000      0.000      0.000      0.000      0.000      0.000     -0.001      0.000      0.000      0.000      0.001     -0.004      0.000      0.000      0.000      0.001      0.008
     0.025      0.033     -0.002      0.024     -0.007     -0.021      0.002      0.076      0.038      0.012     -0.025      0.000     -0.038     -0.025     -0.005     -0.007      0.065     -0.030      0.019     -0.013     -0.069     -0.038     -0.018     -0.038     -0.029      0.041     -0.010     -0.016      0.002      0.023      0.066      0.006     -0.040      0.011      0.000      0.001      0.000     -0.001      0.000      0.000      0.000      0.000      0.000      0.000      0.000     -0.001      0.002      0.000      0.000     -0.001      0.000      0.001
    -0.033     -0.008     -0.011      0.036      0.011     -0.020      0.022     -0.022     -0.026     -0.017      0.043      0.021     -0.011      0.007      0.030     -0.026     -0.031      0.043     -0.053     -0.005      0.008     -0.003      0.019     -0.044      0.009      0.019     -0.054      0.018     -0.025     -0.007     -0.031     -0.021      0.032     -0.011      0.006      0.000     -0.001      0.000      0.000      0.000     -0.001      0.000      0.000      0.000      0.000      0.000      0.002      0.001      0.000      0.000      0.000     -0.010
    -0.033     -0.020      0.022     -0.001      0.012     -0.008      0.035      0.039      0.024      0.124      0.039     -0.003      0.022      0.068     -0.014     -0.051      0.016     -0.025      0.016      0.034      0.016     -0.042     -0.012     -0.020      0.038      0.050     -0.034     -0.002     -0.054     -0.034      0.007      0.027      0.009      0.030     -0.011      0.103      0.000      0.002     -0.001      0.000     -0.004      0.001      0.001      0.000      0.000      0.000      0.007     -0.004      0.000      0.006      0.001     -0.015
     0.002      0.008     -0.071     -0.009     -0.031      0.021     -0.003      0.004     -0.007     -0.030      0.049      0.017     -0.093      0.061      0.069      0.034      0.013     -0.066      0.028     -0.033     -0.010      0.003      0.029      0.036      0.012      0.008     -0.033      0.058     -0.008      0.021      0.003     -0.030      0.035     -0.038     -0.064      0.012      0.013      0.001      0.000      0.000      0.000      0.000      0.000      0.000      0.000      0.000      0.003      0.000      0.000     -0.001      0.001      0.002
    -0.011     -0.018      0.011      0.042      0.015     -0.015     -0.037     -0.004     -0.005     -0.019     -0.011     -0.037      0.038     -0.008     -0.011      0.066     -0.011     -0.032     -0.004      0.041      0.060     -0.026      0.047      0.001     -0.010     -0.018      0.046     -0.012     -0.013      0.018     -0.005     -0.023      0.016     -0.039      0.000      0.029      0.028      0.072      0.001     -0.001      0.001     -0.001      0.000      0.000      0.000      0.000      0.006     -0.003      0.000     -0.001      0.000      0.050
     0.023     -0.022     -0.039     -0.044     -0.019      0.029     -0.014     -0.071     -0.045     -0.041      0.060      0.025      0.016      0.013     -0.041      0.030     -0.075     -0.001     -0.080     -0.010     -0.003     -0.040      0.015     -0.001     -0.017      0.048      0.015     -0.026     -0.001      0.049      0.020     -0.036     -0.026     -0.009      0.002     -0.038     -0.036      0.051      0.006     -0.001     -0.001      0.000      0.000      0.000      0.000     -0.001      0.001      0.000      0.000      0.000      0.000     -0.001
     0.034     -0.020     -0.007     -0.011      0.047      0.005      0.053      0.006     -0.004      0.056     -0.047      0.026     -0.021     -0.028      0.047     -0.028      0.024     -0.042     -0.019     -0.035     -0.040     -0.010     -0.022      0.015      0.001      0.028     -0.032     -0.009     -0.005      0.008     -0.044      0.019      0.016     -0.015      0.013      0.007      0.018     -0.045     -0.091      0.006      0.000      0.000      0.000      0.000      0.000      0.000     -0.006      0.001      0.000      0.000      0.000     -0.005
     0.039      0.068     -0.015      0.047     -0.031     -0.017     -0.021     -0.037      0.007      0.011      0.043      0.047      0.013     -0.062      0.051     -0.015      0.005      0.053      0.006      0.027      0.059      0.047      0.007     -0.011     -0.011     -0.038     -0.005      0.036     -0.028     -0.013      0.051     -0.047     -0.008     -0.014     -0.038     -0.068     -0.017      0.027     -0.054     -0.002      0.040      0.000      0.000      0.000      0.000     -0.001     -0.001     -0.001      0.000     -0.001      0.000     -0.009
    -0.016     -0.010      0.024     -0.042     -0.019     -0.008      0.029      0.003      0.022     -0.073     -0.010      0.047      0.036     -0.042     -0.046     -0.065      0.046     -0.022     -0.023      0.036      0.006     -0.008     -0.060     -0.053      0.122      0.041      0.003      0.030      0.086      0.003     -0.100     -0.043     -0.061      0.012     -0.010      0.051     -0.004     -0.040     -0.054     -0.040     -0.023      0.007      0.000     -0.001      0.000      0.003      0.017     -0.004      0.000      0.000      0.001     -0.021
    -0.014     -0.016      0.007     -0.021     -0.033      0.025     -0.018     -0.056     -0.004     -0.030      0.043      0.021      0.004      0.046     -0.001     -0.011      0.002     -0.023     -0.011      0.021      0.001     -0.008     -0.029     -0.023      0.011      0.013      0.170      0.046      0.097      0.127      0.096      0.107     -0.039      0.069     -0.004      0.082      0.024      0.076      0.041     -0.023      0.030     -0.117      0.001      0.000      0.000      0.000      0.004      0.000      0.000      0.000      0.000     -0.024
    -0.057     -0.014     -0.040      0.053      0.053     -0.023     -0.016      0.011     -0.007      0.043      0.021     -0.040     -0.022      0.024      0.015      0.048     -0.067      0.027      0.018      0.031     -0.002     -0.027      0.045      0.018     -0.073     -0.011     -0.036      0.014     -0.057     -0.042      0.021      0.026     -0.010      0.016      0.028     -0.030     -0.013      0.057      0.015     -0.023     -0.027     -0.526     -0.138      0.001      0.000     -0.001     -0.002      0.000      0.000      0.000     -0.001      0.010
     0.063      0.027      0.042     -0.060     -0.045      0.005     -0.007     -0.031     -0.018      0.014     -0.029      0.079      0.049     -0.022      0.006     -0.039      0.057     -0.052     -0.018     -0.030     -0.015      0.026     -0.031      0.019      0.066      0.008      0.037     -0.006      0.029      0.041     -0.021     -0.041     -0.004     -0.022     -0.048     -0.021      0.016     -0.038     -0.006      0.046      0.050      0.330      0.122     -0.892      0.000      0.000      0.000      0.000      0.000      0.000      0.000     -0.002
     0.005     -0.037      0.029      0.028      0.001      0.018     -0.007     -0.039      0.014     -0.005     -0.040      0.062      0.022      0.078     -0.025     -0.039     -0.003      0.003      0.008      0.024      0.006      0.026     -0.016     -0.050      0.030      0.020      0.130      0.108      0.085     -0.009     -0.036     -0.006      0.047     -0.055      0.000     -0.007      0.002      0.006     -0.072      0.009     -0.026      0.262      0.125     -0.196      0.146      0.023      0.004     -0.011      0.000      0.006      0.002      0.030
    -0.040      0.071     -0.082     -0.007     -0.001      0.032      0.005      0.015     -0.032     -0.076      0.008      0.026      0.017      0.032     -0.013      0.019     -0.027     -0.001      0.003      0.043      0.032     -0.038     -0.051     -0.049      0.073      0.002      0.083      0.075      0.089      0.115      0.103     -0.046     -0.040      0.019      0.027      0.021      0.031      0.022      0.007     -0.075     -0.006      0.211      0.157     -0.081      0.044      0.029      0.989     -0.018      0.001      0.002      0.006     -0.402
    -0.035      0.024     -0.009      0.023     -0.016      0.016      0.000     -0.057     -0.024     -0.019     -0.020     -0.017     -0.039     -0.029      0.044      0.018      0.045     -0.056     -0.010      0.007     -0.053     -0.032     -0.002      0.065      0.055     -0.003     -0.128     -0.138     -0.001      0.007      0.097     -0.018     -0.019      0.000      0.043     -0.062     -0.022     -0.055      0.014      0.050     -0.020     -0.237     -0.049     -0.023     -0.035     -0.409     -0.100      0.034      0.000      0.001     -0.003      0.009
     0.054     -0.033      0.023     -0.029     -0.026      0.033      0.020      0.034      0.003     -0.049      0.013     -0.030      0.008     -0.037     -0.022     -0.027      0.032      0.042     -0.018     -0.041      0.039      0.011     -0.034     -0.065      0.020      0.006      0.022      0.066      0.054      0.027     -0.113      0.079      0.019      0.034     -0.016      0.129      0.006     -0.004      0.001     -0.048     -0.021      0.442      0.053     -0.334      0.166      0.010      0.158     -0.376      0.000      0.000      0.000      0.000
     0.012     -0.020     -0.021      0.056      0.030      0.049     -0.023      0.003      0.024      0.000     -0.070      0.014      0.036      0.022      0.005     -0.027      0.012     -0.010     -0.016      0.033     -0.011     -0.017      0.006      0.023      0.060      0.019      0.048      0.005     -0.038     -0.005      0.023     -0.011     -0.016     -0.070      0.018      0.087     -0.026     -0.017     -0.019      0.001     -0.020     -0.009     -0.096      0.024     -0.029      0.189      0.011      0.039      0.046      0.040      0.000      0.064
    -0.005      0.007     -0.063      0.035      0.030     -0.048      0.056      0.031      0.026      0.018      0.011     -0.059     -0.006      0.068     -0.052     -0.025     -0.023      0.074     -0.012      0.009      0.026     -0.021      0.005     -0.074     -0.038      0.023      0.052     -0.013     -0.005      0.002      0.065     -0.031      0.062     -0.013      0.012      0.036      0.052      0.009      0.012     -0.010     -0.024      0.081     -0.136     -0.262      0.178      0.122      0.065     -0.149     -0.014      0.013      0.009     -0.029
     0.022      0.004     -0.028      0.008     -0.034     -0.007     -0.029      0.014     -0.004      0.012     -0.051     -0.037     -0.028      0.008      0.013      0.022     -0.019      0.016      0.008     -0.010      0.048     -0.044      0.059     -0.022     -0.010     -0.003      0.006      0.088      0.012      0.025     -0.052     -0.091      0.027      0.002     -0.045     -0.015      0.007      0.061     -0.006     -0.022     -0.015     -0.083     -0.343      0.115     -0.074      0.066     -0.135      0.016     -0.031      0.106     -0.103      9.043

Derivative matrix of expected statistics X by parameters and
covariance/correlation matrix of X can be found using
summary(ans) within R, or by using the 'verbose' option in Siena07.
 
Total computation time 597.3 seconds.
