

-----------------------------------
New Analysis started.
Date and time: 20/09/2026 18:56:39
New results follow.
-----------------------------------

RSiena version 1.3.10 (28 Apr 22)


@1
Estimation by stochastic approximation algorithm.
=================================================

Current random number seed is 12348.
Effects object used: effs 
Model Type:
 Initiative model
Behavioral Model Type:
 Standard behavior actor-oriented model ('restrict')
Estimation method: unconditional moment estimation
.

Time duration for simulations in each period is 1.0.
Changing composition.
Joiners/leavers option: 1
Standard errors are estimated with the likelihood ratio method.
Dolby method (regression on scores) is used.
Initial value of gain parameter is  0.2000000.
Reduction factor for gain parameter is  0.5000000.
Number of subphases in Phase 2 is 5.

Initial parameter values are 
  1. rate:  constant dv.net rate (period 1)                 0.0504
  2. rate:  constant dv.net rate (period 2)                 0.1475
  3. rate:  constant dv.net rate (period 3)                 0.4485
  4. rate:  constant dv.net rate (period 4)                 0.3599
  5. rate:  constant dv.net rate (period 5)                 0.3298
  6. rate:  constant dv.net rate (period 6)                 0.3254
  7. rate:  constant dv.net rate (period 7)                 0.4001
  8. rate:  constant dv.net rate (period 8)                 0.3095
  9. rate:  constant dv.net rate (period 9)                 0.3263
 10. rate:  constant dv.net rate (period 10)                0.2764
 11. rate:  constant dv.net rate (period 11)                0.3198
 12. rate:  constant dv.net rate (period 12)                0.4392
 13. rate:  constant dv.net rate (period 13)                0.3495
 14. rate:  constant dv.net rate (period 14)                0.3214
 15. rate:  constant dv.net rate (period 15)                0.2865
 16. eval:  degree (density)                               -6.0955
 17. eval:  transitive triads                               0.2459
 18. eval:  degree act+pop                                  0.0687
 19. eval:  nets.lndistance_d                              -1.0137
 20. eval:  nets.ATOP_d                                     1.1739
 21. eval:  nets.absidealdiff_d                            -0.6687
 22. eval:  nets.lntrade_d                                  0.0567
 23. eval:  nets.NATO_d                                    -3.5805
 24. eval:  milex.beh alter                                -0.0589
 25. eval:  beh.democracy_1 alter                           1.6541
 26. eval:  beh.lncinc_1 alter                              0.8334
 27. rate:  rate milex.beh (period 1)                       0.9342
 28. rate:  rate milex.beh (period 2)                       1.3177
 29. rate:  rate milex.beh (period 3)                       1.3530
 30. rate:  rate milex.beh (period 4)                       1.1851
 31. rate:  rate milex.beh (period 5)                       0.6995
 32. rate:  rate milex.beh (period 6)                       0.5782
 33. rate:  rate milex.beh (period 7)                       0.4842
 34. rate:  rate milex.beh (period 8)                       0.5239
 35. rate:  rate milex.beh (period 9)                       0.3810
 36. rate:  rate milex.beh (period 10)                      1.8029
 37. rate:  rate milex.beh (period 11)                      0.5927
 38. rate:  rate milex.beh (period 12)                      1.3601
 39. rate:  rate milex.beh (period 13)                      0.3329
 40. rate:  rate milex.beh (period 14)                      0.3040
 41. rate:  rate milex.beh (period 15)                      1.1122
 42. eval:  milex.beh linear shape                         -1.1856
 43. eval:  milex.beh quadratic shape                      -0.0295
 44. eval:  milex.beh degree                                0.0957
 45. eval:  milex.beh dense triads                         -0.0290
 46. eval:  milex.beh: effect from beh.democracy_1         -0.5039
 47. eval:  milex.beh: effect from beh.GDPgrowth_1         -2.6887
 48. eval:  milex.beh: effect from beh.nato_1               0.9248
 49. eval:  milex.beh: effect from beh.allies_1            -0.0118
 50. eval:  milex.beh: effect from beh.military_1           0.2657
 51. eval:  milex.beh: effect from beh.lnmids_1             0.1897
 52. eval:  milex.beh: effect from beh.milexSpLag_1         7.4437


Observed values of target statistics are
  1. Amount of network change in period 1                                10.0000
  2. Amount of network change in period 2                                34.0000
  3. Amount of network change in period 3                                86.0000
  4. Amount of network change in period 4                                94.0000
  5. Amount of network change in period 5                                76.0000
  6. Amount of network change in period 6                                76.0000
  7. Amount of network change in period 7                                94.0000
  8. Amount of network change in period 8                                78.0000
  9. Amount of network change in period 9                                84.0000
 10. Amount of network change in period 10                               72.0000
 11. Amount of network change in period 11                               84.0000
 12. Amount of network change in period 12                              114.0000
 13. Amount of network change in period 13                               94.0000
 14. Amount of network change in period 14                               88.0000
 15. Amount of network change in period 15                               80.0000
 16. Number of edges                                                   3807.0000
 17. Number of transitive triads                                       5072.0000
 18. Sum of squared degrees                                            226964.0000
 19. Sum of ties x nets.lndistance_d                                   -8010.2838
 20. Sum of ties x nets.ATOP_d                                         4481.4695
 21. Sum of ties x nets.absidealdiff_d                                 -2131.1065
 22. Sum of ties x nets.lntrade_d                                      27161.2288
 23. Sum of ties x nets.NATO_d                                          722.5164
 24. Sum of degrees x milex.beh                                         140.6170
 25. Sum of degrees x beh.democracy_1                                  2231.9215
 26. Sum of degrees x beh.lncinc_1                                     9867.9263
 27. Amount of behavioral change in period 1 on milex.beh                41.0000
 28. Amount of behavioral change in period 2 on milex.beh                50.0000
 29. Amount of behavioral change in period 3 on milex.beh                57.0000
 30. Amount of behavioral change in period 4 on milex.beh                52.0000
 31. Amount of behavioral change in period 5 on milex.beh                37.0000
 32. Amount of behavioral change in period 6 on milex.beh                32.0000
 33. Amount of behavioral change in period 7 on milex.beh                28.0000
 34. Amount of behavioral change in period 8 on milex.beh                31.0000
 35. Amount of behavioral change in period 9 on milex.beh                24.0000
 36. Amount of behavioral change in period 10 on milex.beh               71.0000
 37. Amount of behavioral change in period 11 on milex.beh               34.0000
 38. Amount of behavioral change in period 12 on milex.beh               55.0000
 39. Amount of behavioral change in period 13 on milex.beh               18.0000
 40. Amount of behavioral change in period 14 on milex.beh               17.0000
 41. Amount of behavioral change in period 15 on milex.beh               48.0000
 42. milex.beh centered sum                                             -61.3312
 43. milex.beh sum of cent. squares                                    5434.8003
 44. milex.beh outdegrees                                              -248.5092
 45. milex.beh dense triads                                            -2289.8418
 46. milex.beh x beh.democracy_1                                       -368.4695
 47. milex.beh x beh.GDPgrowth_1                                          1.9322
 48. milex.beh x beh.nato_1                                              32.8368
 49. milex.beh x beh.allies_1                                          -2822.0961
 50. milex.beh x beh.military_1                                         116.6277
 51. milex.beh x beh.lnmids_1                                           538.3189
 52. milex.beh x beh.milexSpLag_1                                        22.7209

 52 parameters, 52 statistics

Estimation of derivatives by the LR method (type 1).


@2
End of stochastic approximation algorithm, phase 3.
---------------------------------------------------

Total of 13767 iterations.
Parameter estimates based on 10767 iterations,
convergence diagnostics, covariance and derivative matrices based on 3000 iterations.

Information for convergence diagnosis.
Averages, standard deviations, and t-ratios for deviations from targets:
  1.  -0.0487    4.3665  -0.0111 
  2.  -0.0987    8.2881  -0.0119 
  3.  -0.5120   12.0146  -0.0426 
  4.  -0.1413   14.0119  -0.0101 
  5.   0.3733   11.6843   0.0320 
  6.   0.1173   12.0404   0.0097 
  7.  -0.0867   13.2007  -0.0066 
  8.   0.0927   12.1644   0.0076 
  9.   0.0987   12.7231   0.0078 
 10.   0.2627   11.8842   0.0221 
 11.  -0.1200   12.7363  -0.0094 
 12.  -0.1207   14.6276  -0.0082 
 13.   0.0813   13.4282   0.0061 
 14.  -0.0380   12.9668  -0.0029 
 15.   0.1760   12.2968   0.0143 
 16.   0.1620   24.1480   0.0067 
 17.  -0.6600   79.8774  -0.0083 
 18.  20.4880 2331.8568   0.0088 
 19.   1.1981   62.7353   0.0191 
 20.  -0.4888   29.8327  -0.0164 
 21.   0.4720   41.8788   0.0113 
 22.  -2.0783  177.2277  -0.0117 
 23.  -0.2245    8.4784  -0.0265 
 24.  -0.3320   52.2572  -0.0064 
 25.  -0.3383   17.7247  -0.0191 
 26.  -0.2418   78.6294  -0.0031 
 27.   0.1410    5.7420   0.0246 
 28.   0.0843    6.1844   0.0136 
 29.  -0.0990    6.4706  -0.0153 
 30.  -0.3533    6.3736  -0.0554 
 31.  -0.1543    5.5417  -0.0278 
 32.  -0.0230    5.3970  -0.0043 
 33.  -0.1040    4.9524  -0.0210 
 34.  -0.0730    5.0247  -0.0145 
 35.   0.1027    4.5388   0.0226 
 36.  -0.4003    6.8050  -0.0588 
 37.   0.0617    5.3400   0.0115 
 38.  -0.0840    6.2073  -0.0135 
 39.  -0.0493    3.9802  -0.0124 
 40.  -0.0133    3.9260  -0.0034 
 41.   0.0000    5.9863   0.0000 
 42.  -1.0313   23.0984  -0.0446 
 43.   1.3362   94.4833   0.0141 
 44.  -4.4743  157.7544  -0.0284 
 45.  -5.1777  409.9779  -0.0126 
 46.  -0.2126   11.8806  -0.0179 
 47.   0.0903    2.1398   0.0422 
 48.  -0.2151    8.8210  -0.0244 
 49.  -6.0812  455.6004  -0.0133 
 50.   0.1568    6.4949   0.0241 
 51.  -0.2147   15.3557  -0.0140 
 52.   0.0019    0.4987   0.0037 

Good convergence is indicated by the t-ratios being close to zero.

Overall maximum convergence ratio =  0.1482 .



@2
Estimation Results.
-------------------

Regular end of estimation algorithm.
Total of 13767 iteration steps.


@3
Estimates and standard errors
                             
Network Dynamics
 1. rate:  constant dv.net rate (period 1)                         0.0500  (   0.0231)
 2. rate:  constant dv.net rate (period 2)                         0.1469  (   0.0357)
 3. rate:  constant dv.net rate (period 3)                         0.4466  (   0.0883)
 4. rate:  constant dv.net rate (period 4)                         0.3595  (   0.0530)
 5. rate:  constant dv.net rate (period 5)                         0.3292  (   0.0628)
 6. rate:  constant dv.net rate (period 6)                         0.3232  (   0.0576)
 7. rate:  constant dv.net rate (period 7)                         0.3982  (   0.0652)
 8. rate:  constant dv.net rate (period 8)                         0.3090  (   0.0543)
 9. rate:  constant dv.net rate (period 9)                         0.3258  (   0.0536)
10. rate:  constant dv.net rate (period 10)                        0.2755  (   0.0480)
11. rate:  constant dv.net rate (period 11)                        0.3207  (   0.0511)
12. rate:  constant dv.net rate (period 12)                        0.4403  (   0.0639)
13. rate:  constant dv.net rate (period 13)                        0.3499  (   0.0521)
14. rate:  constant dv.net rate (period 14)                        0.3199  (   0.0504)
15. rate:  constant dv.net rate (period 15)                        0.2864  (   0.0474)
16. eval:  degree (density)                                       -6.1011  (   0.2930)
17. eval:  transitive triads                                       0.2439  (   0.0800)
18. eval:  degree act+pop                                          0.0686  (   0.0066)
19. eval:  nets.lndistance_d                                      -1.0162  (   0.0865)
20. eval:  nets.ATOP_d                                             1.1768  (   0.1692)
21. eval:  nets.absidealdiff_d                                    -0.6685  (   0.0846)
22. eval:  nets.lntrade_d                                          0.0558  (   0.0357)
23. eval:  nets.NATO_d                                            -3.5782  (   0.4580)
24. eval:  milex.beh alter                                        -0.0614  (   0.0631)
25. eval:  beh.democracy_1 alter                                   1.6618  (   0.3250)
26. eval:  beh.lncinc_1 alter                                      0.8385  (   0.0804)
Behavior Dynamics

27. rate:  rate milex.beh (period 1)                               0.9406  (   0.1756)
28. rate:  rate milex.beh (period 2)                               1.3053  (   0.2442)
29. rate:  rate milex.beh (period 3)                               1.3544  (   0.2690)
30. rate:  rate milex.beh (period 4)                               1.1922  (   0.2235)
31. rate:  rate milex.beh (period 5)                               0.7023  (   0.1436)
32. rate:  rate milex.beh (period 6)                               0.5764  (   0.1123)
33. rate:  rate milex.beh (period 7)                               0.4836  (   0.0981)
34. rate:  rate milex.beh (period 8)                               0.5300  (   0.1137)
35. rate:  rate milex.beh (period 9)                               0.3844  (   0.0832)
36. rate:  rate milex.beh (period 10)                              1.8004  (   0.3413)
37. rate:  rate milex.beh (period 11)                              0.5979  (   0.1106)
38. rate:  rate milex.beh (period 12)                              1.3662  (   0.2693)
39. rate:  rate milex.beh (period 13)                              0.3299  (   0.0867)
40. rate:  rate milex.beh (period 14)                              0.3053  (   0.0774)
41. rate:  rate milex.beh (period 15)                              1.1099  (   0.2116)
42. eval:  milex.beh linear shape                                 -1.1844  (   0.0806)
43. eval:  milex.beh quadratic shape                              -0.0290  (   0.0245)
44. eval:  milex.beh degree                                        0.0950  (   0.0284)
45. eval:  milex.beh dense triads                                 -0.0287  (   0.0103)
46. eval:  milex.beh: effect from beh.democracy_1                 -0.4987  (   0.1490)
47. eval:  milex.beh: effect from beh.GDPgrowth_1                 -2.6705  (   0.9365)
48. eval:  milex.beh: effect from beh.nato_1                       0.9185  (   0.1822)
49. eval:  milex.beh: effect from beh.allies_1                    -0.0117  (   0.0038)
50. eval:  milex.beh: effect from beh.military_1                   0.2649  (   0.1964)
51. eval:  milex.beh: effect from beh.lnmids_1                     0.1887  (   0.0953)
52. eval:  milex.beh: effect from beh.milexSpLag_1                 7.5115  (   2.9430)


@3
Covariance matrices
                   
Covariance matrix of estimates (correlations below diagonal):
     0.001      0.000      0.000      0.000      0.000      0.000      0.000      0.000      0.000      0.000      0.000      0.000      0.000      0.000      0.000      0.000      0.000      0.000      0.000      0.000      0.000      0.000      0.000      0.000      0.000      0.000      0.000      0.000      0.000      0.000      0.000      0.000      0.000      0.000      0.000      0.000      0.000      0.000      0.000      0.000      0.000      0.000      0.000      0.000      0.000      0.000      0.000      0.000      0.000      0.000      0.000      0.000
     0.030      0.001      0.000      0.000      0.000      0.000      0.000      0.000      0.000      0.000      0.000      0.000      0.000      0.000      0.000     -0.001      0.000      0.000      0.000      0.000      0.000      0.000      0.000      0.000      0.000      0.000      0.000     -0.001      0.000      0.000      0.000      0.000      0.000      0.000      0.000      0.000      0.000      0.000      0.000      0.000      0.000      0.000      0.000      0.000      0.000      0.000      0.001      0.000      0.000      0.000      0.000     -0.001
     0.022     -0.005      0.008      0.000      0.000      0.000      0.000      0.000      0.000      0.000      0.000      0.000      0.000      0.000      0.000     -0.001      0.000      0.000      0.001     -0.002      0.000      0.000      0.002      0.000     -0.003     -0.001      0.000      0.000     -0.001      0.000      0.000      0.000      0.000      0.000      0.000     -0.001      0.000      0.000      0.000      0.000      0.000      0.000      0.000      0.000      0.000      0.000     -0.002      0.000      0.000      0.000      0.000      0.008
     0.003      0.057      0.055      0.003      0.000      0.000      0.000      0.000      0.000      0.000      0.000      0.000      0.000      0.000      0.000     -0.001      0.000      0.000      0.000      0.000      0.000      0.000      0.000      0.000      0.000      0.000      0.000      0.000      0.000     -0.001      0.000      0.000      0.000      0.000      0.000      0.000      0.000      0.000      0.000      0.000      0.000      0.000      0.000      0.000      0.000      0.000     -0.001      0.000      0.000      0.000      0.000      0.001
     0.001      0.007      0.062      0.042      0.004      0.000      0.000      0.000      0.000      0.000      0.000      0.000      0.000      0.000      0.000      0.000      0.000      0.000      0.001      0.000      0.000      0.000      0.002      0.000     -0.001     -0.001      0.000      0.000      0.000      0.000      0.000      0.000      0.000      0.000      0.000     -0.001      0.000      0.001      0.000      0.000      0.000      0.000      0.000      0.000      0.000      0.000      0.000      0.000      0.000     -0.001      0.000      0.003
     0.022      0.068      0.082      0.050      0.022      0.003      0.000      0.000      0.000      0.000      0.000      0.000      0.000      0.000      0.000     -0.001      0.000      0.000      0.000      0.000      0.000      0.000      0.000      0.000     -0.001      0.000      0.000      0.000     -0.001      0.000      0.000      0.000      0.000      0.000      0.000      0.000      0.000      0.000      0.000      0.000      0.000      0.000      0.000      0.000      0.000      0.000      0.000      0.000      0.000      0.000      0.000     -0.003
    -0.021      0.028      0.028      0.070      0.046      0.012      0.004      0.000      0.000      0.000      0.000      0.000      0.000      0.000      0.000     -0.001      0.000      0.000      0.000      0.000      0.000      0.000      0.001      0.000     -0.001     -0.001      0.000      0.000      0.000      0.000      0.000      0.000      0.000      0.000      0.000      0.000      0.000      0.000      0.000      0.000      0.000      0.000      0.000      0.000      0.000      0.000     -0.002      0.000      0.000      0.000      0.000      0.001
     0.003      0.019      0.026      0.028      0.075      0.031      0.023      0.003      0.000      0.000      0.000      0.000      0.000      0.000      0.000      0.000      0.000      0.000      0.000     -0.001      0.000      0.000      0.000      0.000     -0.001      0.000      0.000      0.000      0.000      0.000      0.000      0.000      0.000      0.000      0.000      0.000      0.000      0.000      0.000      0.000      0.001      0.000      0.000      0.000      0.000      0.000      0.000      0.000      0.000      0.000      0.000     -0.001
     0.011      0.022      0.024      0.014      0.020     -0.002      0.007      0.003      0.003      0.000      0.000      0.000      0.000      0.000      0.000      0.000      0.000      0.000      0.000      0.000      0.000      0.000      0.000      0.000     -0.001      0.000      0.000      0.000      0.000      0.000      0.000      0.000      0.000      0.000      0.000      0.000      0.000      0.000      0.000      0.000      0.000      0.000      0.000      0.000      0.000      0.000     -0.002      0.000      0.000      0.000      0.000     -0.003
     0.014      0.008      0.008      0.033      0.028     -0.010      0.011      0.036      0.017      0.002      0.000      0.000      0.000      0.000      0.000      0.000      0.000      0.000      0.000      0.000      0.000      0.000      0.000      0.000      0.000      0.000      0.000      0.000      0.000      0.000      0.000      0.000      0.000      0.000      0.000     -0.001      0.000      0.000      0.000      0.000      0.000      0.000      0.000      0.000      0.000      0.000      0.001      0.000      0.000      0.000      0.000     -0.003
     0.052      0.013      0.012     -0.001      0.004      0.004      0.019      0.046      0.009      0.034      0.003      0.000      0.000      0.000      0.000      0.000      0.000      0.000      0.000      0.000      0.000      0.000      0.001      0.000     -0.001      0.000      0.000      0.000      0.000      0.000      0.000      0.000      0.000      0.000      0.000      0.000      0.000      0.000      0.000      0.000      0.000      0.000      0.000      0.000      0.000      0.000      0.000      0.000      0.000      0.000      0.000     -0.004
     0.013      0.005      0.065      0.041      0.025     -0.004      0.021      0.022      0.006     -0.017      0.012      0.004      0.000      0.000      0.000      0.000      0.000      0.000      0.000     -0.001      0.000      0.000      0.001      0.000     -0.001      0.000      0.000      0.000      0.000      0.000      0.000      0.000      0.000      0.000      0.000      0.000      0.000      0.001      0.000      0.000      0.000      0.000      0.000      0.000      0.000      0.000     -0.002      0.000      0.000      0.000      0.000      0.005
    -0.016      0.015      0.011      0.016      0.053      0.023      0.028     -0.009      0.001      0.008      0.020      0.014      0.003      0.000      0.000      0.000      0.000      0.000      0.000      0.000      0.000      0.000      0.001      0.000      0.000      0.000      0.000      0.000      0.000      0.000      0.000      0.000      0.000      0.000      0.000      0.000      0.000      0.000      0.000      0.000      0.000      0.000      0.000      0.000      0.000      0.000      0.000      0.000      0.000      0.000      0.000      0.000
    -0.005     -0.020      0.009      0.014     -0.011      0.024     -0.014      0.014      0.006     -0.009      0.008      0.014     -0.030      0.003      0.000      0.000      0.000      0.000      0.000      0.000      0.000      0.000      0.000      0.000      0.000      0.000      0.000      0.000      0.000      0.000      0.000      0.000      0.000      0.000      0.000      0.000      0.000      0.000      0.000      0.000      0.000      0.000      0.000      0.000      0.000      0.000      0.000      0.000      0.000      0.000      0.000      0.003
     0.034      0.055      0.015     -0.030      0.008      0.021     -0.006      0.000      0.015     -0.003      0.037     -0.011     -0.026     -0.034      0.002      0.000      0.000      0.000      0.000      0.000      0.000      0.000      0.000      0.000      0.000      0.000      0.000      0.000      0.000      0.000      0.000      0.000      0.000      0.000      0.000      0.000      0.000      0.000      0.000      0.000      0.000      0.000      0.000      0.000      0.000      0.000     -0.001      0.000      0.000      0.000      0.000     -0.003
    -0.064     -0.078     -0.023     -0.093     -0.016     -0.058     -0.045     -0.014      0.003     -0.020     -0.004      0.008      0.020      0.005     -0.016      0.086     -0.008     -0.001      0.012     -0.014      0.011      0.001      0.044      0.002     -0.041     -0.014      0.000      0.001      0.001     -0.002      0.000      0.000     -0.001      0.001      0.000      0.001      0.000     -0.002      0.000      0.000     -0.002      0.000      0.000      0.000      0.000      0.000     -0.001      0.000      0.000      0.000      0.000      0.017
     0.021      0.009     -0.043      0.017     -0.035     -0.007     -0.013     -0.004     -0.012      0.003      0.018      0.025     -0.001      0.031      0.055     -0.352      0.006      0.000     -0.001      0.001     -0.002      0.000     -0.018      0.001      0.009      0.002      0.001     -0.001      0.000      0.000      0.000      0.000      0.000      0.000      0.000     -0.001      0.000      0.001      0.000      0.000      0.000      0.000      0.000      0.000      0.000      0.000     -0.001      0.000      0.000      0.000      0.000      0.002
     0.050      0.069      0.147      0.081      0.098      0.091      0.067      0.035      0.006     -0.005     -0.017     -0.045     -0.012     -0.042     -0.045     -0.292     -0.424      0.000      0.000      0.000      0.000      0.000      0.000      0.000     -0.001      0.000      0.000      0.000      0.000      0.000      0.000      0.000      0.000      0.000      0.000      0.000      0.000      0.000      0.000      0.000      0.000      0.000      0.000      0.000      0.000      0.000      0.000      0.000      0.000      0.000      0.000      0.000
     0.044      0.000      0.113      0.054      0.099      0.066      0.049      0.039      0.054      0.039      0.010      0.035      0.043      0.023      0.020      0.456     -0.184      0.059      0.007      0.001      0.001      0.001      0.007      0.000     -0.008     -0.004      0.000      0.000      0.000      0.000      0.000      0.000      0.000      0.000      0.000      0.000      0.000     -0.001      0.000      0.000      0.000      0.000      0.000      0.000      0.000      0.000     -0.002      0.000      0.000      0.000      0.000      0.003
     0.028     -0.018     -0.105     -0.021     -0.045     -0.024     -0.040     -0.073     -0.041     -0.009     -0.029     -0.064     -0.039     -0.053     -0.001     -0.290      0.064      0.026      0.063      0.029      0.000     -0.001     -0.012     -0.002      0.018      0.003      0.000      0.000      0.002      0.001      0.000     -0.001      0.000     -0.001      0.000      0.002      0.000     -0.001      0.000      0.000      0.001      0.000      0.000      0.000      0.000      0.000      0.000      0.000      0.000      0.000      0.000     -0.014
    -0.031     -0.034      0.014     -0.011      0.000     -0.005      0.020      0.016      0.002     -0.013      0.023      0.004     -0.019     -0.015      0.028      0.451     -0.222     -0.085      0.123     -0.021      0.007      0.000      0.011     -0.001     -0.009     -0.002      0.000      0.000      0.000      0.000      0.000      0.000      0.000      0.000      0.000      0.000      0.000      0.000      0.000      0.000      0.000      0.000      0.000      0.000      0.000      0.000     -0.001      0.000      0.000      0.000      0.000      0.001
     0.050      0.050      0.114      0.084      0.096      0.082      0.105      0.088      0.073      0.027     -0.006      0.067      0.058      0.037      0.022      0.060     -0.081      0.174      0.459     -0.248     -0.091      0.001     -0.001      0.000     -0.002     -0.002      0.000      0.000      0.000      0.000      0.000      0.000      0.000      0.000      0.000      0.000      0.000      0.000      0.000      0.000      0.000      0.000      0.000      0.000      0.000      0.000     -0.001      0.000      0.000      0.000      0.000     -0.002
     0.011     -0.011      0.053     -0.010      0.052      0.011      0.024      0.019      0.020     -0.012      0.035      0.017      0.027      0.007      0.008      0.330     -0.479      0.062      0.175     -0.160      0.273     -0.082      0.210     -0.004     -0.052     -0.007     -0.002      0.002      0.001     -0.003     -0.001     -0.001     -0.001      0.002      0.001      0.002      0.001     -0.006      0.000      0.001     -0.001      0.000      0.000      0.001      0.000      0.000      0.001     -0.001      0.000     -0.003     -0.001      0.004
    -0.019     -0.010     -0.003     -0.017     -0.049     -0.035     -0.021     -0.034     -0.011      0.026      0.005      0.036      0.000      0.051      0.009      0.099      0.205     -0.311     -0.027     -0.148     -0.268      0.051     -0.127      0.004      0.006     -0.001      0.000     -0.001      0.000      0.000      0.000      0.000      0.000      0.000      0.000      0.000      0.000      0.000      0.000      0.000     -0.001      0.000      0.000      0.000      0.000      0.000     -0.001      0.000      0.000      0.000      0.000      0.003
     0.008     -0.027     -0.109     -0.024     -0.072     -0.066     -0.038     -0.067     -0.040      0.013     -0.031     -0.041     -0.029      0.001      0.026     -0.427      0.344     -0.258     -0.288      0.327     -0.340     -0.142     -0.346      0.295      0.106      0.006      0.001     -0.004      0.001      0.003      0.002      0.000      0.001      0.000     -0.001      0.002      0.000      0.003     -0.001     -0.001      0.002      0.000      0.000      0.000      0.000      0.001      0.005      0.000      0.000      0.000      0.000     -0.029
    -0.033     -0.022     -0.166     -0.060     -0.117     -0.068     -0.097     -0.058     -0.056     -0.028     -0.012     -0.059     -0.051     -0.040     -0.019     -0.582      0.303     -0.192     -0.618      0.216     -0.305     -0.548     -0.191     -0.161      0.228      0.006      0.000      0.000      0.001      0.000      0.000      0.000      0.000      0.000      0.000      0.000      0.000      0.000      0.000      0.000      0.000      0.000      0.000      0.000      0.000      0.000      0.001      0.000      0.000      0.000      0.000     -0.001
     0.051     -0.008     -0.022      0.002     -0.018      0.026     -0.013     -0.017      0.008      0.002     -0.003     -0.027      0.017      0.003     -0.005     -0.003      0.036     -0.014     -0.008      0.003     -0.029     -0.029     -0.025      0.044      0.017      0.014      0.031      0.001      0.002      0.001      0.000      0.000      0.000      0.000      0.000     -0.001     -0.001      0.000      0.000      0.000      0.000      0.000      0.000      0.000      0.000      0.002      0.006     -0.002      0.000      0.000      0.000      0.014
    -0.013     -0.069     -0.010     -0.009      0.017     -0.006     -0.027     -0.011     -0.004      0.010      0.034      0.005     -0.006      0.015     -0.008      0.009     -0.031      0.045      0.001     -0.002      0.021      0.022      0.019     -0.044     -0.048     -0.009      0.016      0.060      0.000      0.000      0.001      0.001      0.000      0.000      0.000      0.001     -0.001      0.003      0.000      0.000     -0.001      0.001      0.001      0.000      0.000      0.002     -0.005     -0.002      0.000     -0.002      0.000     -0.029
    -0.009     -0.014     -0.061      0.008     -0.014     -0.035     -0.006      0.003     -0.013      0.019     -0.033      0.026     -0.006     -0.019      0.006      0.011     -0.007      0.006      0.011      0.035     -0.019     -0.024      0.009     -0.011      0.006      0.034      0.051     -0.004      0.072      0.001      0.000      0.001      0.000      0.001      0.000      0.000     -0.001      0.000      0.000      0.000     -0.001      0.000      0.001      0.000      0.000      0.003      0.022     -0.003      0.000     -0.001      0.000      0.030
    -0.002      0.004      0.024     -0.043      0.010      0.013      0.022      0.007      0.013      0.013      0.001     -0.016     -0.026      0.007     -0.021     -0.023      0.026     -0.016      0.014      0.035      0.013     -0.002     -0.032      0.025      0.039     -0.001      0.024     -0.001      0.017      0.050      0.002      0.000      0.000      0.000      0.000      0.001      0.000      0.001     -0.001      0.000     -0.003      0.000      0.001     -0.001      0.000      0.001      0.017      0.000      0.000     -0.003      0.000      0.008
     0.021     -0.001      0.006     -0.017      0.004      0.007     -0.036     -0.001      0.002     -0.016      0.013     -0.008      0.016      0.021      0.010     -0.006      0.015     -0.007     -0.028      0.011     -0.003     -0.026     -0.019     -0.005      0.035      0.014      0.012      0.014     -0.012      0.054      0.021      0.000      0.000      0.000      0.000      0.000      0.000      0.000      0.000      0.000      0.001     -0.001      0.000      0.000      0.000     -0.001      0.008      0.000      0.000     -0.001      0.000     -0.003
     0.010     -0.010      0.016      0.000      0.016      0.010      0.011      0.007     -0.016     -0.004      0.009      0.015      0.005     -0.005     -0.051     -0.012      0.007      0.004     -0.009     -0.042     -0.028      0.029     -0.014      0.016     -0.005      0.016      0.005      0.041      0.028      0.017      0.009      0.013      0.000      0.000      0.000      0.000      0.000      0.001      0.000      0.000      0.000      0.000      0.000      0.000      0.000      0.000      0.003      0.000      0.000     -0.001      0.000      0.001
    -0.003      0.007     -0.044      0.003     -0.010     -0.010     -0.047      0.003      0.004     -0.021     -0.024     -0.032     -0.021      0.044      0.008     -0.022      0.025     -0.017     -0.022     -0.019      0.002     -0.012     -0.017     -0.022      0.023      0.039      0.029     -0.016      0.007      0.016     -0.006      0.022      0.010      0.000      0.000      0.000      0.000      0.000      0.000      0.000      0.000      0.000      0.000      0.000      0.000      0.000      0.001      0.000      0.000      0.000      0.000      0.004
    -0.012     -0.024      0.014      0.013      0.001      0.013     -0.021      0.054      0.007      0.029      0.005      0.017      0.006      0.019     -0.013      0.028      0.007     -0.020     -0.006     -0.048      0.031     -0.018      0.043     -0.015     -0.009     -0.013     -0.004     -0.016      0.020     -0.018      0.029     -0.011      0.009      0.013      0.000      0.000      0.000      0.001      0.000      0.000      0.000      0.000      0.000      0.000      0.000      0.000     -0.002      0.000      0.000      0.001      0.000      0.003
     0.015     -0.011      0.008      0.010      0.006     -0.018      0.026     -0.003     -0.016     -0.019      0.034      0.020     -0.032      0.003     -0.019      0.006     -0.028      0.011      0.000     -0.002      0.008     -0.009      0.023     -0.057     -0.026      0.013      0.001     -0.017     -0.005      0.012     -0.018      0.001     -0.007     -0.004      0.007      0.001      0.000      0.000      0.000      0.000      0.000      0.000      0.000      0.000      0.000      0.000      0.001      0.001      0.000      0.001      0.000     -0.004
    -0.009      0.011     -0.035     -0.019     -0.026      0.007      0.002     -0.022     -0.004     -0.061     -0.004     -0.009      0.010     -0.002     -0.003      0.009     -0.025      0.003     -0.007      0.028      0.008     -0.025      0.012     -0.015      0.017     -0.006     -0.017      0.008     -0.002      0.010      0.010     -0.008     -0.001     -0.001      0.026      0.116      0.000      0.000      0.000      0.001      0.000      0.000      0.001      0.000      0.000      0.000     -0.001     -0.002      0.000     -0.001      0.001      0.012
     0.014      0.015     -0.034     -0.001     -0.028     -0.007      0.001     -0.014     -0.008      0.010     -0.009      0.018     -0.026     -0.040     -0.008     -0.003      0.003      0.003     -0.003     -0.005     -0.007     -0.015      0.013      0.000     -0.002      0.004     -0.039     -0.020     -0.037     -0.017      0.018     -0.040     -0.006      0.038     -0.019      0.011      0.012     -0.001      0.000      0.000      0.000      0.000      0.000      0.000      0.000     -0.001      0.004      0.000      0.000      0.000      0.000     -0.004
    -0.038     -0.007      0.005      0.006      0.035      0.014     -0.004      0.019      0.009      0.000     -0.009      0.031     -0.025      0.011     -0.013     -0.028      0.045     -0.020     -0.040     -0.031      0.017     -0.017     -0.045     -0.007      0.030      0.021      0.000      0.043     -0.007      0.022     -0.003      0.029      0.010      0.039      0.011     -0.003     -0.018      0.073      0.000     -0.001     -0.001      0.000      0.001      0.000      0.000     -0.002      0.013     -0.001      0.000      0.000      0.000      0.019
    -0.021      0.039      0.020      0.040      0.019     -0.034      0.035     -0.017      0.015     -0.004      0.011     -0.013     -0.032     -0.027     -0.026      0.017     -0.024      0.007      0.008     -0.007      0.026     -0.009      0.011     -0.025     -0.026     -0.007      0.019      0.007     -0.018     -0.037     -0.020     -0.001     -0.011      0.013      0.019     -0.011      0.022      0.011      0.008      0.000      0.000      0.000      0.000      0.000      0.000      0.000     -0.002      0.000      0.000      0.000      0.000      0.002
     0.019      0.009     -0.010      0.010     -0.002      0.035     -0.011      0.039      0.004     -0.018      0.007     -0.022     -0.003     -0.017     -0.010      0.003     -0.005      0.032      0.010      0.020      0.048     -0.010      0.017     -0.053     -0.031      0.011      0.037      0.001      0.003      0.005      0.025      0.007      0.000     -0.020      0.005      0.026     -0.002     -0.037      0.022      0.006      0.000      0.000      0.000      0.000      0.000      0.000      0.000      0.000      0.000      0.000      0.000      0.000
     0.020      0.018     -0.005      0.010      0.037      0.011     -0.026      0.062      0.018      0.005      0.013      0.004      0.013     -0.015     -0.038     -0.026     -0.003      0.029      0.002      0.023     -0.012      0.006     -0.007     -0.051      0.029      0.015     -0.003     -0.010     -0.018     -0.056      0.018     -0.009      0.016      0.010     -0.010      0.006     -0.017     -0.020      0.004     -0.012      0.045     -0.001      0.000      0.000      0.000     -0.001     -0.004     -0.001      0.000     -0.001      0.000      0.010
     0.010      0.021     -0.005     -0.013     -0.029      0.005     -0.009     -0.010      0.000      0.024      0.028      0.015     -0.003      0.001      0.001     -0.009     -0.021      0.037      0.002      0.004      0.016      0.017     -0.002      0.011     -0.011     -0.012      0.027      0.027      0.015      0.026     -0.066     -0.011      0.006     -0.031      0.006      0.013      0.004     -0.015     -0.039     -0.025     -0.072      0.006      0.000     -0.001      0.000      0.003      0.013     -0.003      0.000     -0.001      0.001     -0.028
     0.000     -0.039     -0.004     -0.027     -0.006     -0.030     -0.028      0.006      0.004     -0.026      0.010     -0.008     -0.022     -0.053     -0.009     -0.022      0.001      0.020     -0.020      0.003     -0.018      0.009     -0.022     -0.025      0.012      0.026      0.096      0.091      0.138      0.117      0.112      0.070      0.052      0.058      0.018      0.081     -0.003      0.092      0.012     -0.010      0.013     -0.078      0.001      0.000      0.000      0.000      0.005      0.000      0.000      0.000     -0.001     -0.023
     0.002      0.025      0.009      0.043      0.040      0.001      0.024      0.001     -0.030     -0.010     -0.011      0.021     -0.001      0.017      0.034      0.008     -0.043      0.015      0.012      0.009      0.022      0.022      0.045     -0.003      0.019     -0.044     -0.061     -0.068     -0.045     -0.097     -0.012     -0.022     -0.038      0.008     -0.003     -0.005      0.016     -0.002      0.023      0.017      0.042     -0.548     -0.182      0.001      0.000     -0.001     -0.003      0.000      0.000      0.000     -0.001      0.008
     0.001     -0.021     -0.007     -0.041     -0.038     -0.011     -0.019      0.010      0.039      0.009      0.014     -0.026     -0.003     -0.020     -0.048     -0.009      0.036     -0.011     -0.012     -0.016     -0.030     -0.013     -0.045      0.003     -0.025      0.042      0.048      0.070      0.045      0.080      0.006      0.018      0.015     -0.017     -0.010     -0.019     -0.013      0.001     -0.012     -0.019     -0.005      0.368      0.148     -0.899      0.000      0.000      0.001      0.000      0.000      0.000      0.000     -0.001
     0.005     -0.021      0.025     -0.005     -0.048     -0.050     -0.013      0.001     -0.026     -0.004     -0.001      0.002     -0.021     -0.012     -0.006      0.008     -0.007      0.006      0.002      0.006     -0.013     -0.009     -0.006      0.021      0.013     -0.023      0.086      0.045      0.069      0.039     -0.033     -0.009     -0.016     -0.015      0.005     -0.004     -0.055     -0.046     -0.018     -0.035     -0.044      0.258      0.129     -0.199      0.161      0.022     -0.001     -0.012      0.000      0.005      0.001      0.048
    -0.009      0.029     -0.026     -0.030     -0.006     -0.007     -0.035     -0.002     -0.033      0.015     -0.008     -0.025      0.001     -0.010     -0.016     -0.005     -0.019      0.037     -0.027     -0.003     -0.013     -0.025      0.003     -0.011      0.015      0.011      0.035     -0.022      0.089      0.082      0.062      0.025      0.012     -0.019      0.019     -0.003      0.038      0.052     -0.024     -0.003     -0.020      0.174      0.233     -0.112      0.071     -0.004      0.877      0.001      0.000     -0.021     -0.003     -0.430
    -0.030     -0.034     -0.006     -0.006      0.007      0.035      0.010     -0.009      0.012     -0.011     -0.027     -0.020      0.018     -0.003      0.014      0.001      0.032     -0.020      0.017     -0.003     -0.013      0.005     -0.012      0.007      0.007      0.002     -0.062     -0.050     -0.064     -0.004      0.008      0.017      0.021      0.009      0.037     -0.037     -0.016     -0.027     -0.008      0.023     -0.015     -0.194     -0.068     -0.052     -0.017     -0.431      0.004      0.033      0.000      0.001     -0.002     -0.028
     0.011      0.013     -0.009     -0.008     -0.009     -0.008     -0.016     -0.014     -0.009      0.018      0.026      0.007      0.009      0.008     -0.009     -0.017      0.029     -0.011     -0.023      0.002     -0.001     -0.015     -0.004     -0.012     -0.012      0.039      0.040      0.019      0.040      0.058      0.023     -0.032      0.056      0.004     -0.005     -0.012      0.016      0.035     -0.014      0.003     -0.025      0.359      0.135     -0.354      0.207     -0.014      0.082     -0.343      0.000      0.000      0.000      0.000
    -0.029     -0.007     -0.002      0.025     -0.045     -0.011      0.002      0.010     -0.005      0.002     -0.035     -0.014     -0.007     -0.006      0.021      0.007      0.025     -0.010     -0.017     -0.001     -0.011     -0.012     -0.039      0.020      0.005      0.005     -0.010     -0.052     -0.023     -0.058     -0.023     -0.029     -0.011      0.031      0.059     -0.010     -0.005     -0.007      0.015      0.012     -0.030     -0.079     -0.084      0.044     -0.034      0.173     -0.116      0.024      0.021      0.039     -0.001      0.045
     0.022     -0.012      0.019      0.012     -0.007      0.007     -0.032      0.015      0.006      0.015     -0.013     -0.018     -0.002     -0.013     -0.030      0.011      0.025     -0.016     -0.021     -0.021      0.004     -0.042     -0.014      0.019     -0.013      0.012      0.015      0.016     -0.008     -0.017      0.000     -0.008     -0.008     -0.010     -0.005      0.024      0.015     -0.005     -0.005      0.006      0.001      0.103     -0.216     -0.210      0.129      0.071     -0.030     -0.134      0.016     -0.044      0.009     -0.026
    -0.002     -0.007      0.029      0.008      0.014     -0.021      0.007     -0.007     -0.021     -0.021     -0.030      0.026     -0.002      0.023     -0.021      0.020      0.010     -0.009      0.013     -0.029      0.005     -0.015      0.003      0.014     -0.031     -0.005      0.027     -0.041      0.037      0.012     -0.006      0.004      0.015      0.008     -0.015      0.012     -0.013      0.024      0.008     -0.002      0.016     -0.117     -0.316      0.092     -0.042      0.109     -0.156     -0.052     -0.014      0.078     -0.093      8.661

Derivative matrix of expected statistics X by parameters and
covariance/correlation matrix of X can be found using
summary(ans) within R, or by using the 'verbose' option in Siena07.
 
Total computation time 4162.92 seconds.
