

-----------------------------------
New Analysis started.
Date and time: 21/09/2026 16:53:43
New results follow.
-----------------------------------

RSiena version 1.3.10 (28 Apr 22)


@1
Estimation by stochastic approximation algorithm.
=================================================

Current random number seed is 52020071.
Effects object used: bound$effects 
Model Type:
 Initiative model
Behavioral Model Type:
 Standard behavior actor-oriented model ('restrict')
Estimation method: unconditional moment estimation
.

Time duration for simulations in each period is 1.0.
Changing composition.
Joiners/leavers option: 1
Standard errors are estimated with the likelihood ratio method.
Dolby method (regression on scores) is used.
Initial value of gain parameter is  0.2000000.
Reduction factor for gain parameter is  0.5000000.
Number of subphases in Phase 2 is 0.

Initial parameter values are 
  1. rate:  constant dv.net rate (period 1)                 0.0564
  2. rate:  constant dv.net rate (period 2)                 0.1735
  3. rate:  constant dv.net rate (period 3)                 0.5639
  4. rate:  constant dv.net rate (period 4)                 0.4034
  5. rate:  constant dv.net rate (period 5)                 0.3809
  6. rate:  constant dv.net rate (period 6)                 0.3707
  7. rate:  constant dv.net rate (period 7)                 0.4705
  8. rate:  constant dv.net rate (period 8)                 0.3513
  9. rate:  constant dv.net rate (period 9)                 0.3747
 10. rate:  constant dv.net rate (period 10)                0.3168
 11. rate:  constant dv.net rate (period 11)                0.3658
 12. rate:  constant dv.net rate (period 12)                0.5009
 13. rate:  constant dv.net rate (period 13)                0.3882
 14. rate:  constant dv.net rate (period 14)                0.3557
 15. rate:  constant dv.net rate (period 15)                0.3228
 16. rate:  constant dv.net rate (period 16)                0.5567
 17. eval:  degree (density)                               -6.3226
 18. eval:  GWESP (69)                                      2.5012
 19. eval:  degree act+pop                                  0.0316
 20. eval:  nets.lndistance_d                              -0.8935
 21. eval:  nets.ATOP_d                                     0.9114
 22. eval:  nets.absidealdiff_d                            -0.5232
 23. eval:  nets.lntrade_d                                  0.0159
 24. eval:  nets.NATO_d                                    -3.9244
 25. eval:  milex.beh alter                                -0.0451
 26. eval:  beh.democracy_1 alter                           1.6180
 27. eval:  beh.lncinc_1 alter                              0.7925
 28. rate:  rate milex.beh (period 1)                       0.9339
 29. rate:  rate milex.beh (period 2)                       1.3064
 30. rate:  rate milex.beh (period 3)                       1.3528
 31. rate:  rate milex.beh (period 4)                       1.1988
 32. rate:  rate milex.beh (period 5)                       0.6987
 33. rate:  rate milex.beh (period 6)                       0.5751
 34. rate:  rate milex.beh (period 7)                       0.4810
 35. rate:  rate milex.beh (period 8)                       0.5314
 36. rate:  rate milex.beh (period 9)                       0.3811
 37. rate:  rate milex.beh (period 10)                      1.7740
 38. rate:  rate milex.beh (period 11)                      0.5923
 39. rate:  rate milex.beh (period 12)                      1.3558
 40. rate:  rate milex.beh (period 13)                      0.3328
 41. rate:  rate milex.beh (period 14)                      0.3010
 42. rate:  rate milex.beh (period 15)                      1.1155
 43. rate:  rate milex.beh (period 16)                      0.4229
 44. eval:  milex.beh linear shape                         -1.1970
 45. eval:  milex.beh quadratic shape                      -0.0350
 46. eval:  milex.beh degree                                0.0957
 47. eval:  milex.beh dense triads                         -0.0270
 48. eval:  milex.beh: effect from beh.democracy_1         -0.5059
 49. eval:  milex.beh: effect from beh.GDPgrowth_1         -2.6623
 50. eval:  milex.beh: effect from beh.nato_1               0.8854
 51. eval:  milex.beh: effect from beh.allies_1            -0.0113
 52. eval:  milex.beh: effect from beh.military_1           0.2432
 53. eval:  milex.beh: effect from beh.lnmids_1             0.2086
 54. eval:  milex.beh: effect from beh.milexSpLag_1         7.7293


Observed values of target statistics are
  1. Amount of network change in period 1                                10.0000
  2. Amount of network change in period 2                                34.0000
  3. Amount of network change in period 3                                86.0000
  4. Amount of network change in period 4                                94.0000
  5. Amount of network change in period 5                                76.0000
  6. Amount of network change in period 6                                76.0000
  7. Amount of network change in period 7                                94.0000
  8. Amount of network change in period 8                                78.0000
  9. Amount of network change in period 9                                84.0000
 10. Amount of network change in period 10                               72.0000
 11. Amount of network change in period 11                               84.0000
 12. Amount of network change in period 12                              114.0000
 13. Amount of network change in period 13                               94.0000
 14. Amount of network change in period 14                               88.0000
 15. Amount of network change in period 15                               80.0000
 16. Amount of network change in period 16                              138.0000
 17. Number of edges                                                   4265.0000
 18. Numb. edgew. shrd prtns.(69)                                      12243.8654
 19. Sum of squared degrees                                            260112.0000
 20. Sum of ties x nets.lndistance_d                                   -8870.7440
 21. Sum of ties x nets.ATOP_d                                         4953.4629
 22. Sum of ties x nets.absidealdiff_d                                 -2358.0283
 23. Sum of ties x nets.lntrade_d                                      30355.5071
 24. Sum of ties x nets.NATO_d                                          902.1365
 25. Sum of degrees x milex.beh                                         -18.6684
 26. Sum of degrees x beh.democracy_1                                  2457.4901
 27. Sum of degrees x beh.lncinc_1                                     10857.5339
 28. Amount of behavioral change in period 1 on milex.beh                41.0000
 29. Amount of behavioral change in period 2 on milex.beh                50.0000
 30. Amount of behavioral change in period 3 on milex.beh                57.0000
 31. Amount of behavioral change in period 4 on milex.beh                52.0000
 32. Amount of behavioral change in period 5 on milex.beh                37.0000
 33. Amount of behavioral change in period 6 on milex.beh                32.0000
 34. Amount of behavioral change in period 7 on milex.beh                28.0000
 35. Amount of behavioral change in period 8 on milex.beh                31.0000
 36. Amount of behavioral change in period 9 on milex.beh                24.0000
 37. Amount of behavioral change in period 10 on milex.beh               71.0000
 38. Amount of behavioral change in period 11 on milex.beh               34.0000
 39. Amount of behavioral change in period 12 on milex.beh               55.0000
 40. Amount of behavioral change in period 13 on milex.beh               18.0000
 41. Amount of behavioral change in period 14 on milex.beh               17.0000
 42. Amount of behavioral change in period 15 on milex.beh               48.0000
 43. Amount of behavioral change in period 16 on milex.beh               20.0000
 44. milex.beh centered sum                                             -65.8453
 45. milex.beh sum of cent. squares                                    5577.0824
 46. milex.beh outdegrees                                              -304.0788
 47. milex.beh dense triads                                            -2642.8490
 48. milex.beh x beh.democracy_1                                       -377.6470
 49. milex.beh x beh.GDPgrowth_1                                          1.0505
 50. milex.beh x beh.nato_1                                              36.7931
 51. milex.beh x beh.allies_1                                          -3748.6989
 52. milex.beh x beh.military_1                                         122.1105
 53. milex.beh x beh.lnmids_1                                           550.8479
 54. milex.beh x beh.milexSpLag_1                                        23.1712

 54 parameters, 54 statistics

Number of subphases is specified as 0.
Therefore the estimation phase is skipped
 and the program passes on immediately to phase 3
 for checking the current parameter values and calculating standard errors.
Estimation of derivatives by the LR method (type 1).


@2
End of stochastic approximation algorithm, phase 3.
---------------------------------------------------

Total of 3000 iterations.
Parameter estimates based on 0 iterations,
convergence diagnostics, covariance and derivative matrices based on 3000 iterations.

Information for convergence diagnosis.
Averages, standard deviations, and t-ratios for deviations from targets:
  1.  -0.3400    4.2867  -0.0793 
  2.   0.1493    8.4164   0.0177 
  3.   0.0193   12.1226   0.0016 
  4.  -0.4500   14.2284  -0.0316 
  5.  -0.5980   11.7223  -0.0510 
  6.  -0.8100   11.5739  -0.0700 
  7.   1.3340   13.3603   0.0998 
  8.  -0.6860   11.9367  -0.0575 
  9.   0.1300   12.5483   0.0104 
 10.   0.0600   11.6604   0.0051 
 11.  -0.4187   12.5018  -0.0335 
 12.  -0.8840   14.8676  -0.0595 
 13.  -0.6387   13.3471  -0.0479 
 14.   0.1320   12.5552   0.0105 
 15.   1.4287   12.4379   0.1149 
 16.  -1.9220   16.2867  -0.1180 
 17.   0.2537   25.5392   0.0099 
 18.  -0.0297   96.8028  -0.0003 
 19.  31.4333 2477.6434   0.0127 
 20.  -0.5142   64.8279  -0.0079 
 21.  -0.1904   31.8394  -0.0060 
 22.  -0.6991   42.6087  -0.0164 
 23.   1.1296  190.3793   0.0059 
 24.   0.3292    8.2602   0.0398 
 25.  -2.2812   51.5215  -0.0443 
 26.  -0.0357   19.0344  -0.0019 
 27.   1.5620   84.5456   0.0185 
 28.  -0.2447    5.5543  -0.0441 
 29.  -0.2867    6.0435  -0.0474 
 30.  -0.0593    6.4187  -0.0092 
 31.   0.0137    6.3641   0.0021 
 32.  -0.2200    5.4714  -0.0402 
 33.   0.0967    5.1644   0.0187 
 34.  -0.0227    4.9203  -0.0046 
 35.   0.0657    5.0166   0.0131 
 36.  -0.0503    4.4906  -0.0112 
 37.  -0.2710    6.9539  -0.0390 
 38.  -0.0817    5.2061  -0.0157 
 39.  -0.1700    6.1187  -0.0278 
 40.   0.1113    3.9980   0.0278 
 41.  -0.0517    3.9600  -0.0130 
 42.   0.2363    6.0655   0.0390 
 43.  -0.2323    4.0772  -0.0570 
 44.   0.1987   23.5285   0.0084 
 45.   5.1381   97.2272   0.0528 
 46.  -0.6913  166.4600  -0.0042 
 47.  -1.2897  433.4621  -0.0030 
 48.  -0.3116   11.9542  -0.0261 
 49.   0.0025    2.1572   0.0012 
 50.   0.0882    9.1210   0.0097 
 51.  -2.6573  460.9016  -0.0058 
 52.  -0.0438    6.7934  -0.0065 
 53.  -0.1094   15.3581  -0.0071 
 54.  -0.0032    0.4997  -0.0063 

Good convergence is indicated by the t-ratios being close to zero.

Overall maximum convergence ratio =  0.3154 .



@2
Estimation Results.
-------------------

Regular end of estimation algorithm.
Total of 3000 iteration steps.


@3
Estimates and standard errors
                             
Network Dynamics
 1. rate:  constant dv.net rate (period 1)                         0.0564  (   0.0270)
 2. rate:  constant dv.net rate (period 2)                         0.1735  (   0.0424)
 3. rate:  constant dv.net rate (period 3)                         0.5639  (   0.1076)
 4. rate:  constant dv.net rate (period 4)                         0.4034  (   0.0601)
 5. rate:  constant dv.net rate (period 5)                         0.3809  (   0.0702)
 6. rate:  constant dv.net rate (period 6)                         0.3707  (   0.0686)
 7. rate:  constant dv.net rate (period 7)                         0.4705  (   0.0764)
 8. rate:  constant dv.net rate (period 8)                         0.3513  (   0.0625)
 9. rate:  constant dv.net rate (period 9)                         0.3747  (   0.0617)
10. rate:  constant dv.net rate (period 10)                        0.3168  (   0.0569)
11. rate:  constant dv.net rate (period 11)                        0.3658  (   0.0621)
12. rate:  constant dv.net rate (period 12)                        0.5009  (   0.0733)
13. rate:  constant dv.net rate (period 13)                        0.3882  (   0.0598)
14. rate:  constant dv.net rate (period 14)                        0.3557  (   0.0583)
15. rate:  constant dv.net rate (period 15)                        0.3228  (   0.0540)
16. rate:  constant dv.net rate (period 16)                        0.5567  (   0.0735)
17. eval:  degree (density)                                       -6.3226  (   0.2627)
18. eval:  GWESP (69)                                              2.5012  (   0.2420)
19. eval:  degree act+pop                                          0.0316  (   0.0057)
20. eval:  nets.lndistance_d                                      -0.8935  (   0.0759)
21. eval:  nets.ATOP_d                                             0.9114  (   0.1581)
22. eval:  nets.absidealdiff_d                                    -0.5232  (   0.0788)
23. eval:  nets.lntrade_d                                          0.0159  (   0.0332)
24. eval:  nets.NATO_d                                            -3.9244  (   0.4404)
25. eval:  milex.beh alter                                        -0.0451  (   0.0673)
26. eval:  beh.democracy_1 alter                                   1.6180  (   0.2950)
27. eval:  beh.lncinc_1 alter                                      0.7925  (   0.0708)
Behavior Dynamics

28. rate:  rate milex.beh (period 1)                               0.9339  (   0.1829)
29. rate:  rate milex.beh (period 2)                               1.3064  (   0.2432)
30. rate:  rate milex.beh (period 3)                               1.3528  (   0.2556)
31. rate:  rate milex.beh (period 4)                               1.1988  (   0.2331)
32. rate:  rate milex.beh (period 5)                               0.6987  (   0.1327)
33. rate:  rate milex.beh (period 6)                               0.5751  (   0.1185)
34. rate:  rate milex.beh (period 7)                               0.4810  (   0.1012)
35. rate:  rate milex.beh (period 8)                               0.5314  (   0.1120)
36. rate:  rate milex.beh (period 9)                               0.3811  (   0.0847)
37. rate:  rate milex.beh (period 10)                              1.7740  (   0.3532)
38. rate:  rate milex.beh (period 11)                              0.5923  (   0.1178)
39. rate:  rate milex.beh (period 12)                              1.3558  (   0.2553)
40. rate:  rate milex.beh (period 13)                              0.3328  (   0.0832)
41. rate:  rate milex.beh (period 14)                              0.3010  (   0.0754)
42. rate:  rate milex.beh (period 15)                              1.1155  (   0.2091)
43. rate:  rate milex.beh (period 16)                              0.4229  (   0.1110)
44. eval:  milex.beh linear shape                                 -1.1970  (   0.0812)
45. eval:  milex.beh quadratic shape                              -0.0350  (   0.0268)
46. eval:  milex.beh degree                                        0.0957  (   0.0280)
47. eval:  milex.beh dense triads                                 -0.0270  (   0.0096)
48. eval:  milex.beh: effect from beh.democracy_1                 -0.5059  (   0.1422)
49. eval:  milex.beh: effect from beh.GDPgrowth_1                 -2.6623  (   0.9578)
50. eval:  milex.beh: effect from beh.nato_1                       0.8854  (   0.1785)
51. eval:  milex.beh: effect from beh.allies_1                    -0.0113  (   0.0037)
52. eval:  milex.beh: effect from beh.military_1                   0.2432  (   0.1974)
53. eval:  milex.beh: effect from beh.lnmids_1                     0.2086  (   0.0946)
54. eval:  milex.beh: effect from beh.milexSpLag_1                 7.7293  (   2.9459)


@3
Covariance matrices
                   
Covariance matrix of estimates (correlations below diagonal):
     0.001      0.000      0.000      0.000      0.000      0.000      0.000      0.000      0.000      0.000      0.000      0.000      0.000      0.000      0.000      0.000     -0.001      0.000      0.000      0.000      0.000      0.000      0.000      0.000      0.000      0.000      0.000      0.000      0.000      0.000      0.000      0.000      0.000      0.000      0.000      0.000      0.000      0.000      0.000      0.000      0.000      0.000      0.000      0.000      0.000      0.000      0.000      0.000      0.000      0.000      0.000      0.000      0.000     -0.002
     0.033      0.002      0.000      0.000      0.000      0.000      0.000      0.000      0.000      0.000      0.000      0.000      0.000      0.000      0.000      0.000     -0.001      0.001      0.000      0.000      0.000      0.000      0.000     -0.001      0.000      0.000      0.000      0.000      0.000      0.000      0.000      0.000      0.000      0.000      0.000      0.000      0.000      0.000      0.000      0.000      0.000      0.000      0.000      0.000      0.000      0.000      0.000      0.000     -0.001      0.000      0.000      0.000      0.000      0.003
     0.028      0.036      0.012      0.000      0.000      0.000      0.000      0.000      0.000      0.000      0.000      0.000      0.000      0.000      0.000      0.000     -0.001      0.001      0.000      0.001     -0.001      0.000      0.000      0.001      0.000     -0.003     -0.001      0.000     -0.001      0.000      0.000      0.000      0.000      0.000      0.000      0.000      0.000      0.000     -0.001      0.000      0.000     -0.001      0.000      0.000      0.000      0.000      0.000      0.000     -0.001     -0.001      0.000      0.001      0.000     -0.001
     0.001      0.013      0.054      0.004      0.000      0.000      0.000      0.000      0.000      0.000      0.000      0.000      0.000      0.000      0.000      0.000     -0.001      0.001      0.000      0.000      0.000      0.000      0.000     -0.001      0.000     -0.001      0.000      0.000      0.000      0.000     -0.001      0.000      0.000      0.000      0.000      0.000      0.000      0.000      0.000      0.000      0.000      0.000      0.000      0.000      0.000      0.000      0.000      0.000      0.001      0.000      0.000      0.000      0.000     -0.002
     0.021      0.027      0.021      0.024      0.005      0.000      0.000      0.000      0.000      0.000      0.000      0.000      0.000      0.000      0.000      0.000     -0.002      0.001      0.000      0.000      0.000      0.000      0.000     -0.002      0.000     -0.001      0.000      0.000      0.000      0.000      0.000      0.000      0.000      0.000      0.000      0.000      0.000      0.000      0.000      0.000      0.000      0.000      0.000      0.000      0.000      0.000      0.000      0.000     -0.002      0.000      0.000      0.001      0.000      0.001
     0.018      0.047      0.049      0.037      0.037      0.005      0.000      0.000      0.000      0.000      0.000      0.000      0.000      0.000      0.000      0.000     -0.001      0.001      0.000      0.000      0.000      0.000      0.000      0.001      0.000      0.000      0.000      0.000      0.000      0.000      0.000      0.000      0.000      0.000      0.000      0.000      0.000      0.000      0.000      0.000      0.000      0.000      0.000      0.000      0.000      0.000      0.000      0.000      0.004      0.000      0.000      0.000      0.000     -0.002
    -0.014      0.022      0.039      0.008      0.048      0.014      0.006      0.000      0.000      0.000      0.000      0.000      0.000      0.000      0.000      0.000      0.000      0.000      0.000      0.000     -0.001      0.000      0.000      0.001      0.000     -0.002      0.000      0.000      0.000      0.000      0.000      0.000      0.000      0.000      0.000      0.000      0.000      0.000      0.000      0.000      0.000      0.000      0.000      0.000      0.000      0.000      0.000      0.000      0.001      0.000      0.000      0.000      0.000      0.000
    -0.012      0.023      0.007      0.046      0.009      0.018     -0.005      0.004      0.000      0.000      0.000      0.000      0.000      0.000      0.000      0.000     -0.001      0.001      0.000      0.000      0.000      0.000      0.000      0.000      0.000      0.000      0.000      0.000      0.000     -0.001      0.000      0.000      0.000      0.000      0.000      0.000      0.000      0.000      0.000      0.000      0.000      0.000      0.000      0.000      0.000      0.000      0.000      0.000     -0.001      0.000      0.000      0.000      0.000     -0.001
     0.028      0.038      0.000      0.043      0.012      0.010      0.014      0.011      0.004      0.000      0.000      0.000      0.000      0.000      0.000      0.000      0.000      0.000      0.000      0.000      0.000      0.000      0.000      0.000      0.000     -0.001      0.000      0.000      0.000      0.000      0.000      0.000      0.000      0.000      0.000      0.000      0.000      0.000      0.000      0.000      0.000      0.000      0.000      0.000      0.000      0.000      0.000      0.000     -0.002      0.000      0.000      0.000      0.000     -0.002
     0.009      0.021      0.070      0.016      0.019      0.049      0.036      0.038     -0.004      0.003      0.000      0.000      0.000      0.000      0.000      0.000     -0.001      0.001      0.000      0.000      0.000      0.000      0.000      0.000      0.000      0.000      0.000      0.000      0.000      0.000      0.000      0.000      0.000      0.000      0.000      0.000      0.000      0.000      0.000      0.000      0.000      0.000      0.000      0.000      0.000      0.000      0.000      0.000      0.000      0.000      0.000      0.000      0.000      0.005
     0.046      0.030      0.015      0.037      0.020      0.049      0.010      0.000      0.029      0.016      0.004      0.000      0.000      0.000      0.000      0.000      0.000      0.000      0.000      0.000     -0.001      0.000      0.000      0.001      0.000     -0.001      0.000      0.000      0.000      0.000      0.000      0.000      0.000      0.000      0.000      0.000      0.000      0.000      0.000      0.000      0.000      0.000      0.000      0.000      0.000      0.000      0.000      0.000      0.000      0.000      0.000      0.000      0.000     -0.001
     0.010      0.001      0.040      0.016      0.013      0.016     -0.006     -0.011     -0.007      0.046      0.032      0.005      0.000      0.000      0.000      0.000      0.000      0.000      0.000      0.000      0.000      0.000      0.000      0.001      0.000     -0.001      0.000      0.000      0.000     -0.001      0.000      0.000      0.000      0.000      0.000      0.000      0.000      0.000      0.000      0.000      0.000      0.000      0.000      0.000      0.000      0.000      0.000      0.000      0.001      0.000      0.000      0.000      0.000      0.005
     0.019      0.018     -0.002      0.020     -0.024      0.011      0.005      0.016      0.016      0.008      0.001      0.026      0.004      0.000      0.000      0.000     -0.001      0.000      0.000      0.000      0.000      0.000      0.000      0.000      0.000      0.000      0.000      0.000      0.000      0.000      0.000      0.000      0.000      0.000      0.000      0.000      0.000      0.000      0.000      0.000      0.000      0.000      0.000      0.000      0.000      0.000      0.000      0.000      0.000      0.000      0.000      0.000      0.000      0.000
    -0.002      0.039      0.026      0.007     -0.010     -0.015     -0.004      0.004     -0.005      0.047     -0.004      0.015      0.010      0.003      0.000      0.000     -0.001      0.001      0.000      0.000      0.000      0.000      0.000     -0.001      0.000      0.001      0.000      0.000      0.000      0.000      0.000      0.000      0.000      0.000      0.000      0.000      0.000      0.000      0.000      0.000      0.000      0.000      0.000      0.000      0.000      0.000      0.000      0.000      0.000      0.000      0.000      0.000      0.000      0.008
     0.007      0.045      0.024      0.006     -0.010      0.037      0.016     -0.006     -0.006      0.008     -0.003      0.012      0.012      0.020      0.003      0.000      0.000      0.000      0.000      0.000      0.000      0.000      0.000      0.001      0.000      0.000      0.000      0.000      0.000      0.000      0.000      0.000      0.000      0.000      0.000      0.000      0.000      0.000      0.000      0.000      0.000      0.000      0.000      0.000      0.000      0.000      0.000      0.000      0.000      0.000      0.000      0.000      0.000     -0.002
     0.011      0.002      0.029      0.023     -0.019     -0.030      0.018      0.032      0.005      0.031     -0.004      0.046      0.006      0.008     -0.003      0.005      0.000      0.001      0.000      0.000      0.000      0.000      0.000      0.001      0.000      0.001      0.000      0.000      0.000      0.000      0.001      0.000      0.000      0.000      0.000      0.000     -0.001      0.000      0.000      0.000      0.000      0.000      0.000      0.000      0.000      0.000      0.000      0.000      0.000      0.000      0.000      0.000      0.000     -0.002
    -0.085     -0.121     -0.046     -0.090     -0.100     -0.083     -0.003     -0.051     -0.023     -0.057     -0.030     -0.004     -0.039     -0.047     -0.016     -0.020      0.069     -0.035      0.000      0.009     -0.009      0.007      0.001      0.039      0.001     -0.037     -0.011     -0.001      0.002      0.002      0.004      0.001      0.000     -0.001     -0.001      0.000      0.003      0.001      0.000      0.000      0.000     -0.002      0.000      0.000      0.000      0.000      0.000     -0.001     -0.002      0.000      0.000      0.002      0.000     -0.025
     0.029      0.087      0.036      0.079      0.066      0.032     -0.007      0.067      0.025      0.055      0.006      0.026      0.006      0.042      0.012      0.055     -0.544      0.059     -0.001     -0.005      0.004     -0.002     -0.002     -0.030      0.002      0.017      0.006      0.000     -0.002      0.000     -0.002      0.000      0.000      0.001      0.000      0.000     -0.003      0.000      0.001      0.000      0.000      0.001      0.001      0.000      0.000      0.000      0.000      0.000      0.005      0.001      0.000     -0.001      0.000      0.013
     0.046      0.044      0.089      0.055      0.042      0.043      0.021     -0.020      0.003     -0.006      0.021     -0.031      0.009     -0.013     -0.017     -0.062     -0.100     -0.465      0.000      0.000      0.000      0.000      0.000      0.000      0.000      0.000      0.000      0.000      0.000      0.000      0.000      0.000      0.000      0.000      0.000      0.000      0.000      0.000      0.000      0.000      0.000      0.000      0.000      0.000      0.000      0.000      0.000      0.000      0.000      0.000      0.000      0.000      0.000      0.001
     0.004      0.032      0.107      0.003      0.039      0.032      0.074     -0.008      0.018      0.045      0.024      0.046      0.006     -0.014      0.035      0.031      0.458     -0.289      0.071      0.006      0.002      0.000      0.001      0.005      0.000     -0.005     -0.003      0.000      0.000      0.000      0.001      0.000      0.000      0.000      0.000      0.000     -0.001      0.000      0.000      0.000      0.000      0.000      0.000      0.000      0.000      0.000      0.000      0.000      0.001      0.000      0.000      0.000      0.000      0.005
     0.031      0.007     -0.075     -0.024     -0.002     -0.008     -0.043     -0.024     -0.031     -0.003     -0.064     -0.035     -0.011     -0.037     -0.032     -0.004     -0.221      0.098     -0.015      0.160      0.025      0.001     -0.001     -0.008     -0.002      0.011      0.002      0.000      0.001      0.000      0.001      0.000      0.000      0.000      0.001      0.000     -0.003      0.001      0.001      0.000      0.000      0.000      0.000      0.000      0.000      0.000      0.000      0.000      0.003      0.000      0.000     -0.002      0.000      0.016
    -0.019     -0.031      0.006      0.010     -0.004      0.005     -0.009     -0.002      0.021      0.005     -0.001      0.016     -0.030     -0.012     -0.014      0.003      0.319     -0.127     -0.082      0.079      0.080      0.006      0.000      0.009     -0.002     -0.007     -0.001      0.000      0.000      0.000      0.000      0.000      0.000      0.000      0.000      0.000      0.001      0.000      0.000      0.000      0.000      0.000      0.000      0.000      0.000      0.000      0.000      0.000      0.000      0.000      0.000      0.000      0.000     -0.005
     0.033      0.061      0.127      0.015      0.080      0.050      0.063      0.027      0.063      0.071      0.036      0.042     -0.010      0.033      0.046      0.001      0.171     -0.286      0.224      0.400     -0.262     -0.063      0.001      0.000      0.000     -0.001     -0.001      0.000      0.000      0.000      0.000      0.000      0.000      0.000      0.000      0.000      0.000      0.000      0.000      0.000      0.000      0.000      0.000      0.000      0.000      0.000      0.000      0.000     -0.001      0.000      0.000      0.000      0.000      0.003
    -0.036     -0.049      0.023     -0.023     -0.055      0.025      0.023     -0.009     -0.004     -0.006      0.023      0.044      0.006     -0.029      0.038      0.020      0.337     -0.282     -0.064      0.165     -0.110      0.258     -0.034      0.194     -0.003     -0.032     -0.004     -0.001     -0.001      0.001      0.002      0.001      0.000     -0.001      0.000      0.000      0.004      0.001      0.001      0.000      0.000      0.003     -0.001      0.000      0.000      0.000      0.000     -0.001      0.005      0.000      0.000      0.002      0.001     -0.026
    -0.015     -0.045     -0.012     -0.025     -0.014     -0.029     -0.018     -0.001      0.019      0.000     -0.003     -0.009     -0.006      0.041      0.005      0.077      0.069      0.102     -0.170     -0.043     -0.150     -0.340      0.036     -0.117      0.005      0.005     -0.001      0.000      0.000      0.000      0.000      0.000      0.000      0.000      0.000      0.000      0.000      0.000      0.000      0.000      0.000      0.000      0.000      0.000      0.000      0.000      0.000      0.000      0.002      0.000      0.000      0.000      0.000     -0.001
    -0.006      0.005     -0.103     -0.036     -0.029     -0.007     -0.078     -0.007     -0.040      0.002     -0.060     -0.025      0.002      0.038     -0.003      0.027     -0.473      0.232     -0.144     -0.228      0.239     -0.307     -0.142     -0.249      0.243      0.087      0.004     -0.001      0.000     -0.002      0.000      0.000      0.000      0.000      0.001      0.001      0.001     -0.001      0.000      0.000      0.000      0.001      0.000      0.000      0.000      0.000      0.000      0.001      0.009      0.000      0.000     -0.001      0.000     -0.009
     0.007     -0.030     -0.106     -0.028     -0.034     -0.019     -0.058     -0.004     -0.039     -0.035     -0.023     -0.046      0.016     -0.037     -0.028     -0.036     -0.612      0.376     -0.244     -0.533      0.213     -0.199     -0.592     -0.115     -0.196      0.185      0.005      0.000      0.000      0.000     -0.001      0.000      0.000      0.000      0.000      0.000     -0.001      0.000      0.001      0.000      0.000      0.000      0.000      0.000      0.000      0.000      0.000      0.000     -0.001      0.000      0.000     -0.001      0.000     -0.003
     0.000     -0.005     -0.004     -0.014      0.016      0.014      0.008     -0.004      0.016      0.039      0.017      0.024      0.002      0.001      0.016     -0.014     -0.021      0.010      0.047     -0.001     -0.009     -0.014      0.018     -0.016     -0.014     -0.016     -0.015      0.033      0.000      0.001      0.000      0.001      0.000      0.000      0.000      0.000     -0.001     -0.001      0.001      0.000      0.000      0.000      0.000      0.000      0.000      0.000      0.000      0.001      0.003     -0.001      0.000      0.000      0.000      0.015
    -0.006      0.021     -0.024      0.000     -0.016      0.005      0.005     -0.017      0.010     -0.024     -0.001     -0.018      0.010      0.002     -0.003      0.016      0.024     -0.028     -0.003     -0.002      0.019      0.014     -0.004     -0.006     -0.017      0.004     -0.008      0.010      0.059      0.002      0.003      0.001      0.001      0.000      0.000      0.000      0.000      0.000      0.000      0.001      0.000      0.002      0.000      0.000      0.001      0.000      0.000      0.002      0.001     -0.001      0.000      0.000     -0.001     -0.004
     0.017      0.010      0.018      0.006     -0.015      0.014     -0.014     -0.033     -0.008      0.023      0.016     -0.027      0.032     -0.007      0.025     -0.005      0.027     -0.004     -0.005      0.016      0.007      0.013     -0.010      0.009      0.003     -0.021     -0.021      0.018      0.031      0.065      0.001      0.000      0.001      0.000      0.000      0.001     -0.001      0.000      0.001      0.000      0.001      0.001      0.000      0.000      0.001      0.000      0.000      0.002      0.039     -0.001      0.000     -0.003     -0.002      0.036
    -0.010      0.005     -0.004     -0.080     -0.001      0.016      0.014     -0.007     -0.027      0.023     -0.002      0.023     -0.018      0.004     -0.016      0.037      0.059     -0.039      0.012      0.053      0.037      0.022     -0.008      0.017      0.009     -0.003     -0.040      0.009      0.051      0.022      0.054      0.001      0.000      0.000     -0.001      0.000      0.000      0.000      0.002      0.000      0.000      0.001      0.000     -0.001      0.001      0.000      0.000      0.001      0.014     -0.001      0.000     -0.001     -0.001      0.035
     0.011     -0.018      0.008     -0.027     -0.042     -0.012      0.018     -0.042     -0.039     -0.002     -0.006     -0.012     -0.009     -0.017      0.002     -0.026      0.025     -0.012     -0.022     -0.010      0.018     -0.017     -0.031      0.013     -0.001     -0.002      0.022      0.024      0.042      0.006      0.028      0.018     -0.001      0.001      0.000      0.000      0.000      0.000      0.000      0.000      0.000     -0.001      0.000      0.000      0.000      0.000      0.000      0.000      0.007      0.000      0.000      0.001      0.000     -0.004
     0.005     -0.014     -0.004      0.003      0.009     -0.001      0.031      0.027      0.015     -0.002     -0.036     -0.022      0.034      0.007      0.010      0.009      0.015     -0.003     -0.017      0.011      0.011     -0.008      0.032     -0.005      0.027     -0.013     -0.019     -0.001      0.018      0.025     -0.013     -0.044      0.014      0.001      0.000      0.000      0.000      0.000      0.001      0.000      0.000      0.001      0.000      0.000      0.000      0.000      0.000      0.000      0.001      0.000      0.000      0.000      0.000      0.000
     0.013      0.013     -0.010      0.027     -0.005     -0.031     -0.006      0.036     -0.001     -0.007      0.026     -0.016      0.008     -0.003      0.016      0.023     -0.020      0.023     -0.031      0.034      0.012     -0.008      0.018     -0.015      0.001      0.006     -0.008     -0.008      0.013      0.013     -0.013      0.042      0.044      0.010      0.000      0.000     -0.001      0.000      0.001      0.000      0.000      0.000      0.001      0.000      0.000      0.000      0.000      0.000      0.000      0.000      0.000      0.000      0.000      0.004
     0.014      0.002      0.017      0.042     -0.011      0.006     -0.019     -0.065     -0.013      0.002     -0.030     -0.019      0.003      0.006     -0.065     -0.016     -0.031     -0.007      0.041     -0.014      0.035     -0.004     -0.029     -0.010     -0.009      0.023      0.011      0.022     -0.002      0.004     -0.021     -0.013     -0.017      0.001      0.013      0.000      0.001      0.000      0.000      0.000      0.000      0.000      0.000      0.000      0.000      0.000      0.000      0.000      0.003      0.000      0.000      0.000      0.000      0.005
    -0.020     -0.028      0.004     -0.023     -0.023     -0.001     -0.009      0.023      0.007      0.001     -0.027     -0.041      0.035      0.009      0.005      0.008     -0.008      0.020     -0.019     -0.016     -0.018      0.001     -0.010     -0.008      0.018      0.052      0.001     -0.030      0.019      0.023     -0.009      0.024      0.010     -0.002      0.004      0.007      0.000      0.000     -0.001      0.000      0.000      0.000      0.000      0.000      0.000      0.000      0.000      0.000     -0.001      0.000      0.000      0.000      0.000      0.000
    -0.031     -0.004     -0.007      0.000     -0.015      0.005      0.003      0.006     -0.021     -0.024     -0.001     -0.010      0.016      0.001     -0.006     -0.028      0.032     -0.035     -0.001     -0.040     -0.049      0.042     -0.008      0.026     -0.011      0.014     -0.031     -0.014      0.002     -0.013     -0.001      0.009     -0.002     -0.015      0.032     -0.006      0.125      0.000      0.002      0.000      0.000      0.000      0.000      0.000      0.001      0.000      0.000     -0.001      0.008      0.001      0.000      0.001     -0.001      0.011
     0.030      0.025      0.005      0.015     -0.012      0.007     -0.014     -0.022     -0.012      0.014      0.035      0.043      0.014     -0.011      0.028      0.014      0.019      0.004      0.009      0.029      0.034      0.032     -0.011      0.013      0.014     -0.028     -0.014     -0.028     -0.003     -0.005      0.017     -0.023     -0.026     -0.025     -0.005     -0.044      0.006      0.014      0.000      0.000      0.000      0.000      0.000      0.000      0.000      0.000      0.000     -0.001     -0.003      0.000      0.000      0.001      0.000      0.005
    -0.028     -0.015     -0.040     -0.011     -0.023     -0.012      0.016      0.028      0.004     -0.010     -0.029     -0.007     -0.001     -0.017     -0.025      0.017      0.005      0.021     -0.039     -0.022      0.012      0.014     -0.025      0.010      0.009     -0.004      0.032      0.019     -0.007      0.009      0.032      0.004      0.027      0.024      0.000     -0.027      0.019     -0.016      0.065      0.000      0.000     -0.002     -0.001      0.000      0.001      0.000      0.000     -0.002      0.005     -0.002      0.000      0.000      0.000     -0.017
    -0.007      0.023      0.013     -0.001      0.003     -0.007      0.025      0.019      0.003      0.023     -0.004     -0.005      0.010      0.030      0.036     -0.014      0.013     -0.012      0.009      0.007      0.033      0.009     -0.009      0.008      0.018     -0.019     -0.009      0.019      0.026     -0.002     -0.020     -0.010     -0.022     -0.026     -0.009     -0.027     -0.008      0.015      0.001      0.007      0.000      0.001      0.000      0.000      0.000      0.000      0.000      0.000      0.002      0.000      0.000     -0.001      0.000      0.001
    -0.016      0.017      0.002      0.015      0.007     -0.004      0.051     -0.010     -0.001      0.018      0.001     -0.044     -0.021     -0.003     -0.003     -0.013      0.011      0.022     -0.032      0.002      0.007     -0.003      0.003     -0.006      0.007     -0.010     -0.019     -0.011      0.015      0.035     -0.002     -0.004      0.015      0.011     -0.018     -0.007      0.002      0.025     -0.016      0.012      0.006      0.000      0.000      0.000      0.000      0.000      0.000      0.000      0.001      0.001      0.000      0.000      0.000     -0.004
     0.011      0.008     -0.031      0.016      0.021      0.010      0.001      0.009     -0.011      0.029     -0.008      0.010      0.025     -0.003     -0.029      0.007     -0.028      0.021     -0.007     -0.004      0.000     -0.003     -0.022      0.035      0.011      0.019      0.018      0.002      0.038      0.027      0.015     -0.034      0.020      0.009      0.000      0.003     -0.006      0.008     -0.031      0.030      0.015      0.044      0.000      0.000      0.000      0.000      0.000     -0.001      0.009     -0.001      0.000      0.000      0.000     -0.012
     0.002     -0.001      0.025      0.011      0.002      0.000     -0.012     -0.013      0.000     -0.008      0.000     -0.008      0.006      0.032      0.012      0.011      0.014      0.035     -0.013      0.022      0.010      0.001      0.004     -0.022      0.014      0.007     -0.023      0.001     -0.016     -0.009      0.005     -0.002     -0.011      0.050     -0.021      0.004     -0.009      0.002     -0.052     -0.019      0.022     -0.005      0.012     -0.001      0.000      0.000      0.000      0.000     -0.001      0.001      0.000      0.000      0.000      0.012
     0.028     -0.019      0.028     -0.023     -0.009      0.021      0.012      0.012     -0.005     -0.026      0.003      0.023     -0.020     -0.010      0.029      0.004     -0.006      0.017     -0.010     -0.014     -0.007     -0.016     -0.012      0.008      0.026     -0.004     -0.001     -0.013      0.018      0.013     -0.037     -0.035      0.004     -0.028     -0.027     -0.030      0.000     -0.028     -0.021     -0.022      0.002      0.006     -0.065      0.007      0.000     -0.001      0.000      0.002      0.017     -0.003      0.000     -0.001      0.001     -0.029
    -0.017     -0.006     -0.022     -0.023     -0.028     -0.003     -0.017     -0.044     -0.030      0.028     -0.001     -0.025     -0.013     -0.019     -0.013     -0.003      0.014     -0.022      0.015      0.005      0.020      0.024     -0.030      0.000      0.006      0.040     -0.019      0.075      0.132      0.176      0.183      0.060      0.058      0.048      0.009      0.016      0.058      0.005      0.091      0.007      0.034      0.041      0.009     -0.055      0.001      0.000      0.000      0.001      0.005      0.000      0.000      0.000     -0.001     -0.026
    -0.022      0.009      0.005      0.024     -0.015     -0.033     -0.005      0.018      0.013      0.012     -0.012     -0.018      0.015      0.023     -0.021     -0.032      0.010     -0.006      0.002      0.020     -0.008      0.022      0.037     -0.002     -0.032      0.005     -0.026     -0.033     -0.057     -0.027     -0.045     -0.030     -0.044     -0.014     -0.020      0.018      0.026      0.014      0.023      0.013     -0.004     -0.014      0.027     -0.553     -0.203      0.001      0.000     -0.001     -0.003      0.000      0.000      0.000     -0.001      0.010
     0.021     -0.008     -0.006     -0.019      0.008      0.021      0.000     -0.013     -0.009     -0.009      0.018      0.010     -0.010     -0.010      0.016      0.040      0.004     -0.011     -0.007     -0.010     -0.003     -0.023     -0.039      0.006      0.022     -0.006      0.021      0.039      0.060      0.017      0.050      0.034      0.041      0.008      0.013     -0.019     -0.036     -0.020     -0.028     -0.020     -0.014      0.026     -0.018      0.376      0.175     -0.909      0.000      0.000      0.001      0.000      0.000      0.000      0.000     -0.002
     0.015      0.005     -0.004      0.009     -0.029      0.015     -0.004      0.010     -0.018     -0.012      0.040     -0.035      0.030      0.025      0.011      0.007     -0.030      0.006      0.032     -0.012      0.010     -0.027     -0.001     -0.017     -0.001      0.028     -0.001      0.046      0.070      0.064      0.035      0.007      0.016      0.027      0.007     -0.007     -0.017     -0.033     -0.067     -0.029     -0.039     -0.034      0.016      0.211      0.169     -0.187      0.158      0.020      0.011     -0.010      0.000      0.004      0.001      0.058
    -0.005     -0.019     -0.009      0.012     -0.023      0.054      0.019     -0.009     -0.039     -0.003      0.006      0.019      0.004     -0.004      0.003      0.000     -0.007      0.023     -0.006      0.014      0.017      0.003     -0.026      0.011      0.032      0.032     -0.008      0.015      0.005      0.161      0.061      0.054      0.006      0.002      0.031     -0.007      0.024     -0.023      0.022      0.020      0.021      0.046     -0.010      0.222      0.191     -0.117      0.079      0.079      0.917     -0.007      0.000     -0.012     -0.004     -0.306
     0.020      0.004     -0.033      0.015      0.025      0.005     -0.010     -0.020      0.027      0.024      0.005      0.033      0.003     -0.004     -0.022      0.008     -0.007      0.014     -0.019     -0.007     -0.004      0.002     -0.007     -0.005      0.033     -0.008      0.023     -0.021     -0.033     -0.031     -0.025     -0.014      0.020     -0.013      0.015      0.011      0.008      0.009     -0.051      0.017      0.056     -0.028      0.040     -0.180     -0.059     -0.081      0.017     -0.410     -0.040      0.032      0.000      0.000     -0.002     -0.022
    -0.004     -0.026      0.013     -0.033     -0.001      0.036      0.011     -0.019     -0.017     -0.012     -0.024      0.002     -0.019     -0.021      0.014     -0.033      0.010     -0.002      0.004     -0.016     -0.011      0.010     -0.022      0.003      0.015     -0.009     -0.012      0.010      0.038      0.059      0.033      0.029     -0.010      0.009     -0.005     -0.022      0.012      0.001      0.037     -0.032      0.018      0.024     -0.098      0.396      0.132     -0.350      0.206     -0.028      0.083     -0.334      0.000      0.000      0.000     -0.001
     0.004      0.006      0.024     -0.018      0.036     -0.005      0.031      0.028     -0.006      0.000      0.000     -0.006      0.038     -0.006     -0.014     -0.012      0.038     -0.022      0.024      0.025     -0.051     -0.022      0.021      0.021      0.036     -0.020     -0.050     -0.002     -0.001     -0.053     -0.022      0.022     -0.006     -0.021      0.020      0.009      0.018      0.038     -0.005     -0.050      0.006      0.008     -0.008     -0.067     -0.086      0.030     -0.012      0.140     -0.063     -0.010      0.045      0.039      0.000      0.032
     0.005     -0.042     -0.013     -0.015      0.028      0.013      0.030      0.020     -0.019     -0.057      0.002     -0.037      0.010     -0.012      0.005      0.020     -0.002      0.010     -0.032     -0.028      0.017      0.000     -0.019      0.013     -0.006      0.014      0.026      0.004     -0.023     -0.089     -0.054     -0.006      0.019      0.048      0.010      0.013     -0.042     -0.017     -0.007      0.013     -0.004      0.000     -0.014      0.070     -0.242     -0.220      0.161      0.041     -0.041     -0.107     -0.009      0.013      0.009     -0.017
    -0.027      0.025     -0.003     -0.011      0.004     -0.008      0.001     -0.004     -0.010      0.028     -0.005      0.022      0.000      0.047     -0.015     -0.008     -0.033      0.018      0.048      0.022      0.035     -0.020      0.033     -0.020     -0.006     -0.011     -0.013      0.028     -0.005      0.048      0.051     -0.009      0.001      0.015      0.017      0.001      0.010      0.014     -0.023      0.003     -0.017     -0.019      0.038     -0.119     -0.327      0.117     -0.087      0.139     -0.109     -0.043     -0.052      0.055     -0.061      8.678

Derivative matrix of expected statistics X by parameters and
covariance/correlation matrix of X can be found using
summary(ans) within R, or by using the 'verbose' option in Siena07.
 
Total computation time 735.14 seconds.
