

-----------------------------------
New Analysis started.
Date and time: 21/09/2026 14:57:26
New results follow.
-----------------------------------

RSiena version 1.3.10 (28 Apr 22)


@1
Estimation by stochastic approximation algorithm.
=================================================

Current random number seed is 2009404.
Effects object used: bound$effects 
Model Type:
 Initiative model
Behavioral Model Type:
 Standard behavior actor-oriented model ('restrict')
Estimation method: unconditional moment estimation
.

Time duration for simulations in each period is 1.0.
Changing composition.
Joiners/leavers option: 1
Standard errors are estimated with the likelihood ratio method.
Dolby method (regression on scores) is used.
Initial value of gain parameter is  0.2000000.
Reduction factor for gain parameter is  0.5000000.
Number of subphases in Phase 2 is 0.

Initial parameter values are 
  1. rate:  constant dv.net rate (period 1)                 0.0472
  2. rate:  constant dv.net rate (period 2)                 0.1389
  3. rate:  constant dv.net rate (period 3)                 0.4314
  4. rate:  constant dv.net rate (period 4)                 0.3485
  5. rate:  constant dv.net rate (period 5)                 0.3233
  6. rate:  constant dv.net rate (period 6)                 0.3194
  7. rate:  constant dv.net rate (period 7)                 0.3979
  8. rate:  constant dv.net rate (period 8)                 0.3093
  9. rate:  constant dv.net rate (period 9)                 0.3269
 10. rate:  constant dv.net rate (period 10)                0.2749
 11. rate:  constant dv.net rate (period 11)                0.3220
 12. rate:  constant dv.net rate (period 12)                0.4463
 13. rate:  constant dv.net rate (period 13)                0.3536
 14. rate:  constant dv.net rate (period 14)                0.3234
 15. rate:  constant dv.net rate (period 15)                0.2895
 16. rate:  constant dv.net rate (period 16)                0.5157
 17. rate:  constant dv.net rate (period 17)                0.3412
 18. rate:  constant dv.net rate (period 18)                0.3965
 19. eval:  degree (density)                               -5.5318
 20. eval:  transitive triads                               0.1572
 21. eval:  degree act+pop                                  0.0572
 22. eval:  nets.lndistance_d                              -0.8546
 23. eval:  nets.ATOP_d                                     1.0961
 24. eval:  nets.absidealdiff_d                            -0.6046
 25. eval:  nets.lntrade_d                                  0.0714
 26. eval:  nets.NATO_d                                    -3.3720
 27. eval:  milex.beh alter                                -0.0567
 28. eval:  beh.democracy_1 alter                           1.4529
 29. eval:  beh.lncinc_1 alter                              0.7970
 30. rate:  rate milex.beh (period 1)                       0.9319
 31. rate:  rate milex.beh (period 2)                       1.3030
 32. rate:  rate milex.beh (period 3)                       1.3565
 33. rate:  rate milex.beh (period 4)                       1.1874
 34. rate:  rate milex.beh (period 5)                       0.6937
 35. rate:  rate milex.beh (period 6)                       0.5667
 36. rate:  rate milex.beh (period 7)                       0.4755
 37. rate:  rate milex.beh (period 8)                       0.5216
 38. rate:  rate milex.beh (period 9)                       0.3751
 39. rate:  rate milex.beh (period 10)                      1.7195
 40. rate:  rate milex.beh (period 11)                      0.5863
 41. rate:  rate milex.beh (period 12)                      1.3256
 42. rate:  rate milex.beh (period 13)                      0.3229
 43. rate:  rate milex.beh (period 14)                      0.2974
 44. rate:  rate milex.beh (period 15)                      1.0852
 45. rate:  rate milex.beh (period 16)                      0.4083
 46. rate:  rate milex.beh (period 17)                      0.3554
 47. rate:  rate milex.beh (period 18)                      0.4065
 48. eval:  milex.beh linear shape                         -1.1722
 49. eval:  milex.beh quadratic shape                      -0.0274
 50. eval:  milex.beh degree                                0.0893
 51. eval:  milex.beh dense triads                         -0.0208
 52. eval:  milex.beh: effect from beh.democracy_1         -0.4483
 53. eval:  milex.beh: effect from beh.GDPgrowth_1         -2.2277
 54. eval:  milex.beh: effect from beh.nato_1               0.8732
 55. eval:  milex.beh: effect from beh.allies_1            -0.0110
 56. eval:  milex.beh: effect from beh.military_1           0.2596
 57. eval:  milex.beh: effect from beh.lnmids_1             0.1351
 58. eval:  milex.beh: effect from beh.milexSpLag_1         7.1303


Observed values of target statistics are
  1. Amount of network change in period 1                                10.0000
  2. Amount of network change in period 2                                34.0000
  3. Amount of network change in period 3                                86.0000
  4. Amount of network change in period 4                                94.0000
  5. Amount of network change in period 5                                76.0000
  6. Amount of network change in period 6                                76.0000
  7. Amount of network change in period 7                                94.0000
  8. Amount of network change in period 8                                78.0000
  9. Amount of network change in period 9                                84.0000
 10. Amount of network change in period 10                               72.0000
 11. Amount of network change in period 11                               84.0000
 12. Amount of network change in period 12                              114.0000
 13. Amount of network change in period 13                               94.0000
 14. Amount of network change in period 14                               88.0000
 15. Amount of network change in period 15                               80.0000
 16. Amount of network change in period 16                              138.0000
 17. Amount of network change in period 17                               96.0000
 18. Amount of network change in period 18                              112.0000
 19. Number of edges                                                   5257.0000
 20. Number of transitive triads                                       7339.0000
 21. Sum of squared degrees                                            333172.0000
 22. Sum of ties x nets.lndistance_d                                   -10629.6066
 23. Sum of ties x nets.ATOP_d                                         5960.4379
 24. Sum of ties x nets.absidealdiff_d                                 -2858.5692
 25. Sum of ties x nets.lntrade_d                                      37643.5933
 26. Sum of ties x nets.NATO_d                                         1247.4871
 27. Sum of degrees x milex.beh                                        -136.5119
 28. Sum of degrees x beh.democracy_1                                  2911.8786
 29. Sum of degrees x beh.lncinc_1                                     13015.0208
 30. Amount of behavioral change in period 1 on milex.beh                41.0000
 31. Amount of behavioral change in period 2 on milex.beh                50.0000
 32. Amount of behavioral change in period 3 on milex.beh                57.0000
 33. Amount of behavioral change in period 4 on milex.beh                52.0000
 34. Amount of behavioral change in period 5 on milex.beh                37.0000
 35. Amount of behavioral change in period 6 on milex.beh                32.0000
 36. Amount of behavioral change in period 7 on milex.beh                28.0000
 37. Amount of behavioral change in period 8 on milex.beh                31.0000
 38. Amount of behavioral change in period 9 on milex.beh                24.0000
 39. Amount of behavioral change in period 10 on milex.beh               71.0000
 40. Amount of behavioral change in period 11 on milex.beh               34.0000
 41. Amount of behavioral change in period 12 on milex.beh               55.0000
 42. Amount of behavioral change in period 13 on milex.beh               18.0000
 43. Amount of behavioral change in period 14 on milex.beh               17.0000
 44. Amount of behavioral change in period 15 on milex.beh               48.0000
 45. Amount of behavioral change in period 16 on milex.beh               20.0000
 46. Amount of behavioral change in period 17 on milex.beh               18.0000
 47. Amount of behavioral change in period 18 on milex.beh               21.0000
 48. milex.beh centered sum                                             -69.2728
 49. milex.beh sum of cent. squares                                    5872.2362
 50. milex.beh outdegrees                                              -140.2801
 51. milex.beh dense triads                                            -2487.5508
 52. milex.beh x beh.democracy_1                                       -379.2596
 53. milex.beh x beh.GDPgrowth_1                                         -0.6794
 54. milex.beh x beh.nato_1                                              58.7026
 55. milex.beh x beh.allies_1                                          -4906.7851
 56. milex.beh x beh.military_1                                         125.8892
 57. milex.beh x beh.lnmids_1                                           583.7664
 58. milex.beh x beh.milexSpLag_1                                        23.9632

 58 parameters, 58 statistics

Number of subphases is specified as 0.
Therefore the estimation phase is skipped
 and the program passes on immediately to phase 3
 for checking the current parameter values and calculating standard errors.
Estimation of derivatives by the LR method (type 1).


@2
End of stochastic approximation algorithm, phase 3.
---------------------------------------------------

Total of 3000 iterations.
Parameter estimates based on 0 iterations,
convergence diagnostics, covariance and derivative matrices based on 3000 iterations.

Information for convergence diagnosis.
Averages, standard deviations, and t-ratios for deviations from targets:
  1.  -0.0720    4.3941  -0.0164 
  2.   0.1680    8.3465   0.0201 
  3.   0.2207   12.4264   0.0178 
  4.  -0.3393   13.9546  -0.0243 
  5.  -0.0893   11.5945  -0.0077 
  6.   0.0760   11.7827   0.0065 
  7.  -0.4080   12.8716  -0.0317 
  8.   0.1773   12.1111   0.0146 
  9.  -0.2433   12.4508  -0.0195 
 10.  -0.2160   11.6562  -0.0185 
 11.   0.0080   12.5077   0.0006 
 12.   0.1033   14.9093   0.0069 
 13.  -0.0420   13.3601  -0.0031 
 14.  -0.0647   12.9277  -0.0050 
 15.   0.2327   12.3128   0.0189 
 16.  -0.4147   16.0440  -0.0258 
 17.   0.0780   13.2858   0.0059 
 18.  -0.1913   14.7521  -0.0130 
 19.  -0.1177   27.3820  -0.0043 
 20.  -1.0433   90.7719  -0.0115 
 21. -18.6160 2774.8890  -0.0067 
 22.   1.5343   67.9136   0.0226 
 23.  -0.7024   33.8488  -0.0207 
 24.   1.9734   47.6084   0.0415 
 25.  -0.1217  201.5165  -0.0006 
 26.  -0.1559   10.8134  -0.0144 
 27.   1.7183   54.9191   0.0313 
 28.  -0.0425   20.1373  -0.0021 
 29.   0.2265   88.0849   0.0026 
 30.  -0.0103    5.6126  -0.0018 
 31.   0.2053    6.0821   0.0338 
 32.   0.1497    6.4445   0.0232 
 33.   0.1973    6.3544   0.0311 
 34.  -0.2583    5.6592  -0.0456 
 35.   0.0887    5.3042   0.0167 
 36.   0.0123    4.9316   0.0025 
 37.  -0.0010    4.9671  -0.0002 
 38.  -0.0327    4.6362  -0.0070 
 39.   0.1050    6.9244   0.0152 
 40.   0.0183    5.3629   0.0034 
 41.   0.2687    6.2125   0.0432 
 42.   0.0060    4.0751   0.0015 
 43.   0.0103    3.8501   0.0027 
 44.  -0.0610    5.9311  -0.0103 
 45.  -0.0983    4.1719  -0.0236 
 46.  -0.0143    3.9408  -0.0036 
 47.  -0.0333    4.2546  -0.0078 
 48.   0.0897   24.6355   0.0036 
 49.  -3.6074   95.9713  -0.0376 
 50.   2.3960  188.1632   0.0127 
 51.   8.7410  503.3691   0.0174 
 52.   0.0828   12.1813   0.0068 
 53.  -0.0171    2.2008  -0.0078 
 54.  -0.1641    9.6823  -0.0169 
 55. -11.7274  473.6023  -0.0248 
 56.  -0.0743    6.7359  -0.0110 
 57.  -0.1927   15.4724  -0.0125 
 58.  -0.0194    0.5121  -0.0379 

Good convergence is indicated by the t-ratios being close to zero.

Overall maximum convergence ratio =  0.1437 .



@2
Estimation Results.
-------------------

Regular end of estimation algorithm.
Total of 3000 iteration steps.


@3
Estimates and standard errors
                             
Network Dynamics
 1. rate:  constant dv.net rate (period 1)                         0.0472  (   0.0211)
 2. rate:  constant dv.net rate (period 2)                         0.1389  (   0.0338)
 3. rate:  constant dv.net rate (period 3)                         0.4314  (   0.0769)
 4. rate:  constant dv.net rate (period 4)                         0.3485  (   0.0510)
 5. rate:  constant dv.net rate (period 5)                         0.3233  (   0.0579)
 6. rate:  constant dv.net rate (period 6)                         0.3194  (   0.0565)
 7. rate:  constant dv.net rate (period 7)                         0.3979  (   0.0661)
 8. rate:  constant dv.net rate (period 8)                         0.3093  (   0.0551)
 9. rate:  constant dv.net rate (period 9)                         0.3269  (   0.0547)
10. rate:  constant dv.net rate (period 10)                        0.2749  (   0.0493)
11. rate:  constant dv.net rate (period 11)                        0.3220  (   0.0525)
12. rate:  constant dv.net rate (period 12)                        0.4463  (   0.0634)
13. rate:  constant dv.net rate (period 13)                        0.3536  (   0.0545)
14. rate:  constant dv.net rate (period 14)                        0.3234  (   0.0519)
15. rate:  constant dv.net rate (period 15)                        0.2895  (   0.0475)
16. rate:  constant dv.net rate (period 16)                        0.5157  (   0.0684)
17. rate:  constant dv.net rate (period 17)                        0.3412  (   0.0530)
18. rate:  constant dv.net rate (period 18)                        0.3965  (   0.0553)
19. eval:  degree (density)                                       -5.5318  (   0.2217)
20. eval:  transitive triads                                       0.1572  (   0.0519)
21. eval:  degree act+pop                                          0.0572  (   0.0050)
22. eval:  nets.lndistance_d                                      -0.8546  (   0.0713)
23. eval:  nets.ATOP_d                                             1.0961  (   0.1369)
24. eval:  nets.absidealdiff_d                                    -0.6046  (   0.0712)
25. eval:  nets.lntrade_d                                          0.0714  (   0.0293)
26. eval:  nets.NATO_d                                            -3.3720  (   0.3528)
27. eval:  milex.beh alter                                        -0.0567  (   0.0579)
28. eval:  beh.democracy_1 alter                                   1.4529  (   0.2395)
29. eval:  beh.lncinc_1 alter                                      0.7970  (   0.0680)
Behavior Dynamics

30. rate:  rate milex.beh (period 1)                               0.9319  (   0.1843)
31. rate:  rate milex.beh (period 2)                               1.3030  (   0.2438)
32. rate:  rate milex.beh (period 3)                               1.3565  (   0.2490)
33. rate:  rate milex.beh (period 4)                               1.1874  (   0.2404)
34. rate:  rate milex.beh (period 5)                               0.6937  (   0.1285)
35. rate:  rate milex.beh (period 6)                               0.5667  (   0.1117)
36. rate:  rate milex.beh (period 7)                               0.4755  (   0.0965)
37. rate:  rate milex.beh (period 8)                               0.5216  (   0.1109)
38. rate:  rate milex.beh (period 9)                               0.3751  (   0.0821)
39. rate:  rate milex.beh (period 10)                              1.7195  (   0.3508)
40. rate:  rate milex.beh (period 11)                              0.5863  (   0.1114)
41. rate:  rate milex.beh (period 12)                              1.3256  (   0.2396)
42. rate:  rate milex.beh (period 13)                              0.3229  (   0.0817)
43. rate:  rate milex.beh (period 14)                              0.2974  (   0.0810)
44. rate:  rate milex.beh (period 15)                              1.0852  (   0.1901)
45. rate:  rate milex.beh (period 16)                              0.4083  (   0.1034)
46. rate:  rate milex.beh (period 17)                              0.3554  (   0.0876)
47. rate:  rate milex.beh (period 18)                              0.4065  (   0.0981)
48. eval:  milex.beh linear shape                                 -1.1722  (   0.0767)
49. eval:  milex.beh quadratic shape                              -0.0274  (   0.0239)
50. eval:  milex.beh degree                                        0.0893  (   0.0230)
51. eval:  milex.beh dense triads                                 -0.0208  (   0.0072)
52. eval:  milex.beh: effect from beh.democracy_1                 -0.4483  (   0.1321)
53. eval:  milex.beh: effect from beh.GDPgrowth_1                 -2.2277  (   0.8778)
54. eval:  milex.beh: effect from beh.nato_1                       0.8732  (   0.1668)
55. eval:  milex.beh: effect from beh.allies_1                    -0.0110  (   0.0034)
56. eval:  milex.beh: effect from beh.military_1                   0.2596  (   0.1903)
57. eval:  milex.beh: effect from beh.lnmids_1                     0.1351  (   0.0898)
58. eval:  milex.beh: effect from beh.milexSpLag_1                 7.1303  (   2.8224)


@3
Covariance matrices
                   
Covariance matrix of estimates (correlations below diagonal):
     0.000      0.000      0.000      0.000      0.000      0.000      0.000      0.000      0.000      0.000      0.000      0.000      0.000      0.000      0.000      0.000      0.000      0.000      0.000      0.000      0.000      0.000      0.000      0.000      0.000      0.000      0.000      0.000      0.000      0.000      0.000      0.000      0.000      0.000      0.000      0.000      0.000      0.000      0.000      0.000      0.000      0.000      0.000      0.000      0.000      0.000      0.000      0.000      0.000      0.000      0.000      0.000      0.000      0.000      0.000      0.000      0.000     -0.001
     0.034      0.001      0.000      0.000      0.000      0.000      0.000      0.000      0.000      0.000      0.000      0.000      0.000      0.000      0.000      0.000      0.000      0.000      0.000      0.000      0.000      0.000      0.000      0.000      0.000      0.000      0.000      0.000      0.000      0.000      0.001      0.000      0.000      0.000      0.000      0.000      0.000      0.000      0.000      0.000      0.000      0.000      0.000      0.000      0.000      0.000      0.000      0.000      0.000      0.000      0.000      0.000      0.000      0.000      0.000      0.000      0.000     -0.001
     0.062      0.022      0.006      0.000      0.000      0.000      0.000      0.000      0.000      0.000      0.000      0.000      0.000      0.000      0.000      0.000      0.000      0.000      0.000      0.000      0.000      0.001      0.000      0.000      0.000      0.001      0.000     -0.002     -0.001      0.000      0.000      0.000      0.000      0.000      0.000      0.000      0.000      0.000      0.000      0.000      0.000      0.000      0.000      0.000      0.000      0.000      0.000      0.000      0.000      0.000      0.000      0.000     -0.001      0.000      0.000      0.000      0.000      0.007
    -0.009      0.013      0.007      0.003      0.000      0.000      0.000      0.000      0.000      0.000      0.000      0.000      0.000      0.000      0.000      0.000      0.000      0.000     -0.001      0.000      0.000      0.000      0.000      0.000      0.000      0.000      0.000     -0.001      0.000      0.000      0.000      0.000      0.000      0.000      0.000      0.000      0.000      0.000      0.000      0.000      0.000      0.000      0.000      0.000      0.000      0.000      0.000      0.000      0.000      0.000      0.000      0.000      0.000      0.000      0.000      0.000      0.000      0.003
     0.027     -0.012      0.011      0.043      0.003      0.000      0.000      0.000      0.000      0.000      0.000      0.000      0.000      0.000      0.000      0.000      0.000      0.000      0.000      0.000      0.000      0.000      0.000      0.000      0.000      0.000      0.000     -0.001      0.000      0.000      0.000      0.000     -0.001      0.000      0.000      0.000      0.000      0.000      0.000      0.000      0.000      0.000      0.000      0.000      0.000      0.000      0.000      0.000      0.000      0.000      0.000      0.000      0.001      0.000      0.000      0.000      0.000      0.002
    -0.004      0.022      0.033      0.015      0.018      0.003      0.000      0.000      0.000      0.000      0.000      0.000      0.000      0.000      0.000      0.000      0.000      0.000      0.000      0.000      0.000      0.000      0.000      0.000      0.000      0.000      0.000     -0.001      0.000      0.000      0.000      0.000      0.000      0.000      0.000      0.000      0.000      0.000      0.000      0.000      0.000      0.000      0.000      0.000      0.000      0.000      0.000      0.000      0.000      0.000      0.000      0.000      0.001      0.000      0.000      0.000      0.000      0.002
    -0.009      0.053      0.032      0.009      0.010      0.009      0.004      0.000      0.000      0.000      0.000      0.000      0.000      0.000      0.000      0.000      0.000      0.000      0.000      0.000      0.000      0.000     -0.001      0.000      0.000      0.000      0.000     -0.001      0.000      0.000      0.000      0.000      0.000      0.000      0.000      0.000      0.000      0.000      0.000      0.000     -0.001      0.000      0.000      0.000      0.000      0.000      0.000      0.000      0.000      0.000      0.000      0.000      0.000      0.000      0.000      0.000      0.000      0.002
     0.011      0.016      0.013      0.018     -0.005      0.032      0.027      0.003      0.000      0.000      0.000      0.000      0.000      0.000      0.000      0.000      0.000      0.000     -0.001      0.000      0.000      0.000      0.000      0.000      0.000      0.000      0.000     -0.001      0.000      0.000      0.000      0.000      0.000      0.000      0.000      0.000      0.000      0.000      0.000      0.000      0.000      0.000      0.000      0.000      0.000      0.000      0.000      0.000      0.000      0.000      0.000      0.000      0.000      0.000      0.000      0.000      0.000      0.000
     0.000      0.017      0.039      0.014     -0.009      0.008      0.047      0.015      0.003      0.000      0.000      0.000      0.000      0.000      0.000      0.000      0.000      0.000      0.000      0.000      0.000      0.000      0.000      0.000      0.000      0.000      0.000      0.000      0.000      0.000      0.000      0.001      0.000      0.000      0.000      0.000      0.000      0.000      0.000      0.000      0.000      0.000      0.000      0.000      0.000      0.000      0.000      0.000      0.000      0.000      0.000      0.000     -0.001      0.000      0.000      0.000      0.000     -0.001
     0.047      0.034      0.021      0.019     -0.012      0.037      0.021      0.026     -0.014      0.002      0.000      0.000      0.000      0.000      0.000      0.000      0.000      0.000      0.000      0.000      0.000      0.000      0.000      0.000      0.000      0.000      0.000      0.000      0.000      0.000      0.000      0.000      0.000      0.000      0.000      0.000      0.000      0.000      0.002      0.000      0.000      0.000      0.000      0.000      0.000      0.000      0.000      0.000      0.000      0.000      0.000      0.000      0.000      0.000      0.000      0.000      0.000      0.002
    -0.032     -0.006      0.000      0.017     -0.015      0.023      0.013      0.029     -0.005     -0.025      0.003      0.000      0.000      0.000      0.000      0.000      0.000      0.000      0.000      0.000      0.000      0.000      0.000      0.000      0.000      0.000      0.000      0.000      0.000      0.000      0.000      0.000      0.000      0.000      0.000      0.000      0.000      0.000      0.001      0.000      0.000      0.000      0.000      0.000      0.000      0.000      0.000      0.000      0.000      0.000      0.000      0.000      0.000      0.000      0.000      0.000      0.000      0.005
    -0.024      0.023      0.005      0.009      0.041      0.039      0.023      0.039      0.027     -0.009      0.005      0.004      0.000      0.000      0.000      0.000      0.000      0.000     -0.001      0.000      0.000      0.000      0.000      0.000      0.000      0.000      0.000      0.000      0.000      0.000      0.000      0.000      0.000      0.000      0.000      0.000      0.000      0.000      0.000      0.000      0.000      0.000      0.000      0.000      0.000      0.000      0.000      0.000      0.000      0.000      0.000      0.000      0.000      0.000      0.000      0.000      0.000     -0.002
     0.044      0.042      0.035      0.051      0.037     -0.004      0.004      0.001     -0.016      0.012      0.038      0.002      0.003      0.000      0.000      0.000      0.000      0.000      0.000      0.000      0.000      0.000      0.000      0.000      0.000      0.000      0.000      0.000      0.000      0.000      0.000      0.000      0.000      0.000      0.000      0.000      0.000      0.000      0.000      0.000      0.000      0.000      0.000      0.000      0.000      0.000      0.000      0.000      0.000      0.000      0.000      0.000     -0.001      0.000      0.000      0.000      0.000      0.002
    -0.004      0.013     -0.010     -0.001     -0.008      0.001     -0.021     -0.016      0.002     -0.004      0.019     -0.003      0.025      0.003      0.000      0.000      0.000      0.000      0.000      0.000      0.000      0.000      0.000      0.000      0.000      0.001      0.000     -0.001      0.000      0.000      0.000      0.000      0.000      0.000      0.000      0.000      0.000      0.000      0.000      0.000      0.000      0.000      0.000      0.000      0.000      0.000      0.000      0.000      0.000      0.000      0.000      0.000      0.000      0.000      0.000      0.000      0.000     -0.001
     0.028      0.008     -0.008     -0.013      0.029      0.002     -0.027      0.005     -0.009     -0.017     -0.036      0.014      0.015      0.023      0.002      0.000      0.000      0.000      0.000      0.000      0.000      0.000      0.000      0.000      0.000      0.001      0.000      0.000      0.000      0.000      0.000      0.000      0.000      0.000      0.000      0.000      0.000      0.000      0.000      0.000      0.000      0.000      0.000      0.001      0.000      0.000      0.000      0.000      0.000      0.000      0.000      0.000      0.000      0.000      0.000      0.000      0.000      0.000
     0.006     -0.001      0.010      0.001      0.040      0.037     -0.021      0.013      0.022     -0.019     -0.005      0.022     -0.023      0.011     -0.001      0.005      0.000      0.000      0.000      0.000      0.000      0.000      0.000      0.000      0.000      0.001      0.000     -0.001      0.000      0.000      0.000      0.000      0.000      0.000      0.000      0.000      0.000      0.000      0.000      0.000      0.000      0.000      0.000      0.000      0.000      0.000      0.000      0.000      0.000      0.000      0.000      0.000      0.001      0.000      0.000      0.000      0.000     -0.003
    -0.006     -0.044      0.004     -0.015     -0.017      0.016      0.015      0.006      0.015      0.001      0.037      0.024     -0.020      0.045     -0.019     -0.012      0.003      0.000      0.000      0.000      0.000      0.000      0.000      0.000      0.000      0.000      0.000      0.000      0.000      0.000      0.000      0.000      0.000      0.000      0.000      0.000      0.000      0.000      0.000      0.000      0.000      0.000      0.000      0.000      0.000      0.000      0.000      0.000      0.000      0.000      0.000      0.000      0.000      0.000      0.000      0.000      0.000     -0.001
    -0.012      0.012      0.026      0.004     -0.003      0.005      0.014      0.020     -0.025      0.052      0.009      0.010      0.034     -0.008      0.022      0.004      0.020      0.003      0.000      0.000      0.000      0.000      0.000      0.000      0.000      0.001      0.000     -0.001      0.000      0.000      0.000      0.000      0.000      0.000      0.000      0.000      0.000      0.000      0.001      0.000      0.000      0.000      0.000      0.000      0.000      0.000      0.000      0.000      0.000      0.000      0.000      0.000      0.001      0.000      0.000      0.000      0.000      0.005
    -0.015     -0.055     -0.005     -0.053     -0.036     -0.030     -0.015     -0.043     -0.002     -0.010     -0.017     -0.054      0.012      0.017     -0.002      0.029      0.042     -0.002      0.049     -0.004      0.000      0.007     -0.007      0.006      0.000      0.028      0.001     -0.022     -0.009     -0.001     -0.004     -0.002     -0.001      0.000      0.000      0.000      0.000      0.000      0.000      0.000      0.001      0.000      0.000     -0.001      0.000      0.000      0.000      0.000      0.000      0.000      0.000      0.000      0.001      0.000      0.000      0.000      0.000     -0.012
    -0.041      0.014     -0.045      0.008     -0.040      0.004     -0.015     -0.002      0.021      0.033      0.022      0.025      0.009     -0.004     -0.010      0.021      0.003      0.037     -0.309      0.003      0.000     -0.001      0.000     -0.001      0.000     -0.009      0.000      0.004      0.001      0.000      0.000      0.001      0.000      0.000      0.000      0.000      0.000      0.000      0.000      0.000      0.000      0.000      0.000      0.000      0.000      0.000      0.000      0.000      0.000      0.000      0.000      0.000      0.002      0.000      0.000      0.000      0.000      0.002
     0.088      0.064      0.131      0.064      0.103      0.075      0.082      0.068      0.001     -0.004      0.019      0.002      0.018      0.004     -0.005     -0.027     -0.019     -0.031     -0.245     -0.556      0.000      0.000      0.000      0.000      0.000      0.000      0.000      0.000      0.000      0.000      0.000      0.000      0.000      0.000      0.000      0.000      0.000      0.000      0.000      0.000      0.000      0.000      0.000      0.000      0.000      0.000      0.000      0.000      0.000      0.000      0.000      0.000      0.000      0.000      0.000      0.000      0.000      0.000
     0.072      0.017      0.126      0.033      0.071      0.051      0.060      0.066      0.080      0.006      0.034     -0.015      0.055      0.026      0.028      0.055      0.006      0.023      0.418     -0.221      0.112      0.005      0.002      0.001      0.001      0.004      0.000     -0.004     -0.003      0.000      0.000      0.000      0.000      0.000      0.000      0.000      0.000      0.000      0.000      0.000      0.000      0.000      0.000      0.000      0.000      0.000      0.000      0.000      0.000      0.000      0.000      0.000     -0.002      0.000      0.000      0.000      0.000     -0.002
     0.031     -0.021     -0.040     -0.034     -0.026     -0.015     -0.064     -0.029      0.002     -0.022     -0.025     -0.038     -0.005     -0.037     -0.024     -0.019     -0.011      0.004     -0.232     -0.005     -0.017      0.167      0.019      0.001     -0.001     -0.007     -0.001      0.010      0.002      0.000      0.000      0.000      0.000     -0.001      0.000      0.001     -0.001      0.000      0.000      0.000      0.000      0.000      0.000      0.000      0.000      0.000      0.000      0.000      0.000      0.000      0.000      0.000      0.000      0.000      0.000      0.000      0.000     -0.008
     0.054      0.009      0.034     -0.009      0.003      0.031      0.004      0.011     -0.003      0.004      0.004      0.026      0.016      0.035      0.025      0.037      0.051      0.005      0.384     -0.178     -0.022      0.123      0.101      0.005      0.000      0.008     -0.001     -0.006     -0.001      0.000      0.000      0.000      0.000      0.000      0.000      0.000      0.000      0.000     -0.001      0.000      0.001      0.000      0.000      0.000      0.000      0.000      0.000      0.000      0.000      0.000      0.000      0.000      0.002      0.000      0.000      0.000      0.000      0.003
     0.029      0.066      0.115      0.083      0.089      0.065      0.095      0.074      0.045      0.030      0.035      0.024      0.055      0.009      0.026     -0.003     -0.009      0.005     -0.018     -0.135      0.201      0.419     -0.208     -0.120      0.001     -0.001      0.000     -0.001     -0.001      0.000      0.000      0.000      0.000      0.000      0.000      0.000      0.000      0.000      0.000      0.000      0.000      0.000      0.000      0.000      0.000      0.000      0.000      0.000      0.000      0.000      0.000      0.000     -0.001      0.000      0.000      0.000      0.000      0.002
     0.007     -0.038      0.052     -0.015      0.011      0.008      0.007      0.014      0.017     -0.015     -0.018     -0.004     -0.022      0.028      0.041      0.055      0.022      0.036      0.364     -0.476      0.071      0.154     -0.137      0.299     -0.101      0.125     -0.002     -0.033     -0.005      0.000     -0.005      0.000      0.002      0.001     -0.001      0.000      0.001      0.001     -0.004      0.000      0.002      0.000      0.000      0.001     -0.001      0.001     -0.001      0.000      0.000      0.000      0.000     -0.001     -0.003      0.000      0.000      0.001      0.000     -0.024
    -0.053     -0.006     -0.022      0.019     -0.025     -0.026     -0.048     -0.053     -0.007      0.004     -0.001     -0.020     -0.007      0.008     -0.029      0.018      0.019      0.019      0.083      0.145     -0.185     -0.045     -0.185     -0.352      0.046     -0.106      0.003      0.003      0.000      0.000      0.000      0.000      0.001      0.000      0.000      0.000      0.000      0.000      0.000      0.000      0.000      0.000      0.000      0.000      0.000      0.000      0.000      0.000      0.000      0.000      0.000      0.000      0.001      0.000      0.000      0.000      0.000     -0.001
    -0.032     -0.001     -0.129     -0.045     -0.052     -0.070     -0.083     -0.047     -0.023      0.000     -0.016      0.011     -0.025     -0.057     -0.029     -0.039     -0.038     -0.040     -0.405      0.333     -0.264     -0.212      0.298     -0.327     -0.101     -0.389      0.202      0.057      0.005      0.000      0.001      0.002      0.001      0.000      0.000      0.000      0.000      0.000      0.001     -0.001     -0.001      0.001     -0.001      0.000      0.000      0.000      0.000      0.000      0.000      0.000      0.000      0.000     -0.003      0.000      0.000      0.001      0.000      0.002
    -0.063     -0.054     -0.153     -0.055     -0.081     -0.074     -0.100     -0.060     -0.064     -0.029     -0.041      0.000     -0.070     -0.032     -0.019     -0.047     -0.038     -0.022     -0.568      0.386     -0.295     -0.604      0.202     -0.283     -0.536     -0.195     -0.123      0.279      0.005      0.000      0.001      0.001      0.000      0.000      0.000      0.000      0.000      0.000      0.000      0.000      0.000      0.000      0.000      0.000      0.000      0.000      0.000      0.000      0.000      0.000      0.000      0.000      0.001      0.000      0.000      0.000      0.000     -0.005
     0.064     -0.002      0.008     -0.020      0.018     -0.013      0.008     -0.020      0.005     -0.022     -0.013      0.003      0.002     -0.022     -0.001      0.025      0.003      0.021     -0.012      0.002      0.007     -0.008     -0.005     -0.005     -0.012      0.004     -0.002      0.009      0.000      0.034      0.001      0.002      0.002      0.000      0.000      0.000      0.000      0.000      0.000      0.000      0.001      0.000      0.000      0.001      0.000      0.000      0.000      0.000      0.001      0.000      0.000      0.001      0.003     -0.001      0.000      0.001      0.000      0.015
     0.029      0.088      0.012      0.009      0.003      0.012      0.012      0.011     -0.011      0.005      0.004     -0.002     -0.035     -0.004     -0.005      0.018     -0.002     -0.014     -0.072      0.010      0.032     -0.020      0.003     -0.024     -0.004     -0.056     -0.006      0.012      0.034      0.030      0.059     -0.001      0.000      0.000      0.000      0.000      0.000      0.000      0.002      0.001      0.001      0.000      0.000     -0.001      0.000      0.000      0.000     -0.001      0.001      0.000      0.000      0.000      0.001     -0.001      0.000      0.000     -0.001      0.017
    -0.006     -0.003     -0.010     -0.003     -0.002     -0.019      0.004      0.007      0.039      0.018      0.030     -0.014     -0.004     -0.022     -0.004      0.006      0.022     -0.009     -0.029      0.041     -0.031     -0.021      0.001      0.017     -0.001     -0.005     -0.024      0.038      0.037      0.041     -0.013      0.062      0.003      0.000      0.000      0.000      0.000      0.000     -0.002      0.000      0.001      0.000      0.000      0.000     -0.001      0.000      0.000      0.000      0.001      0.000      0.000      0.002      0.015      0.000      0.000      0.001      0.000      0.002
    -0.017      0.032      0.000     -0.028     -0.039      0.003      0.006      0.000      0.011     -0.001      0.005     -0.004     -0.015     -0.029      0.007      0.020      0.033     -0.011     -0.020      0.026     -0.041     -0.015      0.006     -0.009     -0.018      0.020      0.037      0.021      0.020      0.039      0.007      0.045      0.058      0.001      0.001      0.000      0.000      0.001      0.000      0.001      0.000      0.000      0.000      0.000      0.000      0.000      0.000      0.000      0.001      0.000      0.000      0.001      0.020     -0.001      0.000     -0.001      0.000      0.009
    -0.011     -0.006     -0.012     -0.001      0.026     -0.060     -0.013     -0.027      0.019      0.003      0.020      0.019     -0.005     -0.013     -0.014     -0.005      0.018     -0.008     -0.007     -0.011      0.001     -0.023     -0.029     -0.006      0.009      0.017     -0.012     -0.004      0.012     -0.016      0.008     -0.010      0.038      0.017      0.000      0.000      0.000      0.000      0.000      0.000      0.000      0.000      0.000     -0.001      0.000      0.000      0.001      0.000      0.000      0.000      0.000      0.000      0.010      0.000      0.000      0.000      0.001     -0.008
     0.003      0.004      0.009      0.037     -0.010      0.023      0.003      0.001     -0.017      0.011     -0.021     -0.005     -0.002      0.017      0.023      0.012     -0.030     -0.009      0.012      0.014      0.006      0.002     -0.009      0.017      0.020     -0.029     -0.030     -0.005     -0.015     -0.012     -0.002     -0.003      0.034      0.014      0.012      0.000      0.000      0.000      0.001      0.000      0.000      0.000      0.000      0.000      0.000      0.000      0.000     -0.001      0.000      0.000      0.000      0.000      0.004      0.000      0.000      0.000      0.000      0.003
    -0.005     -0.009      0.042      0.023     -0.029      0.007      0.006      0.018      0.000      0.018     -0.023      0.030      0.025      0.007     -0.013      0.003      0.012      0.031     -0.023      0.003     -0.007      0.013      0.044      0.020      0.019      0.010     -0.015      0.007     -0.003     -0.019     -0.009      0.007      0.014      0.000      0.015      0.009      0.000      0.000     -0.001      0.000      0.001      0.000      0.000      0.000      0.000      0.000      0.000      0.000      0.000      0.000      0.000      0.000      0.001      0.000      0.000      0.000      0.000      0.001
    -0.011      0.034      0.002     -0.007      0.000      0.025     -0.008      0.022     -0.027     -0.007     -0.012     -0.007     -0.004      0.003      0.001      0.006      0.010      0.013      0.004     -0.008      0.001     -0.013     -0.035      0.004      0.007      0.017      0.031      0.001     -0.010      0.012      0.016      0.001      0.007      0.016      0.003      0.020      0.012      0.000     -0.001      0.000      0.000      0.000      0.000      0.000      0.000      0.000      0.000      0.000      0.000      0.000      0.000      0.000      0.005      0.001      0.000      0.000      0.000      0.007
    -0.034     -0.019      0.008     -0.025      0.002      0.012      0.024      0.035      0.021      0.038      0.018     -0.015      0.002      0.024     -0.035     -0.007     -0.002      0.014      0.011      0.000      0.017      0.005     -0.017      0.015      0.001      0.022     -0.013     -0.025     -0.026      0.030      0.002      0.019      0.046      0.007     -0.027      0.009     -0.008      0.007      0.000      0.000      0.000      0.000      0.000      0.000      0.000      0.000      0.000      0.000      0.000      0.000      0.000      0.000      0.003      0.000      0.000      0.000      0.000      0.004
    -0.008     -0.018      0.000      0.012      0.004     -0.016      0.000     -0.026     -0.001      0.088      0.034     -0.008     -0.020      0.004      0.025     -0.020      0.003      0.026     -0.001      0.020     -0.008     -0.013     -0.001     -0.027      0.014     -0.032      0.007      0.006      0.014     -0.006      0.019     -0.025      0.005      0.002      0.013     -0.019     -0.028      0.000      0.123      0.001      0.001      0.001      0.000      0.002     -0.001      0.000      0.001      0.000      0.000      0.000      0.000     -0.003      0.010     -0.001      0.000      0.000      0.000     -0.008
     0.038      0.011      0.009      0.003     -0.019      0.005      0.007      0.045     -0.009      0.030      0.009     -0.005      0.022     -0.006      0.002      0.001     -0.015     -0.002      0.012      0.016      0.007      0.005      0.012      0.023     -0.015     -0.002      0.017     -0.029     -0.011      0.016      0.038     -0.005      0.022     -0.014     -0.030     -0.044      0.027      0.017      0.015      0.012      0.000      0.000      0.000     -0.001      0.000      0.000      0.000      0.000      0.000      0.000      0.000     -0.001      0.002      0.000      0.000      0.000      0.000      0.003
    -0.019     -0.037     -0.025      0.006     -0.022     -0.006     -0.035     -0.015      0.006      0.020      0.029      0.032      0.006      0.009     -0.025      0.018     -0.001      0.028      0.019     -0.031      0.011     -0.005     -0.006      0.037     -0.004      0.027     -0.015     -0.024     -0.008      0.028      0.014      0.011     -0.006      0.009      0.018      0.030      0.002      0.020      0.008      0.001      0.057      0.000      0.000     -0.001      0.000      0.001      0.000     -0.001      0.000      0.000      0.000     -0.002      0.003     -0.001      0.000      0.000     -0.001      0.000
    -0.020      0.023     -0.002     -0.009      0.001      0.001     -0.024     -0.022     -0.035      0.007     -0.016     -0.006      0.025     -0.016     -0.013      0.026      0.001      0.015     -0.021      0.023     -0.031     -0.018      0.007     -0.011      0.000     -0.014      0.005      0.039      0.033     -0.006      0.015     -0.002      0.025      0.010      0.010      0.013      0.024     -0.010      0.038      0.031      0.007      0.007      0.000      0.000      0.000      0.000      0.000      0.000      0.000      0.000      0.000     -0.001      0.002      0.000      0.000      0.000      0.000      0.007
    -0.018     -0.002      0.017     -0.002      0.000     -0.003     -0.022     -0.021     -0.013      0.007      0.038     -0.011      0.009      0.055     -0.008      0.023     -0.004     -0.031      0.012     -0.045      0.037      0.038      0.002     -0.006      0.019     -0.002      0.009     -0.030     -0.008     -0.004     -0.014     -0.019      0.000      0.012      0.014      0.009      0.013      0.032      0.007      0.016      0.010      0.019      0.007      0.000      0.000      0.000      0.000      0.000      0.000      0.000      0.000      0.000      0.000      0.001      0.000      0.000      0.000      0.000
    -0.005      0.022      0.013      0.004      0.024     -0.001      0.026      0.017      0.030     -0.016      0.012     -0.010      0.017     -0.005      0.056      0.032      0.006      0.006     -0.014      0.005      0.000     -0.005      0.001     -0.015     -0.002      0.011     -0.011      0.001     -0.002      0.033     -0.016      0.009      0.000     -0.028      0.020      0.010      0.008      0.015      0.026     -0.034     -0.023     -0.022     -0.012      0.036      0.000      0.000     -0.001      0.000      0.000      0.000      0.000     -0.001      0.001      0.000      0.000     -0.002      0.000      0.002
     0.018     -0.002     -0.015     -0.003      0.036      0.001      0.011      0.025     -0.012     -0.016     -0.004      0.024     -0.001      0.028      0.022      0.049     -0.010      0.036     -0.016      0.007      0.024     -0.009     -0.029      0.002      0.042     -0.021      0.024     -0.011     -0.012     -0.001     -0.016     -0.024      0.003     -0.006      0.042     -0.024      0.009     -0.004     -0.017     -0.011     -0.019     -0.039     -0.014      0.021      0.011      0.000      0.000      0.000      0.000      0.000      0.000      0.000     -0.001      0.000      0.000      0.000      0.000     -0.009
    -0.013     -0.021      0.006     -0.016     -0.018     -0.024      0.006      0.011      0.005      0.015     -0.023      0.019     -0.013      0.004     -0.048      0.003      0.025     -0.010      0.011      0.007     -0.014     -0.033     -0.038     -0.012     -0.010      0.023      0.003     -0.012      0.010      0.003     -0.004      0.005     -0.002      0.000     -0.035     -0.018      0.007      0.001     -0.016     -0.027      0.034      0.012      0.003     -0.002      0.000      0.008      0.000      0.000      0.000      0.000      0.000      0.000     -0.001      0.001      0.000      0.000      0.000      0.011
    -0.006      0.029      0.010      0.048      0.037      0.016     -0.006     -0.040     -0.008      0.023      0.021      0.002      0.023      0.019     -0.023      0.015     -0.005      0.057     -0.002      0.019      0.015      0.017      0.002      0.002      0.054     -0.037      0.006      0.009     -0.047     -0.005      0.011     -0.018      0.006      0.050     -0.001      0.023      0.043      0.009      0.029     -0.004     -0.020     -0.018      0.005     -0.034     -0.009      0.016      0.010      0.000      0.000      0.000      0.000      0.000     -0.002      0.001      0.000      0.000      0.000      0.009
    -0.005      0.032     -0.019     -0.009     -0.002      0.013     -0.019      0.022      0.005     -0.016     -0.012      0.010     -0.005      0.044      0.001     -0.017     -0.002     -0.019     -0.016      0.028     -0.040     -0.042     -0.004     -0.013     -0.027      0.002     -0.001      0.004      0.050      0.004     -0.027     -0.009     -0.010     -0.022     -0.061     -0.020     -0.033     -0.027      0.004     -0.024     -0.038     -0.038     -0.040     -0.001     -0.048     -0.033     -0.037      0.006      0.000     -0.001      0.000      0.002      0.011     -0.002      0.000     -0.001      0.001     -0.026
     0.005      0.013      0.006     -0.034     -0.010     -0.013      0.003      0.027      0.002      0.020     -0.025      0.036      0.010     -0.026      0.023     -0.014      0.032      0.003      0.001      0.019     -0.012     -0.017      0.019      0.025     -0.039     -0.002      0.008     -0.018      0.029      0.118      0.105      0.129      0.167      0.078      0.063      0.061      0.067      0.045      0.052      0.039      0.062     -0.009     -0.012      0.027      0.035     -0.010     -0.017     -0.106      0.001      0.000      0.000      0.001      0.005      0.000      0.000      0.000      0.000     -0.023
     0.014     -0.057     -0.001      0.020      0.010     -0.006      0.023     -0.029     -0.003     -0.023      0.011     -0.020     -0.016     -0.022      0.017      0.025     -0.028      0.031      0.018     -0.017      0.015      0.008      0.002      0.014     -0.002     -0.012     -0.006     -0.004     -0.023     -0.065     -0.022     -0.027     -0.075     -0.032     -0.016     -0.041     -0.017     -0.020      0.028      0.029      0.030      0.023      0.044     -0.020      0.042      0.008      0.006     -0.563     -0.137      0.001      0.000     -0.001     -0.002      0.000      0.000      0.000      0.000      0.006
    -0.010      0.050      0.002     -0.018     -0.009      0.003     -0.024      0.014      0.006      0.028     -0.010      0.012      0.014      0.011     -0.021     -0.023      0.022     -0.031     -0.018      0.020     -0.012     -0.001      0.007     -0.011      0.006      0.008     -0.011      0.004      0.020      0.063      0.017      0.013      0.068      0.031      0.015      0.023      0.012      0.020     -0.023     -0.018     -0.024     -0.033     -0.040     -0.009     -0.053     -0.025      0.000      0.381      0.108     -0.900      0.000      0.000      0.000      0.000      0.000      0.000      0.000     -0.001
    -0.009     -0.006      0.013      0.013      0.009      0.003      0.004      0.001      0.018     -0.026     -0.001      0.002     -0.002     -0.022      0.002     -0.005      0.006     -0.020     -0.015      0.034     -0.035      0.000     -0.006     -0.014     -0.001     -0.017     -0.016      0.016      0.019      0.058      0.000      0.059      0.035     -0.011     -0.027      0.007     -0.002      0.003     -0.073     -0.047     -0.056     -0.061     -0.046     -0.048     -0.005     -0.019     -0.022      0.208      0.170     -0.196      0.156      0.017      0.002     -0.009      0.000      0.005      0.001      0.025
     0.002     -0.001     -0.016     -0.001      0.020      0.016      0.006      0.001     -0.011      0.000      0.009     -0.003     -0.015     -0.008     -0.009      0.012      0.003      0.022      0.007      0.034     -0.022     -0.026      0.000      0.024     -0.023     -0.010      0.024     -0.015      0.013      0.020      0.006      0.066      0.095      0.090      0.043      0.017      0.050      0.040      0.032      0.021      0.012      0.026     -0.006      0.005     -0.008     -0.013     -0.021      0.158      0.246     -0.088      0.046      0.020      0.771      0.001      0.000     -0.010     -0.001     -0.303
    -0.005     -0.021      0.018     -0.029     -0.004     -0.012      0.001      0.027     -0.011     -0.010     -0.004     -0.001      0.033     -0.004     -0.022     -0.004      0.008      0.001     -0.002     -0.026      0.033     -0.001      0.016     -0.012     -0.003      0.000      0.004     -0.004     -0.015     -0.028     -0.017     -0.002     -0.027      0.020      0.011      0.015      0.029      0.030     -0.020     -0.002     -0.015      0.024      0.041     -0.016      0.003      0.048      0.063     -0.166     -0.053     -0.070      0.007     -0.420      0.007      0.028      0.000     -0.001     -0.002     -0.008
    -0.013      0.009     -0.006     -0.007     -0.042      0.014     -0.018     -0.016      0.014      0.024      0.000     -0.004     -0.026      0.031      0.036     -0.010      0.028     -0.014     -0.007     -0.041      0.016     -0.039     -0.017      0.017     -0.018      0.042      0.004     -0.040      0.025      0.052      0.014      0.003      0.050     -0.019      0.006      0.013     -0.003     -0.028      0.048     -0.002      0.007     -0.008     -0.039      0.059     -0.039     -0.040     -0.048      0.427      0.071     -0.363      0.199      0.032      0.051     -0.339      0.000      0.000      0.000      0.000
    -0.019      0.010     -0.024     -0.024     -0.035     -0.039      0.019     -0.005      0.010     -0.004     -0.017     -0.015     -0.025     -0.004      0.013     -0.018      0.000      0.014      0.008     -0.030      0.000      0.031      0.001      0.009      0.040      0.015     -0.008      0.020     -0.026      0.017      0.007      0.020     -0.016     -0.013     -0.011      0.009     -0.020      0.012      0.001     -0.001     -0.001     -0.027      0.007     -0.048     -0.006     -0.017      0.010     -0.086     -0.074      0.047     -0.022      0.201     -0.061     -0.036      0.047      0.036      0.000      0.038
    -0.009      0.038      0.005      0.006     -0.004      0.023     -0.014     -0.019     -0.001     -0.055      0.004      0.005      0.007      0.016     -0.027      0.014     -0.018      0.010     -0.009      0.017     -0.006      0.038     -0.012     -0.028      0.045     -0.004      0.033      0.021     -0.016     -0.023     -0.028      0.004      0.020      0.049      0.002     -0.014     -0.002      0.030     -0.007     -0.016     -0.033      0.010      0.015      0.015     -0.008      0.010     -0.017      0.088     -0.195     -0.238      0.194      0.076     -0.017     -0.163      0.015     -0.018      0.008     -0.018
    -0.015     -0.010      0.034      0.022      0.014      0.011      0.009      0.000     -0.009      0.018      0.034     -0.010      0.011     -0.007      0.002     -0.013     -0.009      0.030     -0.019      0.011      0.008     -0.009     -0.021      0.015      0.027     -0.024     -0.008      0.003     -0.026      0.029      0.025      0.003      0.014     -0.023      0.010      0.004      0.024      0.016     -0.008      0.011      0.000      0.031      0.002      0.003     -0.032      0.045      0.031     -0.121     -0.341      0.091     -0.056      0.066     -0.122     -0.018     -0.009      0.070     -0.071      7.966

Derivative matrix of expected statistics X by parameters and
covariance/correlation matrix of X can be found using
summary(ans) within R, or by using the 'verbose' option in Siena07.
 
Total computation time 800.15 seconds.
