

-----------------------------------
New Analysis started.
Date and time: 21/09/2026 16:52:31
New results follow.
-----------------------------------

RSiena version 1.3.10 (28 Apr 22)


@1
Estimation by stochastic approximation algorithm.
=================================================

Current random number seed is 52020061.
Effects object used: bound$effects 
Model Type:
 Initiative model
Behavioral Model Type:
 Standard behavior actor-oriented model ('restrict')
Estimation method: unconditional moment estimation
.

Time duration for simulations in each period is 1.0.
Changing composition.
Joiners/leavers option: 1
Standard errors are estimated with the likelihood ratio method.
Dolby method (regression on scores) is used.
Initial value of gain parameter is  0.2000000.
Reduction factor for gain parameter is  0.5000000.
Number of subphases in Phase 2 is 0.

Initial parameter values are 
  1. rate:  constant dv.net rate (period 1)                 0.0630
  2. rate:  constant dv.net rate (period 2)                 0.1779
  3. rate:  constant dv.net rate (period 3)                 0.5755
  4. rate:  constant dv.net rate (period 4)                 0.4109
  5. rate:  constant dv.net rate (period 5)                 0.3820
  6. rate:  constant dv.net rate (period 6)                 0.3771
  7. rate:  constant dv.net rate (period 7)                 0.4548
  8. rate:  constant dv.net rate (period 8)                 0.3547
  9. rate:  constant dv.net rate (period 9)                 0.3763
 10. rate:  constant dv.net rate (period 10)                0.3282
 11. rate:  constant dv.net rate (period 11)                0.3648
 12. rate:  constant dv.net rate (period 12)                0.4881
 13. rate:  constant dv.net rate (period 13)                0.3939
 14. rate:  constant dv.net rate (period 14)                0.3624
 15. rate:  constant dv.net rate (period 15)                0.3113
 16. eval:  degree (density)                               -6.4435
 17. eval:  GWESP (69)                                      2.6549
 18. eval:  degree act+pop                                  0.0352
 19. eval:  nets.lndistance_d                              -0.9622
 20. eval:  nets.ATOP_d                                     0.9346
 21. eval:  nets.absidealdiff_d                            -0.5161
 22. eval:  nets.lntrade_d                                  0.0100
 23. eval:  nets.NATO_d                                    -3.5178
 24. eval:  milex.beh alter                                -0.0389
 25. eval:  beh.democracy_1 alter                           1.5046
 26. eval:  beh.lncinc_1 alter                              0.7977
 27. rate:  rate milex.beh (period 1)                       0.9375
 28. rate:  rate milex.beh (period 2)                       1.3157
 29. rate:  rate milex.beh (period 3)                       1.3631
 30. rate:  rate milex.beh (period 4)                       1.1984
 31. rate:  rate milex.beh (period 5)                       0.7065
 32. rate:  rate milex.beh (period 6)                       0.5763
 33. rate:  rate milex.beh (period 7)                       0.4793
 34. rate:  rate milex.beh (period 8)                       0.5291
 35. rate:  rate milex.beh (period 9)                       0.3845
 36. rate:  rate milex.beh (period 10)                      1.7992
 37. rate:  rate milex.beh (period 11)                      0.5977
 38. rate:  rate milex.beh (period 12)                      1.3692
 39. rate:  rate milex.beh (period 13)                      0.3293
 40. rate:  rate milex.beh (period 14)                      0.3000
 41. rate:  rate milex.beh (period 15)                      1.1110
 42. eval:  milex.beh linear shape                         -1.1818
 43. eval:  milex.beh quadratic shape                      -0.0278
 44. eval:  milex.beh degree                                0.0960
 45. eval:  milex.beh dense triads                         -0.0288
 46. eval:  milex.beh: effect from beh.democracy_1         -0.4933
 47. eval:  milex.beh: effect from beh.GDPgrowth_1         -2.6494
 48. eval:  milex.beh: effect from beh.nato_1               0.9131
 49. eval:  milex.beh: effect from beh.allies_1            -0.0116
 50. eval:  milex.beh: effect from beh.military_1           0.2612
 51. eval:  milex.beh: effect from beh.lnmids_1             0.1913
 52. eval:  milex.beh: effect from beh.milexSpLag_1         7.5014


Observed values of target statistics are
  1. Amount of network change in period 1                                10.0000
  2. Amount of network change in period 2                                34.0000
  3. Amount of network change in period 3                                86.0000
  4. Amount of network change in period 4                                94.0000
  5. Amount of network change in period 5                                76.0000
  6. Amount of network change in period 6                                76.0000
  7. Amount of network change in period 7                                94.0000
  8. Amount of network change in period 8                                78.0000
  9. Amount of network change in period 9                                84.0000
 10. Amount of network change in period 10                               72.0000
 11. Amount of network change in period 11                               84.0000
 12. Amount of network change in period 12                              114.0000
 13. Amount of network change in period 13                               94.0000
 14. Amount of network change in period 14                               88.0000
 15. Amount of network change in period 15                               80.0000
 16. Number of edges                                                   3807.0000
 17. Numb. edgew. shrd prtns.(69)                                      10843.4832
 18. Sum of squared degrees                                            226964.0000
 19. Sum of ties x nets.lndistance_d                                   -8010.2838
 20. Sum of ties x nets.ATOP_d                                         4481.4695
 21. Sum of ties x nets.absidealdiff_d                                 -2131.1065
 22. Sum of ties x nets.lntrade_d                                      27161.2288
 23. Sum of ties x nets.NATO_d                                          722.5164
 24. Sum of degrees x milex.beh                                         140.6170
 25. Sum of degrees x beh.democracy_1                                  2231.9215
 26. Sum of degrees x beh.lncinc_1                                     9867.9263
 27. Amount of behavioral change in period 1 on milex.beh                41.0000
 28. Amount of behavioral change in period 2 on milex.beh                50.0000
 29. Amount of behavioral change in period 3 on milex.beh                57.0000
 30. Amount of behavioral change in period 4 on milex.beh                52.0000
 31. Amount of behavioral change in period 5 on milex.beh                37.0000
 32. Amount of behavioral change in period 6 on milex.beh                32.0000
 33. Amount of behavioral change in period 7 on milex.beh                28.0000
 34. Amount of behavioral change in period 8 on milex.beh                31.0000
 35. Amount of behavioral change in period 9 on milex.beh                24.0000
 36. Amount of behavioral change in period 10 on milex.beh               71.0000
 37. Amount of behavioral change in period 11 on milex.beh               34.0000
 38. Amount of behavioral change in period 12 on milex.beh               55.0000
 39. Amount of behavioral change in period 13 on milex.beh               18.0000
 40. Amount of behavioral change in period 14 on milex.beh               17.0000
 41. Amount of behavioral change in period 15 on milex.beh               48.0000
 42. milex.beh centered sum                                             -61.3312
 43. milex.beh sum of cent. squares                                    5434.8003
 44. milex.beh outdegrees                                              -248.5092
 45. milex.beh dense triads                                            -2289.8418
 46. milex.beh x beh.democracy_1                                       -368.4695
 47. milex.beh x beh.GDPgrowth_1                                          1.9322
 48. milex.beh x beh.nato_1                                              32.8368
 49. milex.beh x beh.allies_1                                          -2822.0961
 50. milex.beh x beh.military_1                                         116.6277
 51. milex.beh x beh.lnmids_1                                           538.3189
 52. milex.beh x beh.milexSpLag_1                                        22.7209

 52 parameters, 52 statistics

Number of subphases is specified as 0.
Therefore the estimation phase is skipped
 and the program passes on immediately to phase 3
 for checking the current parameter values and calculating standard errors.
Estimation of derivatives by the LR method (type 1).


@2
End of stochastic approximation algorithm, phase 3.
---------------------------------------------------

Total of 3000 iterations.
Parameter estimates based on 0 iterations,
convergence diagnostics, covariance and derivative matrices based on 3000 iterations.

Information for convergence diagnosis.
Averages, standard deviations, and t-ratios for deviations from targets:
  1.   0.4160    4.5192   0.0921 
  2.   0.2253    8.5246   0.0264 
  3.   0.2080   12.3341   0.0169 
  4.  -0.4073   13.6012  -0.0299 
  5.  -0.8433   11.7756  -0.0716 
  6.   0.2987   11.9410   0.0250 
  7.  -1.5813   13.1417  -0.1203 
  8.  -0.5447   12.2324  -0.0445 
  9.   0.4727   12.5062   0.0378 
 10.   2.4840   11.8555   0.2095 
 11.  -0.3467   12.6167  -0.0275 
 12.  -2.4567   14.5940  -0.1683 
 13.   1.1613   13.5355   0.0858 
 14.   1.5313   13.0853   0.1170 
 15.  -1.3360   12.0769  -0.1106 
 16.   0.6933   24.0216   0.0289 
 17.   2.1388   89.7082   0.0238 
 18.  49.2693 2236.8520   0.0220 
 19.   0.0720   63.9198   0.0011 
 20.  -0.1902   30.2003  -0.0063 
 21.  -0.8674   40.6727  -0.0213 
 22.   2.3202  177.0775   0.0131 
 23.   0.0210    7.9897   0.0026 
 24.   0.4993   50.6137   0.0099 
 25.   0.1402   17.6331   0.0080 
 26.   2.4929   79.8452   0.0312 
 27.  -0.1527    5.6280  -0.0271 
 28.  -0.1447    6.1643  -0.0235 
 29.   0.2307    6.5276   0.0353 
 30.   0.1070    6.2326   0.0172 
 31.   0.1670    5.7197   0.0292 
 32.  -0.0933    5.1871  -0.0180 
 33.  -0.2370    4.8888  -0.0485 
 34.  -0.1210    5.1273  -0.0236 
 35.   0.2270    4.6975   0.0483 
 36.  -0.1027    7.0320  -0.0146 
 37.  -0.0510    5.3424  -0.0095 
 38.   0.0537    6.3140   0.0085 
 39.   0.0463    4.0546   0.0114 
 40.  -0.1123    4.0182  -0.0280 
 41.   0.0537    6.1036   0.0088 
 42.   0.2133   23.4479   0.0091 
 43.   1.7062   94.0721   0.0181 
 44.   2.3710  159.1778   0.0149 
 45.  12.6693  413.9136   0.0306 
 46.   0.2313   11.8142   0.0196 
 47.   0.0679    2.1857   0.0311 
 48.   0.1042    9.0121   0.0116 
 49.   7.2182  464.3350   0.0155 
 50.  -0.1394    6.6631  -0.0209 
 51.  -0.3794   15.0592  -0.0252 
 52.  -0.0036    0.5005  -0.0072 

Good convergence is indicated by the t-ratios being close to zero.

Overall maximum convergence ratio =  0.4115 .



@2
Estimation Results.
-------------------

Regular end of estimation algorithm.
Total of 3000 iteration steps.


@3
Estimates and standard errors
                             
Network Dynamics
 1. rate:  constant dv.net rate (period 1)                         0.0630  (   0.0283)
 2. rate:  constant dv.net rate (period 2)                         0.1779  (   0.0435)
 3. rate:  constant dv.net rate (period 3)                         0.5755  (   0.1090)
 4. rate:  constant dv.net rate (period 4)                         0.4109  (   0.0641)
 5. rate:  constant dv.net rate (period 5)                         0.3820  (   0.0751)
 6. rate:  constant dv.net rate (period 6)                         0.3771  (   0.0694)
 7. rate:  constant dv.net rate (period 7)                         0.4548  (   0.0757)
 8. rate:  constant dv.net rate (period 8)                         0.3547  (   0.0599)
 9. rate:  constant dv.net rate (period 9)                         0.3763  (   0.0651)
10. rate:  constant dv.net rate (period 10)                        0.3282  (   0.0580)
11. rate:  constant dv.net rate (period 11)                        0.3648  (   0.0607)
12. rate:  constant dv.net rate (period 12)                        0.4881  (   0.0708)
13. rate:  constant dv.net rate (period 13)                        0.3939  (   0.0608)
14. rate:  constant dv.net rate (period 14)                        0.3624  (   0.0574)
15. rate:  constant dv.net rate (period 15)                        0.3113  (   0.0531)
16. eval:  degree (density)                                       -6.4435  (   0.2805)
17. eval:  GWESP (69)                                              2.6549  (   0.2755)
18. eval:  degree act+pop                                          0.0352  (   0.0068)
19. eval:  nets.lndistance_d                                      -0.9622  (   0.0813)
20. eval:  nets.ATOP_d                                             0.9346  (   0.1675)
21. eval:  nets.absidealdiff_d                                    -0.5161  (   0.0855)
22. eval:  nets.lntrade_d                                          0.0100  (   0.0358)
23. eval:  nets.NATO_d                                            -3.5178  (   0.4255)
24. eval:  milex.beh alter                                        -0.0389  (   0.0674)
25. eval:  beh.democracy_1 alter                                   1.5046  (   0.3104)
26. eval:  beh.lncinc_1 alter                                      0.7977  (   0.0772)
Behavior Dynamics

27. rate:  rate milex.beh (period 1)                               0.9375  (   0.1759)
28. rate:  rate milex.beh (period 2)                               1.3157  (   0.2507)
29. rate:  rate milex.beh (period 3)                               1.3631  (   0.2394)
30. rate:  rate milex.beh (period 4)                               1.1984  (   0.2292)
31. rate:  rate milex.beh (period 5)                               0.7065  (   0.1316)
32. rate:  rate milex.beh (period 6)                               0.5763  (   0.1124)
33. rate:  rate milex.beh (period 7)                               0.4793  (   0.1024)
34. rate:  rate milex.beh (period 8)                               0.5291  (   0.1044)
35. rate:  rate milex.beh (period 9)                               0.3845  (   0.0890)
36. rate:  rate milex.beh (period 10)                              1.7992  (   0.3502)
37. rate:  rate milex.beh (period 11)                              0.5977  (   0.1167)
38. rate:  rate milex.beh (period 12)                              1.3692  (   0.2597)
39. rate:  rate milex.beh (period 13)                              0.3293  (   0.0806)
40. rate:  rate milex.beh (period 14)                              0.3000  (   0.0741)
41. rate:  rate milex.beh (period 15)                              1.1110  (   0.1984)
42. eval:  milex.beh linear shape                                 -1.1818  (   0.0821)
43. eval:  milex.beh quadratic shape                              -0.0278  (   0.0244)
44. eval:  milex.beh degree                                        0.0960  (   0.0301)
45. eval:  milex.beh dense triads                                 -0.0288  (   0.0106)
46. eval:  milex.beh: effect from beh.democracy_1                 -0.4933  (   0.1447)
47. eval:  milex.beh: effect from beh.GDPgrowth_1                 -2.6494  (   0.9398)
48. eval:  milex.beh: effect from beh.nato_1                       0.9131  (   0.1806)
49. eval:  milex.beh: effect from beh.allies_1                    -0.0116  (   0.0039)
50. eval:  milex.beh: effect from beh.military_1                   0.2612  (   0.2006)
51. eval:  milex.beh: effect from beh.lnmids_1                     0.1913  (   0.0948)
52. eval:  milex.beh: effect from beh.milexSpLag_1                 7.5014  (   2.9390)


@3
Covariance matrices
                   
Covariance matrix of estimates (correlations below diagonal):
     0.001      0.000      0.000      0.000      0.000      0.000      0.000      0.000      0.000      0.000      0.000      0.000      0.000      0.000      0.000     -0.001      0.000      0.000      0.000      0.000      0.000      0.000      0.000      0.000      0.000      0.000      0.000      0.000      0.000      0.000      0.000      0.000      0.000      0.000      0.000      0.000      0.000      0.000      0.000      0.000      0.000      0.000      0.000      0.000      0.000      0.000      0.000      0.000      0.000      0.000      0.000     -0.001
     0.045      0.002      0.000      0.000      0.000      0.000      0.000      0.000      0.000      0.000      0.000      0.000      0.000      0.000      0.000     -0.001      0.001      0.000      0.000      0.000      0.000      0.000      0.000      0.000      0.000      0.000      0.000     -0.001      0.000      0.000      0.000      0.000      0.000      0.000      0.000      0.000      0.000      0.000      0.000      0.000      0.000      0.000      0.000      0.000      0.000      0.000     -0.001      0.000      0.000      0.000      0.000     -0.003
     0.003      0.042      0.012      0.000      0.000      0.000      0.000      0.000      0.000      0.000      0.000      0.000      0.000      0.000      0.000     -0.001      0.000      0.000      0.001     -0.001      0.000      0.000      0.001      0.000     -0.002     -0.001      0.000     -0.001      0.001      0.000      0.000      0.000      0.000      0.000      0.000     -0.001      0.000      0.000      0.000      0.000      0.000      0.000      0.000      0.000      0.000      0.000      0.002      0.000      0.000     -0.001      0.000     -0.003
     0.046      0.052      0.029      0.004      0.000      0.000      0.000      0.000      0.000      0.000      0.000      0.000      0.000      0.000      0.000     -0.002      0.000      0.000      0.000      0.000      0.000      0.000     -0.001      0.000      0.000      0.000      0.000     -0.001      0.000      0.000      0.000      0.000      0.000      0.000      0.000      0.000      0.000      0.000      0.000      0.000      0.000      0.000      0.000      0.000      0.000      0.000      0.001      0.000      0.000      0.000      0.000     -0.005
     0.024      0.060      0.030      0.062      0.006      0.000      0.000      0.000      0.000      0.000      0.000      0.000      0.000      0.000      0.000     -0.001      0.000      0.000      0.000     -0.001      0.000      0.000      0.000      0.000     -0.001      0.000      0.000      0.000      0.000      0.000      0.001      0.000      0.000      0.000      0.000      0.000      0.000      0.000      0.000      0.000      0.000      0.000      0.000      0.000      0.000      0.000     -0.001      0.000      0.000      0.000      0.000      0.010
     0.062      0.028      0.039      0.021      0.027      0.005      0.000      0.000      0.000      0.000      0.000      0.000      0.000      0.000      0.000     -0.001      0.000      0.000      0.000     -0.001      0.000      0.000      0.000      0.000     -0.001      0.000      0.000      0.000      0.000      0.000      0.000      0.000      0.000      0.000      0.000      0.000      0.000      0.000      0.000      0.000      0.000      0.000      0.000      0.000      0.000      0.000      0.002      0.000      0.000      0.000      0.000      0.000
    -0.006      0.015      0.044      0.065      0.033      0.042      0.006      0.000      0.000      0.000      0.000      0.000      0.000      0.000      0.000     -0.001      0.000      0.000      0.000      0.000      0.000      0.000      0.001      0.000     -0.001      0.000      0.000      0.000      0.000      0.000      0.000      0.000      0.000      0.000      0.000      0.000      0.000      0.000      0.000      0.000     -0.001      0.000      0.000      0.000      0.000      0.000     -0.001      0.000      0.000      0.000      0.000      0.004
     0.011      0.007      0.022      0.013      0.045      0.015     -0.020      0.004      0.000      0.000      0.000      0.000      0.000      0.000      0.000     -0.001      0.001      0.000      0.000      0.000      0.000      0.000      0.000      0.000      0.000      0.000      0.000      0.000      0.000      0.000      0.000      0.000      0.000      0.000      0.000      0.000      0.000      0.000      0.000      0.000      0.000      0.000      0.000      0.000      0.000      0.000     -0.001      0.000      0.000      0.000      0.000      0.001
    -0.011      0.013      0.020      0.016      0.021      0.032      0.017      0.001      0.004      0.000      0.000      0.000      0.000      0.000      0.000     -0.001      0.000      0.000      0.000      0.000      0.000      0.000      0.000      0.000     -0.001      0.000      0.000      0.000      0.000      0.000      0.000      0.000      0.000      0.000      0.000      0.001      0.000      0.001      0.000      0.000      0.000      0.000      0.000      0.000      0.000      0.000      0.000      0.000      0.000      0.000      0.000     -0.001
    -0.002      0.015      0.019      0.025      0.033      0.009      0.016      0.007      0.003      0.003      0.000      0.000      0.000      0.000      0.000      0.000      0.001      0.000      0.000      0.000      0.000      0.000      0.001      0.000      0.000      0.000      0.000      0.000      0.000      0.000      0.000      0.000      0.000      0.000      0.000      0.000      0.000      0.000      0.000      0.000      0.000      0.000      0.000      0.000      0.000      0.000      0.001      0.000      0.000      0.000      0.000     -0.005
     0.021      0.033      0.026      0.048      0.028      0.026      0.010      0.035      0.069      0.004      0.004      0.000      0.000      0.000      0.000      0.000      0.000      0.000      0.000      0.000      0.000      0.000      0.000      0.000      0.000      0.000      0.000      0.000      0.000      0.000      0.000      0.000      0.000      0.000      0.000      0.000      0.000      0.000      0.000      0.000      0.000      0.000      0.000      0.000      0.000      0.000     -0.001      0.000      0.000      0.000      0.000     -0.001
     0.017      0.011      0.011      0.016      0.010      0.013      0.015      0.001      0.008      0.038      0.012      0.005      0.000      0.000      0.000      0.000      0.001      0.000      0.000      0.000      0.000      0.000      0.001      0.000      0.000      0.000      0.000      0.000      0.000      0.000      0.000      0.000      0.000      0.000      0.000      0.000      0.000      0.001      0.000      0.000      0.000      0.000      0.000      0.000      0.000      0.000      0.000      0.000      0.000      0.000      0.000     -0.002
     0.023      0.035     -0.001      0.005      0.008      0.033      0.018      0.009     -0.001      0.042      0.017     -0.001      0.004      0.000      0.000     -0.001      0.001      0.000      0.000      0.000      0.000      0.000      0.000      0.000     -0.001      0.000      0.000      0.000      0.000      0.000      0.000      0.000      0.000      0.000      0.000      0.000      0.000      0.000      0.000      0.000      0.000      0.000      0.000      0.000      0.000      0.000      0.000      0.000      0.000      0.000      0.000     -0.005
     0.021      0.004      0.052      0.010      0.025      0.028      0.012     -0.004      0.023      0.017     -0.045      0.001      0.015      0.003      0.000     -0.001      0.001      0.000      0.000     -0.001      0.000      0.000      0.000      0.000      0.000      0.000      0.000      0.000      0.000      0.000      0.000      0.000      0.000      0.000      0.000      0.000      0.000      0.000      0.000      0.000      0.000      0.000      0.000      0.000      0.000      0.000      0.001      0.000      0.000      0.000      0.000      0.005
     0.035      0.000      0.045      0.029     -0.027      0.029      0.032      0.018      0.026      0.010      0.016     -0.004      0.027      0.009      0.003     -0.001      0.001      0.000      0.000      0.000      0.000      0.000      0.000      0.000      0.000      0.000      0.000      0.000      0.000      0.000      0.000      0.000      0.000      0.000      0.000      0.000      0.000      0.000      0.000      0.000      0.000      0.000      0.000      0.000      0.000      0.000     -0.001      0.000      0.000      0.000      0.000     -0.003
    -0.098     -0.120     -0.044     -0.135     -0.061     -0.058     -0.066     -0.043     -0.029     -0.016     -0.024     -0.020     -0.030     -0.048     -0.044      0.079     -0.040      0.000      0.012     -0.008      0.009      0.002      0.033      0.001     -0.040     -0.014      0.000      0.001     -0.001      0.000     -0.001      0.000      0.001      0.000      0.000      0.002     -0.001      0.002      0.001     -0.001      0.002      0.001      0.000      0.000      0.000      0.000     -0.001     -0.002      0.000      0.001      0.000     -0.013
     0.041      0.059      0.013      0.012      0.020      0.013      0.008      0.061      0.005      0.034      0.010      0.055      0.031      0.043      0.048     -0.522      0.076     -0.001     -0.008      0.005     -0.004     -0.003     -0.031      0.003      0.023      0.008     -0.001      0.002      0.000      0.001      0.001     -0.001      0.000      0.001      0.000     -0.003      0.001      0.001     -0.001      0.001     -0.001      0.000      0.000      0.000      0.000     -0.001     -0.008      0.002      0.000      0.001      0.000     -0.003
     0.039      0.093      0.089      0.119      0.060      0.049      0.015     -0.021      0.018     -0.043     -0.010     -0.097      0.001     -0.024     -0.053     -0.089     -0.457      0.000      0.000      0.000      0.000      0.000      0.000      0.000      0.000      0.000      0.000      0.000      0.000      0.000      0.000      0.000      0.000      0.000      0.000      0.000      0.000      0.000      0.000      0.000      0.000      0.000      0.000      0.000      0.000      0.000      0.000      0.000      0.000      0.000      0.000      0.000
     0.004      0.025      0.059      0.012      0.025      0.006      0.054      0.008      0.009      0.034      0.056      0.025      0.044     -0.020     -0.003      0.504     -0.342      0.086      0.007      0.002      0.001      0.001      0.006      0.000     -0.008     -0.003      0.000      0.000     -0.001      0.000      0.000      0.000      0.000      0.000      0.000      0.000      0.000      0.000      0.000      0.000      0.000      0.000      0.000      0.000      0.000      0.000      0.000      0.000      0.000      0.000      0.000     -0.006
     0.011     -0.032     -0.065     -0.036     -0.048     -0.057     -0.036     -0.002     -0.034     -0.030     -0.033     -0.024     -0.019     -0.065     -0.029     -0.180      0.100     -0.019      0.150      0.028      0.000     -0.002     -0.007     -0.001      0.009      0.002      0.001      0.001     -0.001      0.001      0.000      0.000      0.001      0.000      0.000      0.002      0.000     -0.001      0.000      0.000     -0.001      0.000      0.000      0.000      0.000      0.000      0.001      0.000      0.000      0.000      0.001     -0.001
    -0.031     -0.003     -0.005     -0.028      0.008      0.017     -0.024      0.001      0.026     -0.014      0.007      0.021     -0.001     -0.011     -0.002      0.369     -0.163     -0.047      0.098      0.033      0.007      0.000      0.008     -0.002     -0.009     -0.002      0.000      0.001     -0.001      0.001      0.000      0.000      0.000      0.000      0.000      0.000     -0.001      0.001      0.000      0.000      0.000      0.000      0.000      0.000      0.000      0.000      0.000     -0.001      0.000      0.000      0.000     -0.003
     0.006      0.035      0.084      0.085      0.063      0.074      0.079      0.042      0.027      0.043      0.033     -0.008      0.013      0.019     -0.010      0.217     -0.351      0.252      0.417     -0.256     -0.041      0.001      0.000      0.000     -0.002     -0.002      0.000      0.000      0.000      0.000      0.000      0.000      0.000      0.000      0.000      0.001      0.000     -0.001      0.000      0.000      0.000      0.000      0.000      0.000      0.000      0.000     -0.001      0.000      0.000      0.000      0.000     -0.004
    -0.014     -0.016      0.028     -0.022     -0.010     -0.004      0.016      0.003      0.000      0.035      0.017      0.039      0.010      0.001     -0.015      0.275     -0.265      0.021      0.160     -0.105      0.210     -0.025      0.181     -0.003     -0.030     -0.004     -0.003      0.000      0.000      0.001      0.000     -0.001      0.001      0.000      0.000     -0.005      0.000      0.003      0.000     -0.001      0.000      0.001      0.000      0.000      0.000      0.000     -0.003      0.001      0.000     -0.001     -0.001      0.014
     0.001     -0.017     -0.019      0.000     -0.035     -0.056     -0.018      0.016     -0.011      0.024     -0.002      0.084      0.006      0.023      0.010      0.032      0.155     -0.232     -0.043     -0.120     -0.306     -0.004     -0.102      0.005      0.007     -0.001      0.000      0.001      0.000      0.000      0.000      0.000      0.000      0.000      0.000      0.001      0.000      0.000      0.000      0.000      0.000      0.000      0.000      0.000      0.000      0.000     -0.001      0.000      0.000      0.000      0.000     -0.002
     0.018     -0.014     -0.065     -0.016     -0.043     -0.054     -0.041     -0.003     -0.050     -0.015     -0.007      0.015     -0.035      0.020      0.008     -0.457      0.269     -0.222     -0.311      0.174     -0.353     -0.162     -0.227      0.337      0.096      0.004      0.000      0.001      0.002      0.000      0.000      0.001      0.000      0.001      0.000      0.001      0.000     -0.002      0.001      0.000      0.000      0.000      0.000      0.000      0.000      0.000      0.001      0.001      0.000     -0.002      0.000      0.011
     0.016     -0.039     -0.079     -0.031     -0.058     -0.046     -0.028     -0.032     -0.033     -0.033     -0.037     -0.017     -0.016     -0.020      0.014     -0.625      0.383     -0.252     -0.545      0.169     -0.254     -0.598     -0.124     -0.168      0.179      0.006      0.000      0.000      0.001      0.001      0.000      0.000      0.000      0.000      0.000     -0.001      0.000      0.000      0.000      0.000      0.000      0.000      0.000      0.000      0.000      0.000      0.001      0.000      0.000      0.000      0.000      0.007
    -0.034     -0.006      0.003      0.006      0.019     -0.021     -0.026     -0.002      0.026      0.023     -0.001      0.002      0.008     -0.023      0.002     -0.005     -0.018      0.022     -0.001      0.021     -0.003     -0.012     -0.036     -0.025      0.006      0.003      0.031      0.000      0.000      0.002      0.001      0.001      0.000      0.000      0.000      0.000      0.000      0.000      0.000      0.000      0.001      0.000      0.000      0.000      0.000      0.001      0.004     -0.001      0.000      0.002      0.000      0.029
     0.002     -0.127     -0.022     -0.050     -0.019      0.012     -0.021     -0.022      0.010      0.026      0.011      0.027     -0.001      0.010      0.001      0.017      0.024     -0.037      0.011      0.035      0.032     -0.024     -0.002      0.034      0.009     -0.024      0.009      0.063      0.001      0.001      0.000      0.001      0.000      0.000      0.000      0.003     -0.001      0.001      0.000      0.000     -0.001      0.000      0.001      0.000      0.000      0.001      0.002     -0.002      0.000     -0.001     -0.001      0.037
     0.009      0.029      0.024      0.002     -0.010      0.007      0.014      0.020     -0.027     -0.003      0.016      0.021      0.024      0.018      0.005     -0.019     -0.008      0.001     -0.032     -0.026     -0.033     -0.005      0.002      0.006      0.023      0.028     -0.006      0.022      0.057      0.003      0.001      0.001      0.000      0.000      0.000      0.000      0.000     -0.001     -0.001      0.000      0.001      0.001      0.001      0.000      0.000      0.002      0.019     -0.001      0.000      0.001      0.000      0.035
    -0.024     -0.019      0.017     -0.014     -0.011      0.003      0.017      0.001     -0.005      0.002      0.002     -0.002     -0.009     -0.005     -0.010     -0.005      0.022     -0.011      0.006      0.024      0.027     -0.053      0.009     -0.019     -0.003      0.034      0.039      0.016      0.055      0.053      0.001      0.000      0.001      0.000      0.001     -0.001      0.000     -0.001      0.000     -0.001      0.000      0.001      0.001     -0.001      0.000      0.001      0.019     -0.001      0.000     -0.001      0.001      0.016
     0.002      0.016      0.026      0.002      0.140     -0.017     -0.006      0.008     -0.019     -0.005      0.013     -0.002      0.014      0.017     -0.010     -0.028      0.023      0.027     -0.025     -0.001      0.029     -0.034     -0.005     -0.038      0.004      0.028      0.030      0.008      0.022      0.020      0.017      0.000      0.000      0.001      0.000     -0.002      0.000      0.000      0.000      0.000      0.000      0.000      0.000      0.000      0.000      0.000      0.009      0.001      0.000      0.000      0.000      0.003
    -0.025     -0.018      0.010     -0.005      0.008     -0.030     -0.014      0.041      0.014     -0.007      0.009      0.014      0.000      0.027      0.005     -0.004     -0.019      0.026      0.010     -0.002     -0.018      0.010     -0.011     -0.005      0.028     -0.010      0.051      0.023      0.034     -0.008      0.012      0.013      0.000      0.000      0.000     -0.001      0.000      0.001      0.000      0.000      0.000      0.000      0.000      0.000      0.000      0.000      0.006      0.000      0.000      0.000      0.000      0.009
     0.017     -0.032      0.016     -0.019      0.007      0.015      0.014     -0.051      0.014     -0.016     -0.036      0.020     -0.011     -0.002     -0.020      0.019     -0.007      0.025     -0.004      0.031      0.021     -0.030      0.027     -0.011     -0.012     -0.001      0.004     -0.013     -0.006      0.031     -0.004      0.018      0.010      0.000      0.000      0.000      0.000      0.000      0.000      0.000      0.000      0.000      0.000      0.000      0.000      0.000      0.000      0.000      0.000      0.000      0.000      0.001
     0.033      0.026      0.024      0.001      0.011      0.031     -0.014      0.001     -0.025      0.016      0.008     -0.021     -0.017     -0.011     -0.003     -0.017      0.021     -0.023     -0.010     -0.003     -0.045     -0.012      0.010      0.029      0.041      0.011      0.012      0.018      0.011      0.021      0.065     -0.006      0.013      0.011      0.000     -0.001      0.000      0.000      0.000      0.000      0.000      0.000      0.000      0.000      0.000      0.000     -0.001      0.000      0.000      0.000      0.000     -0.005
    -0.005      0.023      0.022     -0.001      0.020     -0.013      0.007      0.028      0.041     -0.010     -0.010      0.028     -0.037      0.016     -0.008     -0.007      0.010     -0.007     -0.003      0.006     -0.006      0.012      0.004     -0.015     -0.017     -0.003      0.010     -0.020      0.014      0.034     -0.006     -0.013     -0.012      0.027      0.008      0.000      0.000      0.001      0.000      0.000      0.000      0.000      0.000      0.000      0.000      0.000      0.002      0.001      0.000      0.000      0.000      0.004
     0.016      0.000     -0.014     -0.014      0.006     -0.015     -0.011     -0.003      0.026      0.021     -0.017     -0.016     -0.003     -0.014     -0.007      0.021     -0.028      0.028      0.016      0.028     -0.014      0.051     -0.036      0.025      0.005     -0.050     -0.001      0.037      0.003     -0.015     -0.036     -0.014     -0.001     -0.030      0.011      0.123      0.000      0.002      0.000      0.000      0.001     -0.001      0.000      0.000      0.000      0.000      0.004     -0.004      0.000      0.003      0.001      0.038
    -0.023      0.008      0.014     -0.009      0.008     -0.012      0.018      0.036      0.034     -0.046      0.064     -0.043      0.009     -0.004      0.014     -0.034      0.020      0.025     -0.006      0.000     -0.053      0.006      0.000     -0.009      0.011      0.014      0.006     -0.032     -0.013     -0.006      0.016     -0.018      0.015      0.020      0.017      0.006      0.014     -0.001      0.000      0.000      0.000      0.000      0.000      0.000      0.000      0.000     -0.002      0.000      0.000      0.000     -0.001      0.015
    -0.027      0.012     -0.014      0.019      0.007     -0.012     -0.004     -0.003      0.037     -0.007     -0.004      0.029     -0.017     -0.024      0.017      0.026      0.008     -0.035     -0.001     -0.024      0.051     -0.060      0.029      0.008     -0.019      0.000      0.005      0.011     -0.012     -0.011     -0.001      0.035     -0.006      0.000      0.024      0.020     -0.022      0.067      0.000      0.000      0.000     -0.001      0.000      0.001      0.000     -0.003      0.010     -0.002      0.000      0.000     -0.001      0.028
     0.010      0.004      0.004      0.001     -0.003     -0.019     -0.004     -0.006     -0.007     -0.037      0.005      0.009      0.007     -0.015     -0.010      0.024     -0.030     -0.008      0.025      0.016      0.003     -0.011      0.012      0.032      0.024     -0.018      0.005      0.002     -0.032      0.001      0.016      0.007      0.006      0.009      0.000      0.000      0.003     -0.002      0.007      0.000      0.000      0.000      0.000      0.000      0.000      0.000      0.001      0.000      0.000      0.000      0.000     -0.003
     0.010      0.029      0.015      0.009      0.025      0.009      0.013      0.009      0.003      0.012      0.023     -0.020     -0.015     -0.004      0.025     -0.042      0.032      0.002     -0.025      0.027      0.016      0.004     -0.026     -0.026     -0.008      0.013      0.023     -0.010      0.002     -0.036      0.012      0.000     -0.012     -0.006      0.041     -0.001      0.013      0.025      0.010      0.005      0.000      0.000      0.000      0.000      0.000      0.000      0.000      0.000      0.000      0.000      0.000      0.000
     0.025     -0.022     -0.017     -0.003     -0.018      0.026     -0.049     -0.036      0.031      0.020     -0.022     -0.029     -0.002      0.004     -0.019      0.028     -0.013     -0.026      0.018     -0.022     -0.002      0.021      0.002     -0.012      0.005      0.002      0.023     -0.012      0.011      0.001      0.007      0.012     -0.007      0.020     -0.010      0.021     -0.005     -0.002      0.004      0.024      0.039      0.000      0.000      0.000      0.000     -0.001      0.004      0.001      0.000     -0.001     -0.001      0.002
    -0.018     -0.028      0.025      0.026     -0.036      0.000      0.025     -0.021      0.023      0.002     -0.019     -0.003     -0.018     -0.034     -0.021      0.030     -0.016      0.003      0.014     -0.010      0.037      0.026      0.035      0.006     -0.019     -0.035      0.003     -0.022      0.026      0.059     -0.036     -0.040      0.014     -0.044     -0.033     -0.027     -0.023     -0.043     -0.037     -0.039     -0.011      0.007      0.000     -0.001      0.000      0.003      0.014     -0.002      0.000     -0.001      0.001     -0.032
    -0.006      0.011      0.022      0.014     -0.014      0.008     -0.028     -0.030     -0.001      0.019      0.002      0.037      0.007     -0.004     -0.028      0.001      0.006      0.005     -0.015      0.024      0.029     -0.037      0.005     -0.001      0.004      0.011      0.109      0.110      0.133      0.100      0.103      0.074      0.034      0.067      0.036      0.022      0.020      0.064      0.021      0.015      0.068     -0.081      0.001      0.000      0.000      0.001      0.006      0.000      0.000      0.000     -0.001     -0.024
    -0.009      0.021     -0.023     -0.032      0.012     -0.027     -0.012     -0.009     -0.030     -0.019      0.000      0.021      0.000      0.023     -0.019     -0.020      0.023      0.005     -0.012      0.001     -0.003     -0.017     -0.027     -0.026      0.007      0.021     -0.042     -0.016     -0.063     -0.116     -0.073     -0.012     -0.044     -0.015      0.009      0.034      0.030      0.075      0.019      0.002     -0.033     -0.570     -0.172      0.001      0.000     -0.001     -0.004      0.000      0.000      0.000     -0.001      0.012
     0.019     -0.008      0.020      0.035      0.010      0.033      0.004      0.015      0.029      0.016      0.004     -0.021      0.012     -0.012      0.041      0.031     -0.040     -0.007      0.025     -0.015      0.008      0.032      0.027      0.026     -0.013     -0.034      0.039      0.014      0.057      0.098      0.084      0.011      0.032      0.014     -0.007     -0.039     -0.023     -0.055     -0.016     -0.001      0.050      0.384      0.153     -0.906      0.000      0.000      0.001      0.000      0.000      0.000      0.000     -0.003
     0.014      0.019      0.000      0.021      0.009      0.014     -0.030      0.006     -0.003      0.006     -0.016     -0.008      0.003     -0.004     -0.018      0.005     -0.014      0.032      0.009      0.012      0.009      0.010     -0.001      0.040     -0.002     -0.028      0.046      0.040      0.071      0.035     -0.001      0.009      0.016      0.002     -0.018     -0.002      0.005     -0.085     -0.031     -0.015     -0.048      0.264      0.157     -0.205      0.161      0.021      0.005     -0.011      0.000      0.004      0.001      0.048
     0.002     -0.021      0.024      0.014     -0.013      0.025     -0.013     -0.026     -0.003      0.020     -0.014     -0.007     -0.008      0.026     -0.020     -0.002     -0.032      0.038     -0.003      0.007      0.000     -0.015     -0.007     -0.008      0.003      0.007      0.024      0.008      0.085      0.089      0.072      0.061      0.003     -0.010      0.020      0.013     -0.017      0.042      0.013      0.003      0.022      0.180      0.265     -0.143      0.093      0.035      0.883      0.002      0.000     -0.015      0.003     -0.411
     0.028     -0.011      0.010     -0.010     -0.002     -0.018      0.014     -0.008      0.007      0.014     -0.005     -0.036      0.014      0.011      0.016     -0.045      0.034     -0.006     -0.017     -0.015     -0.048     -0.003      0.009     -0.012      0.019      0.033     -0.025     -0.036     -0.030     -0.032      0.028      0.009      0.018      0.020      0.050     -0.070     -0.021     -0.035      0.028      0.019      0.034     -0.154     -0.001     -0.083      0.018     -0.405      0.010      0.033      0.000      0.000     -0.003     -0.053
    -0.019     -0.007     -0.002      0.017     -0.041     -0.001     -0.017      0.014      0.037      0.001     -0.006      0.028     -0.033     -0.011     -0.019      0.000      0.008     -0.010     -0.012      0.026      0.008     -0.034      0.011      0.024      0.008      0.020      0.050      0.041      0.033      0.087     -0.019      0.025      0.023     -0.005      0.007      0.012     -0.004      0.025     -0.027      0.000      0.030      0.395      0.073     -0.371      0.215      0.025      0.090     -0.339      0.000      0.000      0.000      0.000
     0.004      0.003     -0.030     -0.025     -0.017      0.004     -0.025      0.018      0.008     -0.015      0.007     -0.022      0.011      0.004      0.010      0.016      0.011      0.007     -0.009     -0.008      0.017     -0.005     -0.009      0.015     -0.035     -0.012      0.048     -0.023      0.020     -0.026     -0.017      0.022      0.014     -0.002     -0.007      0.041      0.017      0.001     -0.023      0.014     -0.014     -0.075     -0.068      0.033     -0.016      0.152     -0.078     -0.013      0.083      0.040     -0.001      0.051
    -0.011      0.009      0.001      0.012      0.022      0.027     -0.002      0.027      0.004      0.006      0.013     -0.033      0.017     -0.023      0.022     -0.003      0.003      0.014      0.039      0.032     -0.007      0.030     -0.022      0.002     -0.012     -0.028      0.010     -0.039     -0.022      0.025      0.029      0.003     -0.011      0.012     -0.037      0.036     -0.055     -0.026      0.011      0.014     -0.044      0.102     -0.221     -0.251      0.186      0.059      0.032     -0.148      0.050     -0.037      0.009     -0.019
    -0.013     -0.021     -0.008     -0.025      0.044      0.002      0.017      0.006     -0.003     -0.027     -0.003     -0.008     -0.028      0.031     -0.017     -0.015     -0.003      0.017     -0.025     -0.003     -0.013     -0.037      0.011     -0.010      0.012      0.030      0.057      0.050      0.050      0.023      0.007      0.028      0.003     -0.015      0.017      0.037      0.043      0.037     -0.012      0.002      0.004     -0.131     -0.328      0.133     -0.100      0.112     -0.149     -0.100      0.004      0.086     -0.070      8.638

Derivative matrix of expected statistics X by parameters and
covariance/correlation matrix of X can be found using
summary(ans) within R, or by using the 'verbose' option in Siena07.
 
Total computation time 675.43 seconds.
