

-----------------------------------
New Analysis started.
Date and time: 21/09/2026 17:16:07
New results follow.
-----------------------------------

RSiena version 1.3.10 (28 Apr 22)


@1
Estimation by stochastic approximation algorithm.
=================================================

Current random number seed is 52020062.
Effects object used: bound$effects 
Model Type:
 Initiative model
Behavioral Model Type:
 Standard behavior actor-oriented model ('restrict')
Estimation method: unconditional moment estimation
.

Time duration for simulations in each period is 1.0.
Changing composition.
Joiners/leavers option: 1
Standard errors are estimated with the likelihood ratio method.
Dolby method (regression on scores) is used.
Initial value of gain parameter is  0.2000000.
Reduction factor for gain parameter is  0.5000000.
Number of subphases in Phase 2 is 0.

Initial parameter values are 
  1. rate:  constant dv.net rate (period 1)                 0.0607
  2. rate:  constant dv.net rate (period 2)                 0.1782
  3. rate:  constant dv.net rate (period 3)                 0.5802
  4. rate:  constant dv.net rate (period 4)                 0.4121
  5. rate:  constant dv.net rate (period 5)                 0.3848
  6. rate:  constant dv.net rate (period 6)                 0.3780
  7. rate:  constant dv.net rate (period 7)                 0.4640
  8. rate:  constant dv.net rate (period 8)                 0.3548
  9. rate:  constant dv.net rate (period 9)                 0.3766
 10. rate:  constant dv.net rate (period 10)                0.3188
 11. rate:  constant dv.net rate (period 11)                0.3661
 12. rate:  constant dv.net rate (period 12)                0.5017
 13. rate:  constant dv.net rate (period 13)                0.3905
 14. rate:  constant dv.net rate (period 14)                0.3576
 15. rate:  constant dv.net rate (period 15)                0.3166
 16. eval:  degree (density)                               -6.4428
 17. eval:  GWESP (69)                                      2.6321
 18. eval:  degree act+pop                                  0.0351
 19. eval:  nets.lndistance_d                              -0.9566
 20. eval:  nets.ATOP_d                                     0.9348
 21. eval:  nets.absidealdiff_d                            -0.5129
 22. eval:  nets.lntrade_d                                  0.0114
 23. eval:  nets.NATO_d                                    -3.4973
 24. eval:  milex.beh alter                                -0.0376
 25. eval:  beh.democracy_1 alter                           1.5074
 26. eval:  beh.lncinc_1 alter                              0.7950
 27. rate:  rate milex.beh (period 1)                       0.9392
 28. rate:  rate milex.beh (period 2)                       1.3170
 29. rate:  rate milex.beh (period 3)                       1.3546
 30. rate:  rate milex.beh (period 4)                       1.1949
 31. rate:  rate milex.beh (period 5)                       0.7057
 32. rate:  rate milex.beh (period 6)                       0.5717
 33. rate:  rate milex.beh (period 7)                       0.4834
 34. rate:  rate milex.beh (period 8)                       0.5293
 35. rate:  rate milex.beh (period 9)                       0.3818
 36. rate:  rate milex.beh (period 10)                      1.7922
 37. rate:  rate milex.beh (period 11)                      0.5965
 38. rate:  rate milex.beh (period 12)                      1.3617
 39. rate:  rate milex.beh (period 13)                      0.3304
 40. rate:  rate milex.beh (period 14)                      0.3021
 41. rate:  rate milex.beh (period 15)                      1.1278
 42. eval:  milex.beh linear shape                         -1.1836
 43. eval:  milex.beh quadratic shape                      -0.0295
 44. eval:  milex.beh degree                                0.0962
 45. eval:  milex.beh dense triads                         -0.0288
 46. eval:  milex.beh: effect from beh.democracy_1         -0.4948
 47. eval:  milex.beh: effect from beh.GDPgrowth_1         -2.7038
 48. eval:  milex.beh: effect from beh.nato_1               0.9114
 49. eval:  milex.beh: effect from beh.allies_1            -0.0116
 50. eval:  milex.beh: effect from beh.military_1           0.2674
 51. eval:  milex.beh: effect from beh.lnmids_1             0.1927
 52. eval:  milex.beh: effect from beh.milexSpLag_1         7.5343


Observed values of target statistics are
  1. Amount of network change in period 1                                10.0000
  2. Amount of network change in period 2                                34.0000
  3. Amount of network change in period 3                                86.0000
  4. Amount of network change in period 4                                94.0000
  5. Amount of network change in period 5                                76.0000
  6. Amount of network change in period 6                                76.0000
  7. Amount of network change in period 7                                94.0000
  8. Amount of network change in period 8                                78.0000
  9. Amount of network change in period 9                                84.0000
 10. Amount of network change in period 10                               72.0000
 11. Amount of network change in period 11                               84.0000
 12. Amount of network change in period 12                              114.0000
 13. Amount of network change in period 13                               94.0000
 14. Amount of network change in period 14                               88.0000
 15. Amount of network change in period 15                               80.0000
 16. Number of edges                                                   3807.0000
 17. Numb. edgew. shrd prtns.(69)                                      10843.4832
 18. Sum of squared degrees                                            226964.0000
 19. Sum of ties x nets.lndistance_d                                   -8010.2838
 20. Sum of ties x nets.ATOP_d                                         4481.4695
 21. Sum of ties x nets.absidealdiff_d                                 -2131.1065
 22. Sum of ties x nets.lntrade_d                                      27161.2288
 23. Sum of ties x nets.NATO_d                                          722.5164
 24. Sum of degrees x milex.beh                                         140.6170
 25. Sum of degrees x beh.democracy_1                                  2231.9215
 26. Sum of degrees x beh.lncinc_1                                     9867.9263
 27. Amount of behavioral change in period 1 on milex.beh                41.0000
 28. Amount of behavioral change in period 2 on milex.beh                50.0000
 29. Amount of behavioral change in period 3 on milex.beh                57.0000
 30. Amount of behavioral change in period 4 on milex.beh                52.0000
 31. Amount of behavioral change in period 5 on milex.beh                37.0000
 32. Amount of behavioral change in period 6 on milex.beh                32.0000
 33. Amount of behavioral change in period 7 on milex.beh                28.0000
 34. Amount of behavioral change in period 8 on milex.beh                31.0000
 35. Amount of behavioral change in period 9 on milex.beh                24.0000
 36. Amount of behavioral change in period 10 on milex.beh               71.0000
 37. Amount of behavioral change in period 11 on milex.beh               34.0000
 38. Amount of behavioral change in period 12 on milex.beh               55.0000
 39. Amount of behavioral change in period 13 on milex.beh               18.0000
 40. Amount of behavioral change in period 14 on milex.beh               17.0000
 41. Amount of behavioral change in period 15 on milex.beh               48.0000
 42. milex.beh centered sum                                             -61.3312
 43. milex.beh sum of cent. squares                                    5434.8003
 44. milex.beh outdegrees                                              -248.5092
 45. milex.beh dense triads                                            -2289.8418
 46. milex.beh x beh.democracy_1                                       -368.4695
 47. milex.beh x beh.GDPgrowth_1                                          1.9322
 48. milex.beh x beh.nato_1                                              32.8368
 49. milex.beh x beh.allies_1                                          -2822.0961
 50. milex.beh x beh.military_1                                         116.6277
 51. milex.beh x beh.lnmids_1                                           538.3189
 52. milex.beh x beh.milexSpLag_1                                        22.7209

 52 parameters, 52 statistics

Number of subphases is specified as 0.
Therefore the estimation phase is skipped
 and the program passes on immediately to phase 3
 for checking the current parameter values and calculating standard errors.
Estimation of derivatives by the LR method (type 1).


@2
End of stochastic approximation algorithm, phase 3.
---------------------------------------------------

Total of 3000 iterations.
Parameter estimates based on 0 iterations,
convergence diagnostics, covariance and derivative matrices based on 3000 iterations.

Information for convergence diagnosis.
Averages, standard deviations, and t-ratios for deviations from targets:
  1.   -0.0960    4.2969  -0.0223 
  2.    0.1400    8.3888   0.0167 
  3.    0.1553   12.2359   0.0127 
  4.   -0.1660   13.9156  -0.0119 
  5.   -0.6853   11.4842  -0.0597 
  6.   -0.1713   12.1024  -0.0142 
  7.   -0.0393   12.8624  -0.0031 
  8.   -0.4400   11.9181  -0.0369 
  9.    0.0807   12.4040   0.0065 
 10.    0.2113   11.7909   0.0179 
 11.    0.2833   12.4636   0.0227 
 12.    0.0927   14.8965   0.0062 
 13.    0.0647   13.3394   0.0048 
 14.    0.0913   12.7731   0.0072 
 15.    0.0893   12.4469   0.0072 
 16.   -1.7127   24.2001  -0.0708 
 17.   -4.0180   91.2705  -0.0440 
 18. -101.7653 2238.1602  -0.0455 
 19.    3.7348   61.8906   0.0603 
 20.   -0.6729   30.3386  -0.0222 
 21.    0.9725   39.8832   0.0244 
 22.   -4.3122  178.9250  -0.0241 
 23.    0.3291    8.0903   0.0407 
 24.    1.8942   50.6194   0.0374 
 25.    0.0461   17.8272   0.0026 
 26.   -2.0265   81.3044  -0.0249 
 27.   -0.1697    5.6675  -0.0299 
 28.    0.1717    6.0382   0.0284 
 29.    0.1210    6.5697   0.0184 
 30.   -0.1213    6.3290  -0.0192 
 31.    0.1633    5.6083   0.0291 
 32.   -0.2410    5.2792  -0.0457 
 33.    0.1310    5.0042   0.0262 
 34.   -0.0867    5.1151  -0.0169 
 35.    0.0227    4.7032   0.0048 
 36.   -0.1710    7.0163  -0.0244 
 37.   -0.0327    5.3959  -0.0061 
 38.   -0.2477    6.1914  -0.0400 
 39.   -0.1040    3.9422  -0.0264 
 40.    0.0210    3.8743   0.0054 
 41.    0.4330    5.8513   0.0740 
 42.   -0.6957   23.3708  -0.0298 
 43.   -1.8690   96.4375  -0.0194 
 44.    5.0487  159.6995   0.0316 
 45.   21.8810  421.0908   0.0520 
 46.    0.2163   11.8091   0.0183 
 47.   -0.0043    2.1933  -0.0020 
 48.    0.0275    8.8027   0.0031 
 49.    8.7728  460.1132   0.0191 
 50.    0.1371    6.5132   0.0210 
 51.   -0.0510   15.3572  -0.0033 
 52.   -0.0017    0.5163  -0.0033 

Good convergence is indicated by the t-ratios being close to zero.

Overall maximum convergence ratio =  0.2214 .



@2
Estimation Results.
-------------------

Regular end of estimation algorithm.
Total of 3000 iteration steps.


@3
Estimates and standard errors
                             
Network Dynamics
 1. rate:  constant dv.net rate (period 1)                         0.0607  (   0.0283)
 2. rate:  constant dv.net rate (period 2)                         0.1782  (   0.0445)
 3. rate:  constant dv.net rate (period 3)                         0.5802  (   0.1138)
 4. rate:  constant dv.net rate (period 4)                         0.4121  (   0.0626)
 5. rate:  constant dv.net rate (period 5)                         0.3848  (   0.0753)
 6. rate:  constant dv.net rate (period 6)                         0.3780  (   0.0666)
 7. rate:  constant dv.net rate (period 7)                         0.4640  (   0.0788)
 8. rate:  constant dv.net rate (period 8)                         0.3548  (   0.0638)
 9. rate:  constant dv.net rate (period 9)                         0.3766  (   0.0648)
10. rate:  constant dv.net rate (period 10)                        0.3188  (   0.0571)
11. rate:  constant dv.net rate (period 11)                        0.3661  (   0.0609)
12. rate:  constant dv.net rate (period 12)                        0.5017  (   0.0725)
13. rate:  constant dv.net rate (period 13)                        0.3905  (   0.0599)
14. rate:  constant dv.net rate (period 14)                        0.3576  (   0.0583)
15. rate:  constant dv.net rate (period 15)                        0.3166  (   0.0515)
16. eval:  degree (density)                                       -6.4428  (   0.2679)
17. eval:  GWESP (69)                                              2.6321  (   0.2678)
18. eval:  degree act+pop                                          0.0351  (   0.0067)
19. eval:  nets.lndistance_d                                      -0.9566  (   0.0805)
20. eval:  nets.ATOP_d                                             0.9348  (   0.1732)
21. eval:  nets.absidealdiff_d                                    -0.5129  (   0.0844)
22. eval:  nets.lntrade_d                                          0.0114  (   0.0352)
23. eval:  nets.NATO_d                                            -3.4973  (   0.4224)
24. eval:  milex.beh alter                                        -0.0376  (   0.0664)
25. eval:  beh.democracy_1 alter                                   1.5074  (   0.3018)
26. eval:  beh.lncinc_1 alter                                      0.7950  (   0.0752)
Behavior Dynamics

27. rate:  rate milex.beh (period 1)                               0.9392  (   0.1863)
28. rate:  rate milex.beh (period 2)                               1.3170  (   0.2420)
29. rate:  rate milex.beh (period 3)                               1.3546  (   0.2360)
30. rate:  rate milex.beh (period 4)                               1.1949  (   0.2231)
31. rate:  rate milex.beh (period 5)                               0.7057  (   0.1319)
32. rate:  rate milex.beh (period 6)                               0.5717  (   0.1168)
33. rate:  rate milex.beh (period 7)                               0.4834  (   0.1005)
34. rate:  rate milex.beh (period 8)                               0.5293  (   0.1055)
35. rate:  rate milex.beh (period 9)                               0.3818  (   0.0841)
36. rate:  rate milex.beh (period 10)                              1.7922  (   0.3355)
37. rate:  rate milex.beh (period 11)                              0.5965  (   0.1126)
38. rate:  rate milex.beh (period 12)                              1.3617  (   0.2604)
39. rate:  rate milex.beh (period 13)                              0.3304  (   0.0813)
40. rate:  rate milex.beh (period 14)                              0.3021  (   0.0790)
41. rate:  rate milex.beh (period 15)                              1.1278  (   0.2210)
42. eval:  milex.beh linear shape                                 -1.1836  (   0.0828)
43. eval:  milex.beh quadratic shape                              -0.0295  (   0.0257)
44. eval:  milex.beh degree                                        0.0962  (   0.0297)
45. eval:  milex.beh dense triads                                 -0.0288  (   0.0108)
46. eval:  milex.beh: effect from beh.democracy_1                 -0.4948  (   0.1489)
47. eval:  milex.beh: effect from beh.GDPgrowth_1                 -2.7038  (   0.9459)
48. eval:  milex.beh: effect from beh.nato_1                       0.9114  (   0.1830)
49. eval:  milex.beh: effect from beh.allies_1                    -0.0116  (   0.0039)
50. eval:  milex.beh: effect from beh.military_1                   0.2674  (   0.1939)
51. eval:  milex.beh: effect from beh.lnmids_1                     0.1927  (   0.0946)
52. eval:  milex.beh: effect from beh.milexSpLag_1                 7.5343  (   2.9627)


@3
Covariance matrices
                   
Covariance matrix of estimates (correlations below diagonal):
     0.001      0.000      0.000      0.000      0.000      0.000      0.000      0.000      0.000      0.000      0.000      0.000      0.000      0.000      0.000     -0.001      0.000      0.000      0.000      0.000      0.000      0.000      0.000      0.000      0.000      0.000      0.000      0.000      0.000      0.000      0.000      0.000      0.000      0.000      0.000      0.000      0.000      0.000      0.000      0.000      0.000      0.000      0.000      0.000      0.000      0.000      0.000      0.000      0.000      0.000      0.000      0.000
     0.031      0.002      0.000      0.000      0.000      0.000      0.000      0.000      0.000      0.000      0.000      0.000      0.000      0.000      0.000     -0.001      0.001      0.000      0.000      0.000      0.000      0.000     -0.001      0.000     -0.001      0.000      0.000      0.000      0.000      0.000      0.000      0.000      0.000      0.000      0.000      0.000      0.000      0.000      0.000      0.000      0.000      0.000      0.000      0.000      0.000      0.000      0.000      0.000      0.000      0.000      0.000     -0.004
     0.008      0.034      0.013      0.000      0.000      0.000      0.000      0.000      0.000      0.000      0.000      0.000      0.000      0.000      0.000     -0.001     -0.001      0.000      0.001     -0.002      0.001      0.000      0.002      0.000     -0.005     -0.001      0.000      0.000      0.000      0.000      0.000      0.000      0.000      0.000      0.000      0.001      0.000      0.000      0.000      0.000      0.001      0.000      0.000      0.000      0.000     -0.001      0.001      0.000      0.000      0.000      0.000     -0.010
     0.027      0.037      0.051      0.004      0.000      0.000      0.000      0.000      0.000      0.000      0.000      0.000      0.000      0.000      0.000     -0.002      0.001      0.000      0.000      0.000      0.000      0.000      0.000      0.000      0.000      0.000      0.000      0.000      0.000     -0.001      0.000      0.000      0.000      0.000      0.000      0.000      0.000      0.000      0.000      0.000      0.000      0.000      0.000      0.000      0.000      0.000      0.001      0.000      0.000      0.000      0.000     -0.001
     0.021      0.030      0.041      0.067      0.006      0.000      0.000      0.000      0.000      0.000      0.000      0.000      0.000      0.000      0.000     -0.001      0.000      0.000      0.000      0.000      0.000      0.000      0.000      0.000     -0.002      0.000      0.000      0.000      0.000      0.000      0.001      0.000      0.000      0.000      0.000      0.000      0.000      0.000      0.000      0.000      0.000      0.000      0.000      0.000      0.000      0.000     -0.001      0.000      0.000      0.000      0.000     -0.003
    -0.021      0.036      0.044      0.042      0.017      0.004      0.000      0.000      0.000      0.000      0.000      0.000      0.000      0.000      0.000     -0.001      0.001      0.000      0.000      0.000      0.000      0.000     -0.001      0.000      0.000      0.000      0.000      0.000     -0.001      0.000      0.000      0.000      0.000      0.000      0.000      0.000      0.000      0.000      0.000      0.000      0.000      0.000      0.000      0.000      0.000      0.000     -0.001      0.000      0.000      0.000      0.000      0.005
     0.001      0.037      0.047      0.029      0.019      0.036      0.006      0.000      0.000      0.000      0.000      0.000      0.000      0.000      0.000      0.000      0.000      0.000      0.000     -0.001      0.000      0.000      0.001      0.000     -0.001      0.000      0.000      0.000      0.000      0.000      0.000      0.000      0.000      0.000      0.000      0.000      0.000      0.000      0.000      0.000      0.000      0.000      0.000      0.000      0.000      0.000      0.000      0.000      0.000      0.000      0.000      0.001
    -0.037     -0.003      0.019      0.053      0.026      0.004      0.041      0.004      0.000      0.000      0.000      0.000      0.000      0.000      0.000      0.000      0.001      0.000      0.000      0.000      0.000      0.000      0.000      0.000      0.000      0.000      0.000      0.000      0.000      0.000      0.000      0.000      0.000      0.000      0.000      0.000      0.000      0.000      0.000      0.000      0.000      0.000      0.000      0.000      0.000      0.000      0.000      0.000      0.000      0.000      0.000      0.002
     0.016      0.022      0.011      0.064      0.027      0.018      0.004      0.048      0.004      0.000      0.000      0.000      0.000      0.000      0.000     -0.001      0.001      0.000      0.000      0.000      0.000      0.000     -0.001      0.000      0.000      0.000      0.000      0.000      0.000      0.000      0.000      0.000      0.000      0.000      0.000      0.000      0.000      0.000      0.000      0.000      0.000      0.000      0.000      0.000      0.000      0.000      0.000      0.000      0.000      0.000      0.000      0.002
     0.012      0.030      0.014      0.032      0.016      0.055      0.011      0.019      0.003      0.003      0.000      0.000      0.000      0.000      0.000     -0.001      0.001      0.000      0.000      0.000      0.000      0.000      0.000      0.000      0.001      0.000      0.000      0.000      0.000      0.000      0.000      0.000      0.000      0.000      0.000      0.001      0.000      0.001      0.000      0.000      0.000      0.000      0.000      0.000      0.000      0.000      0.000      0.000      0.000      0.000      0.000     -0.005
     0.014      0.021      0.004      0.032      0.016     -0.010      0.000      0.012      0.008      0.019      0.004      0.000      0.000      0.000      0.000      0.000      0.000      0.000      0.000      0.000      0.000      0.000      0.001      0.000      0.000      0.000      0.000      0.000      0.000      0.000      0.000      0.000      0.000      0.000      0.000      0.000      0.000      0.000      0.000      0.000      0.000      0.000      0.000      0.000      0.000      0.000      0.000      0.000      0.000      0.000      0.000      0.002
     0.006      0.007      0.026      0.033      0.013      0.001      0.023     -0.003      0.021     -0.018     -0.005      0.005      0.000      0.000      0.000      0.000      0.000      0.000      0.000      0.000      0.000      0.000      0.001      0.000      0.000      0.000      0.000      0.000      0.000      0.000      0.000      0.000      0.000      0.000      0.000      0.000      0.000      0.002      0.000      0.000      0.000      0.000      0.000      0.000      0.000      0.000      0.000      0.000      0.000      0.000      0.000      0.010
    -0.037      0.032      0.020     -0.006     -0.012     -0.008     -0.005      0.033     -0.001      0.014      0.011      0.022      0.004      0.000      0.000      0.000      0.000      0.000      0.000      0.000      0.000      0.000      0.000      0.000      0.000      0.000      0.000      0.000      0.000      0.000      0.000      0.000      0.000      0.000      0.000      0.000      0.000      0.000      0.000      0.000      0.000      0.000      0.000      0.000      0.000      0.000      0.001      0.000      0.000      0.000      0.000     -0.002
     0.040      0.004     -0.009      0.023     -0.011     -0.002      0.006      0.069      0.056      0.027      0.011      0.026     -0.017      0.003      0.000      0.000      0.000      0.000      0.000     -0.001      0.000      0.000      0.000      0.000      0.000      0.000      0.000      0.000      0.000      0.000      0.000      0.000      0.000      0.000      0.000      0.000      0.000      0.000      0.000      0.000      0.000      0.000      0.000      0.000      0.000      0.000     -0.002      0.000      0.000      0.000      0.000      0.004
     0.006     -0.005      0.052      0.014      0.046     -0.011      0.077      0.026     -0.004      0.001     -0.036      0.021     -0.015      0.015      0.003     -0.001      0.001      0.000      0.000      0.000      0.000      0.000      0.000      0.000      0.000      0.000      0.000      0.000      0.000      0.000      0.000      0.000      0.000      0.000      0.000      0.001      0.000      0.000      0.000      0.000      0.000      0.000      0.000      0.000      0.000      0.000     -0.003      0.000      0.000      0.000      0.000      0.004
    -0.081     -0.112     -0.017     -0.134     -0.036     -0.079     -0.019     -0.025     -0.075     -0.064     -0.026     -0.007     -0.012     -0.026     -0.062      0.072     -0.036      0.000      0.010     -0.010      0.007      0.002      0.028      0.001     -0.036     -0.012      0.001      0.000      0.000      0.002      0.000     -0.001      0.000     -0.001      0.001      0.005      0.001      0.001      0.000      0.000      0.001     -0.001      0.000      0.000      0.000      0.000      0.001      0.000      0.000     -0.002     -0.001      0.015
     0.050      0.057     -0.029      0.068     -0.007      0.050      0.007      0.030      0.042      0.060      0.022      0.006      0.016      0.014      0.044     -0.499      0.072     -0.001     -0.007      0.005     -0.002     -0.003     -0.025      0.002      0.022      0.007      0.000     -0.002     -0.001     -0.002      0.000      0.001      0.001     -0.001      0.000     -0.003      0.000      0.000      0.000      0.001      0.000      0.001      0.000      0.000      0.000      0.000     -0.003      0.001      0.000      0.001      0.001     -0.017
     0.019      0.109      0.106      0.064      0.066      0.035      0.019     -0.003      0.008     -0.037     -0.047     -0.044     -0.046     -0.042     -0.041     -0.116     -0.459      0.000      0.000      0.000      0.000      0.000      0.000      0.000      0.000      0.000      0.000      0.000      0.000      0.000      0.000      0.000      0.000      0.000      0.000      0.000      0.000      0.000      0.000      0.000      0.000      0.000      0.000      0.000      0.000      0.000      0.000      0.000      0.000      0.000      0.000      0.000
     0.009      0.053      0.092      0.001      0.081      0.029      0.051      0.044      0.055      0.025      0.014      0.052      0.043      0.018     -0.016      0.466     -0.319      0.091      0.006      0.003      0.000      0.001      0.004      0.000     -0.007     -0.003      0.000      0.000      0.000      0.000      0.000      0.000      0.000      0.000      0.000      0.001      0.000      0.001      0.000      0.000      0.001      0.000      0.000      0.000      0.000      0.000      0.000      0.000      0.000      0.000      0.000      0.007
     0.018      0.014     -0.078     -0.017     -0.007     -0.005     -0.040     -0.026      0.020     -0.014     -0.003     -0.031     -0.020     -0.057     -0.009     -0.212      0.104     -0.001      0.185      0.030      0.001     -0.002     -0.007     -0.002      0.011      0.002     -0.001     -0.001      0.000      0.000     -0.001      0.001      0.000      0.001      0.000     -0.002      0.000      0.000      0.000      0.000      0.001      0.000      0.000      0.000      0.000     -0.001      0.004      0.001      0.000      0.000      0.000      0.000
    -0.026     -0.036      0.065      0.008      0.010      0.007      0.039      0.017     -0.013     -0.038     -0.010      0.031     -0.008      0.012      0.016      0.315     -0.099     -0.086      0.070      0.074      0.007      0.000      0.006     -0.002     -0.008     -0.001      0.000      0.000     -0.002      0.000      0.000      0.000      0.000      0.000      0.000      0.000      0.000      0.001      0.000      0.000      0.000      0.000      0.000      0.000      0.000      0.000      0.001      0.000      0.000     -0.001      0.000     -0.006
     0.035      0.053      0.101      0.086      0.089      0.060      0.020      0.040      0.038     -0.005      0.018      0.026      0.036      0.032      0.018      0.214     -0.346      0.222      0.431     -0.260     -0.061      0.001     -0.001      0.000     -0.002     -0.002      0.000      0.000      0.000      0.000      0.000      0.000      0.000      0.000      0.000      0.000      0.000      0.000      0.000      0.000      0.000      0.000      0.000      0.000      0.000      0.000     -0.001      0.000      0.000      0.000      0.000      0.005
    -0.019     -0.051      0.039     -0.017      0.008     -0.030      0.019      0.007     -0.027     -0.015      0.040      0.021      0.006      0.015      0.010      0.252     -0.223      0.006      0.132     -0.092      0.166     -0.047      0.178     -0.002     -0.027     -0.003      0.002      0.001      0.001      0.000      0.000     -0.001      0.001      0.000      0.000     -0.001      0.000     -0.004      0.000      0.000     -0.001      0.000      0.000      0.000      0.000      0.002     -0.006     -0.001      0.000      0.002      0.000     -0.038
    -0.003     -0.022     -0.050     -0.007     -0.068     -0.025     -0.022      0.024      0.001      0.054      0.007      0.010      0.029      0.015      0.018      0.080      0.135     -0.222     -0.039     -0.142     -0.294      0.016     -0.078      0.004      0.006     -0.001      0.000      0.000      0.000      0.000      0.000      0.000      0.000      0.000      0.000      0.000      0.000      0.000      0.000      0.000      0.000      0.000      0.000      0.000      0.000      0.000      0.003      0.000      0.000      0.000      0.000      0.001
    -0.001     -0.040     -0.134     -0.015     -0.091     -0.021     -0.022     -0.016     -0.002      0.033     -0.005     -0.004      0.025     -0.018      0.021     -0.450      0.267     -0.196     -0.269      0.212     -0.311     -0.170     -0.210      0.302      0.091      0.003      0.000     -0.003      0.000     -0.003     -0.002      0.001      0.000      0.000     -0.001     -0.003      0.000      0.000      0.000      0.000      0.000      0.000      0.000      0.000      0.000     -0.001      0.010      0.001      0.000      0.001      0.001     -0.023
     0.016     -0.043     -0.117     -0.032     -0.057     -0.033     -0.063     -0.053     -0.017      0.008     -0.014     -0.035     -0.016     -0.006      0.014     -0.604      0.362     -0.248     -0.537      0.158     -0.219     -0.578     -0.096     -0.210      0.148      0.006      0.000      0.000      0.000      0.000      0.000      0.000      0.000      0.000      0.000     -0.001      0.000     -0.001      0.000      0.000      0.000      0.000      0.000      0.000      0.000      0.000     -0.001      0.000      0.000      0.000      0.000     -0.009
     0.026     -0.034      0.019      0.008     -0.012     -0.001     -0.022      0.019     -0.023      0.039     -0.009     -0.028      0.037     -0.001     -0.008      0.015      0.004     -0.040     -0.004     -0.033      0.008      0.021      0.025      0.012      0.006     -0.009      0.035     -0.001      0.000      0.001      0.000      0.000      0.000      0.000      0.000     -0.003      0.000      0.000      0.000      0.000      0.000      0.000      0.000      0.000      0.000      0.002      0.001     -0.001      0.000     -0.001      0.000      0.022
    -0.011      0.019     -0.009     -0.013      0.007     -0.016      0.002     -0.003      0.009     -0.003     -0.018     -0.006     -0.011      0.012     -0.004      0.002     -0.024      0.048      0.017     -0.023     -0.016     -0.015      0.011     -0.030     -0.038      0.019     -0.023      0.059      0.002      0.001     -0.001      0.000      0.000     -0.001      0.001     -0.002      0.000      0.000      0.000      0.001      0.000      0.000      0.001      0.000      0.000      0.002     -0.003     -0.002      0.000      0.000     -0.001      0.002
    -0.005      0.032      0.002      0.019      0.014     -0.034     -0.001     -0.032     -0.002     -0.001     -0.004      0.007      0.011      0.005     -0.003     -0.003     -0.020      0.020      0.025     -0.008     -0.080      0.054      0.011      0.024      0.002     -0.021      0.011      0.036      0.056      0.000      0.000      0.000      0.000      0.001      0.000      0.000      0.000      0.001      0.001      0.000     -0.001      0.001      0.001     -0.001      0.000      0.002      0.015     -0.002      0.000     -0.002      0.001      0.019
    -0.021     -0.022      0.001     -0.062      0.023     -0.003     -0.007     -0.003     -0.015      0.010      0.020      0.002     -0.008      0.022     -0.004      0.035     -0.038      0.036      0.008     -0.010     -0.007      0.013      0.003      0.011     -0.038     -0.027      0.016      0.019      0.005      0.050      0.001      0.000      0.000      0.000      0.000     -0.001      0.001      0.000      0.000      0.000     -0.002      0.000      0.001     -0.001      0.000      0.002      0.022     -0.001      0.000     -0.001      0.000      0.005
    -0.001      0.005      0.006      0.004      0.060     -0.003      0.012      0.048      0.020      0.012     -0.003     -0.009      0.010      0.030     -0.009      0.009      0.000     -0.007     -0.001     -0.039     -0.024     -0.004      0.001      0.012     -0.047      0.016      0.010     -0.025      0.003      0.032      0.017      0.000      0.000      0.000      0.000      0.000      0.000      0.001      0.000      0.000      0.000      0.000      0.000      0.000      0.000      0.001      0.007      0.000      0.000      0.000      0.000     -0.001
     0.041     -0.006     -0.013     -0.011     -0.001     -0.007      0.008     -0.009      0.015     -0.027      0.000     -0.002      0.010     -0.030      0.023     -0.018      0.027      0.004      0.019      0.027     -0.032     -0.004     -0.013      0.034      0.029     -0.002      0.005      0.009     -0.001     -0.008     -0.014      0.014      0.001      0.000      0.000      0.000      0.000      0.000      0.000      0.000      0.001     -0.001      0.000      0.000      0.000     -0.001      0.002      0.001      0.000      0.000      0.000     -0.009
    -0.023      0.018      0.003      0.007      0.011     -0.019      0.012      0.021     -0.020     -0.003      0.020     -0.010      0.019     -0.008     -0.011     -0.008      0.020     -0.004     -0.003      0.028      0.027     -0.008      0.018     -0.004      0.015     -0.014      0.014      0.002     -0.015     -0.003      0.019      0.050      0.010      0.000      0.000      0.001      0.000      0.000      0.000      0.000      0.000      0.000      0.000      0.000      0.000      0.000      0.000      0.001      0.000      0.000      0.000      0.002
     0.004      0.040      0.024      0.045      0.018      0.038      0.008     -0.001     -0.025      0.011      0.025      0.008     -0.021     -0.015     -0.003     -0.020     -0.029      0.039      0.014      0.035      0.010      0.035      0.009     -0.039     -0.006     -0.025     -0.010     -0.025      0.042      0.021     -0.014     -0.015      0.000      0.011      0.000      0.001      0.000      0.000      0.000      0.000      0.000      0.000      0.000      0.000      0.000      0.000      0.002      0.001      0.000      0.000      0.000      0.003
    -0.025      0.025     -0.027     -0.012     -0.020     -0.036      0.021      0.018      0.049     -0.033     -0.009     -0.011      0.024      0.019      0.044      0.043     -0.007     -0.015      0.025      0.011      0.031      0.008     -0.007     -0.004     -0.041     -0.030      0.012      0.028     -0.018      0.013      0.019     -0.004     -0.006      0.038      0.007      0.000      0.000      0.000      0.000      0.000      0.000      0.000      0.000      0.000      0.000      0.000      0.002      0.000      0.000      0.000      0.000     -0.004
     0.009      0.005      0.015     -0.004     -0.006      0.012     -0.003      0.008     -0.012      0.070      0.000     -0.010      0.017      0.012      0.033      0.056     -0.032     -0.018      0.040     -0.033      0.006      0.041     -0.010      0.021     -0.025     -0.029     -0.044     -0.030      0.000     -0.007     -0.009     -0.004      0.033      0.028      0.009      0.113      0.000      0.000     -0.001      0.000      0.002      0.000      0.000      0.001      0.000     -0.004      0.006      0.002      0.000     -0.001      0.000     -0.026
     0.000      0.004     -0.022     -0.009      0.015     -0.057      0.011     -0.026      0.017      0.015     -0.020      0.017      0.013      0.029     -0.026      0.023     -0.014     -0.019      0.018     -0.015     -0.002      0.020     -0.005      0.002     -0.005     -0.006     -0.020      0.000     -0.012      0.030      0.007      0.021      0.005     -0.018     -0.001      0.001      0.013      0.000      0.000      0.000      0.000      0.000      0.000      0.000      0.000     -0.001     -0.002      0.000      0.000      0.000      0.000      0.017
    -0.013     -0.011      0.009      0.017      0.010      0.005     -0.012     -0.019      0.012      0.034      0.028      0.110      0.029      0.014     -0.007      0.007      0.002      0.018      0.035     -0.004      0.033      0.006     -0.033     -0.014      0.003     -0.032     -0.009     -0.006      0.014      0.002      0.026     -0.006      0.007     -0.014     -0.022      0.005     -0.015      0.068      0.000     -0.001     -0.001     -0.001      0.000      0.000      0.000     -0.002      0.001      0.001      0.000      0.000      0.000     -0.010
    -0.014     -0.013      0.016     -0.002      0.023     -0.023     -0.010      0.001      0.034      0.031     -0.001      0.004      0.029      0.042     -0.013      0.011      0.010     -0.011      0.004      0.005      0.016     -0.017      0.001     -0.002     -0.016      0.007      0.010     -0.004      0.040     -0.024     -0.025      0.002      0.008     -0.035     -0.002     -0.021      0.002      0.016      0.007      0.000      0.000      0.000      0.000      0.000      0.000     -0.001      0.000      0.000      0.000      0.000      0.000      0.004
    -0.022      0.010      0.004     -0.005      0.010      0.016      0.030      0.019      0.039      0.000     -0.023     -0.040     -0.015      0.017     -0.004     -0.008      0.024      0.004     -0.003     -0.010     -0.012      0.014      0.013      0.007      0.017     -0.012     -0.030      0.036      0.014      0.011     -0.033      0.026      0.014      0.013      0.023      0.012      0.000     -0.028      0.025      0.006      0.000      0.000      0.000      0.000      0.000     -0.001      0.002      0.001      0.000      0.000      0.000      0.002
    -0.007      0.019      0.035     -0.015     -0.009     -0.010      0.019      0.016     -0.009      0.004      0.030      0.019      0.015     -0.017     -0.040      0.013     -0.006     -0.011      0.056      0.016     -0.021      0.007     -0.014     -0.003      0.003     -0.007      0.004     -0.006     -0.013     -0.033      0.014      0.023      0.019      0.018      0.012      0.029      0.013     -0.012     -0.006      0.014      0.049      0.000      0.000      0.000      0.000     -0.002      0.003     -0.001      0.000     -0.001     -0.001     -0.004
     0.029     -0.017      0.012      0.023      0.005     -0.024     -0.024      0.001      0.028      0.026     -0.010     -0.041     -0.032     -0.037     -0.012     -0.049      0.031      0.010     -0.040     -0.022     -0.026      0.018      0.005     -0.026      0.003      0.032      0.023      0.014      0.051      0.005     -0.017     -0.060     -0.050     -0.006     -0.002     -0.008     -0.041     -0.046     -0.025     -0.011     -0.015      0.007      0.000     -0.001      0.000      0.003      0.016     -0.003      0.000     -0.002      0.001     -0.025
     0.008      0.012      0.011     -0.049      0.006     -0.034      0.013     -0.037      0.009     -0.006     -0.009     -0.031      0.016     -0.001     -0.032      0.066     -0.039     -0.013     -0.006     -0.003      0.027     -0.025      0.046     -0.010     -0.034      0.002      0.082      0.125      0.094      0.187      0.102      0.057      0.040      0.031      0.036      0.036      0.004      0.017      0.002      0.023      0.062     -0.086      0.001      0.000      0.000      0.001      0.005      0.000      0.000      0.000     -0.001     -0.024
    -0.017      0.029     -0.011     -0.028      0.017      0.030      0.015     -0.004     -0.023     -0.047      0.019      0.045      0.015      0.024     -0.010      0.029     -0.007     -0.022      0.033      0.031      0.043     -0.019     -0.024      0.004     -0.021     -0.019     -0.059     -0.041     -0.083     -0.106     -0.054      0.026      0.022     -0.011     -0.004      0.092      0.025      0.025      0.016      0.024      0.030     -0.550     -0.176      0.001      0.000     -0.001     -0.003      0.000      0.000      0.000     -0.001      0.007
     0.008     -0.038      0.015      0.031     -0.002     -0.029      0.000      0.004      0.007      0.050     -0.018     -0.023     -0.002     -0.021      0.010     -0.021     -0.016      0.028     -0.027     -0.039     -0.047      0.022      0.022     -0.010      0.018      0.012      0.054      0.023      0.066      0.094      0.035     -0.034     -0.022     -0.005     -0.008     -0.104     -0.009     -0.011     -0.016     -0.031     -0.021      0.372      0.163     -0.909      0.000      0.000      0.001      0.000      0.000      0.000      0.000     -0.001
     0.004      0.001     -0.041     -0.003      0.027     -0.047     -0.021     -0.016      0.018     -0.023     -0.010     -0.004     -0.042     -0.019     -0.001      0.012      0.012      0.005     -0.029     -0.031     -0.019      0.016      0.030     -0.009     -0.020     -0.003      0.082      0.051      0.057      0.052      0.040     -0.038     -0.027     -0.012     -0.009     -0.073     -0.045     -0.055     -0.047     -0.049     -0.062      0.261      0.166     -0.238      0.209      0.022      0.008     -0.012      0.000      0.004      0.001      0.047
     0.011     -0.006      0.007      0.017     -0.012     -0.022      0.004     -0.007     -0.007      0.008     -0.007      0.000      0.016     -0.028     -0.052      0.003     -0.011     -0.001     -0.003      0.023      0.009     -0.016     -0.015      0.050      0.034     -0.018      0.008     -0.012      0.067      0.104      0.056      0.020      0.004      0.018      0.031      0.018     -0.016      0.004      0.005      0.031      0.014      0.210      0.220     -0.109      0.064      0.055      0.895     -0.007      0.000     -0.012     -0.002     -0.414
     0.014      0.003      0.005     -0.005     -0.034      0.029      0.008      0.014      0.015      0.046      0.015      0.009      0.028      0.027      0.026     -0.006      0.012     -0.012      0.017      0.027      0.031     -0.008     -0.017      0.025      0.026     -0.023     -0.034     -0.035     -0.038     -0.015      0.004      0.055      0.061      0.036      0.031      0.033     -0.023      0.014      0.001      0.042     -0.015     -0.224     -0.064     -0.008     -0.063     -0.438     -0.043      0.034      0.000      0.001     -0.003     -0.017
     0.007     -0.026      0.015      0.028     -0.008     -0.006     -0.017      0.023      0.029     -0.017     -0.008     -0.045     -0.032     -0.031     -0.006     -0.021     -0.001      0.026     -0.003      0.009     -0.019      0.020      0.021     -0.004     -0.006      0.014      0.029      0.066      0.052      0.084      0.011     -0.030     -0.035      0.008     -0.010     -0.037      0.023     -0.014      0.008     -0.002      0.040      0.409      0.107     -0.377      0.241     -0.003      0.081     -0.345      0.000      0.000      0.000      0.000
     0.002     -0.020      0.015     -0.003      0.021      0.031     -0.003      0.006     -0.022      0.011      0.030      0.023     -0.019      0.015      0.029     -0.033      0.014     -0.007     -0.007     -0.012     -0.033     -0.007      0.022      0.029      0.016      0.016     -0.023      0.004     -0.049     -0.016      0.004     -0.012     -0.003      0.017     -0.018     -0.012      0.005     -0.001      0.001     -0.018     -0.021     -0.093     -0.073      0.044     -0.028      0.153     -0.064      0.018      0.009      0.038      0.000      0.048
    -0.012      0.002     -0.021      0.039     -0.009      0.019     -0.040     -0.021     -0.005      0.022      0.022     -0.031     -0.027     -0.015      0.013     -0.030      0.056     -0.038     -0.023     -0.006     -0.020     -0.022     -0.010     -0.005      0.020      0.048      0.000     -0.042      0.037     -0.019      0.009     -0.008     -0.008      0.013     -0.024     -0.012     -0.007      0.003      0.020     -0.023     -0.052      0.123     -0.221     -0.216      0.135      0.102     -0.021     -0.147      0.002      0.006      0.009     -0.027
    -0.005     -0.029     -0.029     -0.006     -0.013      0.025      0.006      0.010      0.010     -0.032      0.013      0.048     -0.013      0.023      0.029      0.019     -0.021      0.011      0.031     -0.001     -0.022      0.046     -0.030      0.007     -0.026     -0.042      0.040      0.003      0.027      0.007     -0.003     -0.025      0.007      0.008     -0.016     -0.026      0.051     -0.012      0.015      0.007     -0.006     -0.101     -0.314      0.084     -0.042      0.107     -0.148     -0.031     -0.020      0.084     -0.095      8.777

Derivative matrix of expected statistics X by parameters and
covariance/correlation matrix of X can be found using
summary(ans) within R, or by using the 'verbose' option in Siena07.
 
Total computation time 667.66 seconds.
