

-----------------------------------
New Analysis started.
Date and time: 21/09/2026 14:57:30
New results follow.
-----------------------------------

RSiena version 1.3.10 (28 Apr 22)


@1
Estimation by stochastic approximation algorithm.
=================================================

Current random number seed is 2009405.
Effects object used: bound$effects 
Model Type:
 Initiative model
Behavioral Model Type:
 Standard behavior actor-oriented model ('restrict')
Estimation method: unconditional moment estimation
.

Time duration for simulations in each period is 1.0.
Changing composition.
Joiners/leavers option: 1
Standard errors are estimated with the likelihood ratio method.
Dolby method (regression on scores) is used.
Initial value of gain parameter is  0.2000000.
Reduction factor for gain parameter is  0.5000000.
Number of subphases in Phase 2 is 0.

Initial parameter values are 
  1. rate:  constant dv.net rate (period 1)                 0.0472
  2. rate:  constant dv.net rate (period 2)                 0.1389
  3. rate:  constant dv.net rate (period 3)                 0.4314
  4. rate:  constant dv.net rate (period 4)                 0.3485
  5. rate:  constant dv.net rate (period 5)                 0.3233
  6. rate:  constant dv.net rate (period 6)                 0.3194
  7. rate:  constant dv.net rate (period 7)                 0.3979
  8. rate:  constant dv.net rate (period 8)                 0.3093
  9. rate:  constant dv.net rate (period 9)                 0.3269
 10. rate:  constant dv.net rate (period 10)                0.2749
 11. rate:  constant dv.net rate (period 11)                0.3220
 12. rate:  constant dv.net rate (period 12)                0.4463
 13. rate:  constant dv.net rate (period 13)                0.3536
 14. rate:  constant dv.net rate (period 14)                0.3234
 15. rate:  constant dv.net rate (period 15)                0.2895
 16. rate:  constant dv.net rate (period 16)                0.5157
 17. rate:  constant dv.net rate (period 17)                0.3412
 18. rate:  constant dv.net rate (period 18)                0.3965
 19. eval:  degree (density)                               -5.5318
 20. eval:  transitive triads                               0.1572
 21. eval:  degree act+pop                                  0.0572
 22. eval:  nets.lndistance_d                              -0.8546
 23. eval:  nets.ATOP_d                                     1.0961
 24. eval:  nets.absidealdiff_d                            -0.6046
 25. eval:  nets.lntrade_d                                  0.0714
 26. eval:  nets.NATO_d                                    -3.3720
 27. eval:  milex.beh alter                                -0.0567
 28. eval:  beh.democracy_1 alter                           1.4529
 29. eval:  beh.lncinc_1 alter                              0.7970
 30. rate:  rate milex.beh (period 1)                       0.9319
 31. rate:  rate milex.beh (period 2)                       1.3030
 32. rate:  rate milex.beh (period 3)                       1.3565
 33. rate:  rate milex.beh (period 4)                       1.1874
 34. rate:  rate milex.beh (period 5)                       0.6937
 35. rate:  rate milex.beh (period 6)                       0.5667
 36. rate:  rate milex.beh (period 7)                       0.4755
 37. rate:  rate milex.beh (period 8)                       0.5216
 38. rate:  rate milex.beh (period 9)                       0.3751
 39. rate:  rate milex.beh (period 10)                      1.7195
 40. rate:  rate milex.beh (period 11)                      0.5863
 41. rate:  rate milex.beh (period 12)                      1.3256
 42. rate:  rate milex.beh (period 13)                      0.3229
 43. rate:  rate milex.beh (period 14)                      0.2974
 44. rate:  rate milex.beh (period 15)                      1.0852
 45. rate:  rate milex.beh (period 16)                      0.4083
 46. rate:  rate milex.beh (period 17)                      0.3554
 47. rate:  rate milex.beh (period 18)                      0.4065
 48. eval:  milex.beh linear shape                         -1.1722
 49. eval:  milex.beh quadratic shape                      -0.0274
 50. eval:  milex.beh degree                                0.0893
 51. eval:  milex.beh dense triads                         -0.0208
 52. eval:  milex.beh: effect from beh.democracy_1         -0.4483
 53. eval:  milex.beh: effect from beh.GDPgrowth_1         -2.2277
 54. eval:  milex.beh: effect from beh.nato_1               0.8732
 55. eval:  milex.beh: effect from beh.allies_1            -0.0110
 56. eval:  milex.beh: effect from beh.military_1           0.2596
 57. eval:  milex.beh: effect from beh.lnmids_1             0.1351
 58. eval:  milex.beh: effect from beh.milexSpLag_1         7.1303


Observed values of target statistics are
  1. Amount of network change in period 1                                10.0000
  2. Amount of network change in period 2                                34.0000
  3. Amount of network change in period 3                                86.0000
  4. Amount of network change in period 4                                94.0000
  5. Amount of network change in period 5                                76.0000
  6. Amount of network change in period 6                                76.0000
  7. Amount of network change in period 7                                94.0000
  8. Amount of network change in period 8                                78.0000
  9. Amount of network change in period 9                                84.0000
 10. Amount of network change in period 10                               72.0000
 11. Amount of network change in period 11                               84.0000
 12. Amount of network change in period 12                              114.0000
 13. Amount of network change in period 13                               94.0000
 14. Amount of network change in period 14                               88.0000
 15. Amount of network change in period 15                               80.0000
 16. Amount of network change in period 16                              138.0000
 17. Amount of network change in period 17                               96.0000
 18. Amount of network change in period 18                              112.0000
 19. Number of edges                                                   5257.0000
 20. Number of transitive triads                                       7339.0000
 21. Sum of squared degrees                                            333172.0000
 22. Sum of ties x nets.lndistance_d                                   -10629.6066
 23. Sum of ties x nets.ATOP_d                                         5960.4379
 24. Sum of ties x nets.absidealdiff_d                                 -2858.5692
 25. Sum of ties x nets.lntrade_d                                      37643.5933
 26. Sum of ties x nets.NATO_d                                         1247.4871
 27. Sum of degrees x milex.beh                                        -136.5119
 28. Sum of degrees x beh.democracy_1                                  2911.8786
 29. Sum of degrees x beh.lncinc_1                                     13015.0208
 30. Amount of behavioral change in period 1 on milex.beh                41.0000
 31. Amount of behavioral change in period 2 on milex.beh                50.0000
 32. Amount of behavioral change in period 3 on milex.beh                57.0000
 33. Amount of behavioral change in period 4 on milex.beh                52.0000
 34. Amount of behavioral change in period 5 on milex.beh                37.0000
 35. Amount of behavioral change in period 6 on milex.beh                32.0000
 36. Amount of behavioral change in period 7 on milex.beh                28.0000
 37. Amount of behavioral change in period 8 on milex.beh                31.0000
 38. Amount of behavioral change in period 9 on milex.beh                24.0000
 39. Amount of behavioral change in period 10 on milex.beh               71.0000
 40. Amount of behavioral change in period 11 on milex.beh               34.0000
 41. Amount of behavioral change in period 12 on milex.beh               55.0000
 42. Amount of behavioral change in period 13 on milex.beh               18.0000
 43. Amount of behavioral change in period 14 on milex.beh               17.0000
 44. Amount of behavioral change in period 15 on milex.beh               48.0000
 45. Amount of behavioral change in period 16 on milex.beh               20.0000
 46. Amount of behavioral change in period 17 on milex.beh               18.0000
 47. Amount of behavioral change in period 18 on milex.beh               21.0000
 48. milex.beh centered sum                                             -69.2728
 49. milex.beh sum of cent. squares                                    5872.2362
 50. milex.beh outdegrees                                              -140.2801
 51. milex.beh dense triads                                            -2487.5508
 52. milex.beh x beh.democracy_1                                       -379.2596
 53. milex.beh x beh.GDPgrowth_1                                         -0.6794
 54. milex.beh x beh.nato_1                                              58.7026
 55. milex.beh x beh.allies_1                                          -4906.7851
 56. milex.beh x beh.military_1                                         125.8892
 57. milex.beh x beh.lnmids_1                                           583.7664
 58. milex.beh x beh.milexSpLag_1                                        23.9632

 58 parameters, 58 statistics

Number of subphases is specified as 0.
Therefore the estimation phase is skipped
 and the program passes on immediately to phase 3
 for checking the current parameter values and calculating standard errors.
Estimation of derivatives by the LR method (type 1).


@2
End of stochastic approximation algorithm, phase 3.
---------------------------------------------------

Total of 3000 iterations.
Parameter estimates based on 0 iterations,
convergence diagnostics, covariance and derivative matrices based on 3000 iterations.

Information for convergence diagnosis.
Averages, standard deviations, and t-ratios for deviations from targets:
  1.  -0.0720    4.3188  -0.0167 
  2.  -0.3107    8.1421  -0.0382 
  3.  -0.0693   12.2655  -0.0057 
  4.   0.2440   14.0392   0.0174 
  5.  -0.2807   11.6359  -0.0241 
  6.   0.1147   11.6652   0.0098 
  7.   0.4200   13.3391   0.0315 
  8.   0.3147   12.1564   0.0259 
  9.   0.0400   12.3969   0.0032 
 10.  -0.2773   11.4403  -0.0242 
 11.  -0.2607   12.3445  -0.0211 
 12.   0.1540   14.5008   0.0106 
 13.   0.2040   13.1775   0.0155 
 14.  -0.0193   12.7986  -0.0015 
 15.   0.4687   12.4463   0.0377 
 16.  -0.0693   16.2612  -0.0043 
 17.   0.2433   13.3933   0.0182 
 18.  -0.0660   15.0956  -0.0044 
 19.   1.0430   27.7675   0.0376 
 20.   1.8970   92.1771   0.0206 
 21. 123.6400 2817.8219   0.0439 
 22.  -0.2212   69.2754  -0.0032 
 23.   0.6569   33.9888   0.0193 
 24.   2.3240   48.1713   0.0482 
 25.   4.6542  204.6262   0.0227 
 26.  -0.2887   10.8797  -0.0265 
 27.   0.5229   53.7429   0.0097 
 28.   0.1563   20.1843   0.0077 
 29.   2.0540   88.4103   0.0232 
 30.   0.0560    5.7629   0.0097 
 31.   0.0713    6.1203   0.0117 
 32.   0.0487    6.5391   0.0074 
 33.  -0.0420    6.4881  -0.0065 
 34.  -0.1387    5.5927  -0.0248 
 35.  -0.0350    5.2298  -0.0067 
 36.   0.0117    4.8591   0.0024 
 37.   0.0147    5.1272   0.0029 
 38.  -0.1040    4.5977  -0.0226 
 39.  -0.0103    7.0210  -0.0015 
 40.   0.0463    5.3531   0.0087 
 41.   0.1563    6.2061   0.0252 
 42.   0.0473    4.0390   0.0117 
 43.   0.0803    3.9227   0.0205 
 44.   0.3980    5.9671   0.0667 
 45.  -0.0220    4.1407  -0.0053 
 46.  -0.0357    3.8737  -0.0092 
 47.   0.0273    4.2525   0.0064 
 48.  -0.0890   24.5299  -0.0036 
 49.  -1.3563   96.0587  -0.0141 
 50.   2.0367  184.6208   0.0110 
 51.   1.2847  498.9327   0.0026 
 52.   0.0832   12.0341   0.0069 
 53.  -0.0001    2.1843  -0.0001 
 54.  -0.1670    9.5663  -0.0175 
 55.  12.5728  475.2605   0.0265 
 56.  -0.0117    6.6472  -0.0018 
 57.   0.1093   15.5540   0.0070 
 58.  -0.0092    0.5048  -0.0182 

Good convergence is indicated by the t-ratios being close to zero.

Overall maximum convergence ratio =  0.1583 .



@2
Estimation Results.
-------------------

Regular end of estimation algorithm.
Total of 3000 iteration steps.


@3
Estimates and standard errors
                             
Network Dynamics
 1. rate:  constant dv.net rate (period 1)                         0.0472  (   0.0221)
 2. rate:  constant dv.net rate (period 2)                         0.1389  (   0.0344)
 3. rate:  constant dv.net rate (period 3)                         0.4314  (   0.0770)
 4. rate:  constant dv.net rate (period 4)                         0.3485  (   0.0511)
 5. rate:  constant dv.net rate (period 5)                         0.3233  (   0.0587)
 6. rate:  constant dv.net rate (period 6)                         0.3194  (   0.0589)
 7. rate:  constant dv.net rate (period 7)                         0.3979  (   0.0643)
 8. rate:  constant dv.net rate (period 8)                         0.3093  (   0.0532)
 9. rate:  constant dv.net rate (period 9)                         0.3269  (   0.0543)
10. rate:  constant dv.net rate (period 10)                        0.2749  (   0.0498)
11. rate:  constant dv.net rate (period 11)                        0.3220  (   0.0530)
12. rate:  constant dv.net rate (period 12)                        0.4463  (   0.0648)
13. rate:  constant dv.net rate (period 13)                        0.3536  (   0.0558)
14. rate:  constant dv.net rate (period 14)                        0.3234  (   0.0527)
15. rate:  constant dv.net rate (period 15)                        0.2895  (   0.0468)
16. rate:  constant dv.net rate (period 16)                        0.5157  (   0.0669)
17. rate:  constant dv.net rate (period 17)                        0.3412  (   0.0512)
18. rate:  constant dv.net rate (period 18)                        0.3965  (   0.0540)
19. eval:  degree (density)                                       -5.5318  (   0.2173)
20. eval:  transitive triads                                       0.1572  (   0.0520)
21. eval:  degree act+pop                                          0.0572  (   0.0049)
22. eval:  nets.lndistance_d                                      -0.8546  (   0.0718)
23. eval:  nets.ATOP_d                                             1.0961  (   0.1362)
24. eval:  nets.absidealdiff_d                                    -0.6046  (   0.0719)
25. eval:  nets.lntrade_d                                          0.0714  (   0.0298)
26. eval:  nets.NATO_d                                            -3.3720  (   0.3429)
27. eval:  milex.beh alter                                        -0.0567  (   0.0565)
28. eval:  beh.democracy_1 alter                                   1.4529  (   0.2403)
29. eval:  beh.lncinc_1 alter                                      0.7970  (   0.0680)
Behavior Dynamics

30. rate:  rate milex.beh (period 1)                               0.9319  (   0.1814)
31. rate:  rate milex.beh (period 2)                               1.3030  (   0.2373)
32. rate:  rate milex.beh (period 3)                               1.3565  (   0.2620)
33. rate:  rate milex.beh (period 4)                               1.1874  (   0.2107)
34. rate:  rate milex.beh (period 5)                               0.6937  (   0.1456)
35. rate:  rate milex.beh (period 6)                               0.5667  (   0.1081)
36. rate:  rate milex.beh (period 7)                               0.4755  (   0.0997)
37. rate:  rate milex.beh (period 8)                               0.5216  (   0.1068)
38. rate:  rate milex.beh (period 9)                               0.3751  (   0.0838)
39. rate:  rate milex.beh (period 10)                              1.7195  (   0.3243)
40. rate:  rate milex.beh (period 11)                              0.5863  (   0.1151)
41. rate:  rate milex.beh (period 12)                              1.3256  (   0.2697)
42. rate:  rate milex.beh (period 13)                              0.3229  (   0.0873)
43. rate:  rate milex.beh (period 14)                              0.2974  (   0.0757)
44. rate:  rate milex.beh (period 15)                              1.0852  (   0.2008)
45. rate:  rate milex.beh (period 16)                              0.4083  (   0.1033)
46. rate:  rate milex.beh (period 17)                              0.3554  (   0.0975)
47. rate:  rate milex.beh (period 18)                              0.4065  (   0.0965)
48. eval:  milex.beh linear shape                                 -1.1722  (   0.0803)
49. eval:  milex.beh quadratic shape                              -0.0274  (   0.0232)
50. eval:  milex.beh degree                                        0.0893  (   0.0233)
51. eval:  milex.beh dense triads                                 -0.0208  (   0.0073)
52. eval:  milex.beh: effect from beh.democracy_1                 -0.4483  (   0.1323)
53. eval:  milex.beh: effect from beh.GDPgrowth_1                 -2.2277  (   0.8646)
54. eval:  milex.beh: effect from beh.nato_1                       0.8732  (   0.1655)
55. eval:  milex.beh: effect from beh.allies_1                    -0.0110  (   0.0035)
56. eval:  milex.beh: effect from beh.military_1                   0.2596  (   0.1900)
57. eval:  milex.beh: effect from beh.lnmids_1                     0.1351  (   0.0902)
58. eval:  milex.beh: effect from beh.milexSpLag_1                 7.1303  (   2.7782)


@3
Covariance matrices
                   
Covariance matrix of estimates (correlations below diagonal):
     0.000      0.000      0.000      0.000      0.000      0.000      0.000      0.000      0.000      0.000      0.000      0.000      0.000      0.000      0.000      0.000      0.000      0.000      0.000      0.000      0.000      0.000      0.000      0.000      0.000      0.000      0.000      0.000      0.000      0.000      0.000      0.000      0.000      0.000      0.000      0.000      0.000      0.000      0.000      0.000      0.000      0.000      0.000      0.000      0.000      0.000      0.000      0.000      0.000      0.000      0.000      0.000      0.000      0.000      0.000      0.000      0.000      0.003
     0.031      0.001      0.000      0.000      0.000      0.000      0.000      0.000      0.000      0.000      0.000      0.000      0.000      0.000      0.000      0.000      0.000      0.000      0.000      0.000      0.000      0.000      0.000      0.000      0.000      0.000      0.000      0.000      0.000      0.000      0.000      0.000      0.000      0.000      0.000      0.000      0.000      0.000      0.000      0.000      0.000      0.000      0.000      0.000      0.000      0.000      0.000      0.000      0.000      0.000      0.000      0.000      0.001      0.000      0.000      0.000      0.000     -0.001
    -0.004      0.048      0.006      0.000      0.000      0.000      0.000      0.000      0.000      0.000      0.000      0.000      0.000      0.000      0.000      0.000      0.000      0.000      0.000      0.000      0.000      0.001     -0.001      0.000      0.000      0.000      0.000     -0.002     -0.001      0.000      0.000     -0.001      0.000      0.000      0.000      0.000      0.000      0.000      0.000      0.000     -0.001      0.000      0.000      0.000      0.000      0.000      0.000      0.000      0.000      0.000      0.000      0.000     -0.002      0.000      0.000      0.000      0.000      0.005
    -0.024      0.004      0.033      0.003      0.000      0.000      0.000      0.000      0.000      0.000      0.000      0.000      0.000      0.000      0.000      0.000      0.000      0.000     -0.001      0.000      0.000      0.000      0.000      0.000      0.000     -0.001      0.000      0.000      0.000      0.000      0.000      0.000      0.001      0.000      0.000      0.000      0.000      0.000      0.000      0.000      0.000      0.000      0.000      0.000      0.000      0.000      0.000      0.000      0.000      0.000      0.000      0.000      0.002      0.000      0.000      0.000      0.000     -0.001
     0.004      0.010      0.044     -0.018      0.003      0.000      0.000      0.000      0.000      0.000      0.000      0.000      0.000      0.000      0.000      0.000      0.000      0.000      0.000      0.000      0.000      0.000      0.000      0.000      0.000      0.001      0.000     -0.001      0.000      0.000      0.000      0.000      0.000      0.000      0.000      0.000      0.000      0.000     -0.001      0.000      0.000      0.000      0.000      0.000      0.000      0.000      0.000      0.000      0.000      0.000      0.000      0.000      0.001      0.000      0.000      0.000      0.000      0.005
     0.019      0.022      0.018      0.029     -0.015      0.003      0.000      0.000      0.000      0.000      0.000      0.000      0.000      0.000      0.000      0.000      0.000      0.000      0.000      0.000      0.000      0.000     -0.001      0.000      0.000      0.001      0.000      0.000      0.000      0.000      0.000      0.000      0.000      0.000      0.000      0.000      0.000      0.000      0.000      0.000      0.000      0.000      0.000      0.000      0.000      0.000      0.000      0.000      0.000      0.000      0.000      0.000      0.001      0.000      0.000      0.000      0.000     -0.003
     0.025      0.041      0.044      0.017      0.026      0.049      0.004      0.000      0.000      0.000      0.000      0.000      0.000      0.000      0.000      0.000      0.000      0.000     -0.001      0.000      0.000      0.000      0.000      0.000      0.000      0.001      0.000      0.000      0.000      0.000      0.000     -0.001      0.000      0.000      0.000      0.000      0.000      0.000      0.000      0.000      0.000      0.000      0.000      0.000      0.000      0.000      0.000      0.000      0.000      0.000      0.000      0.000     -0.002      0.000      0.000      0.000      0.000      0.002
     0.000      0.008      0.055      0.015      0.025      0.012     -0.027      0.003      0.000      0.000      0.000      0.000      0.000      0.000      0.000      0.000      0.000      0.000      0.000      0.000      0.000      0.000      0.000      0.000      0.000      0.000      0.000     -0.001      0.000      0.000      0.000      0.000      0.000      0.000      0.000      0.000      0.000      0.000      0.000      0.000      0.000      0.000      0.000      0.000      0.000      0.000      0.000      0.000      0.000      0.000      0.000      0.000     -0.001      0.000      0.000      0.000      0.000      0.003
    -0.024      0.042      0.015      0.016      0.013      0.014      0.006      0.018      0.003      0.000      0.000      0.000      0.000      0.000      0.000      0.000      0.000      0.000      0.000      0.000      0.000      0.000      0.000      0.000      0.000      0.000      0.000     -0.001      0.000      0.000      0.000      0.000      0.000      0.000      0.000      0.000      0.000      0.000      0.000      0.000      0.000      0.000      0.000      0.000      0.000      0.000      0.000      0.000      0.000      0.000      0.000      0.000      0.001      0.000      0.000      0.000      0.000      0.002
     0.007      0.008      0.024      0.041     -0.006      0.000      0.021      0.007      0.022      0.002      0.000      0.000      0.000      0.000      0.000      0.000      0.000      0.000      0.000      0.000      0.000      0.000      0.000      0.000      0.000      0.001      0.000      0.000      0.000      0.000      0.000      0.000      0.000      0.000      0.000      0.000      0.000      0.000      0.000      0.000      0.000      0.000      0.000      0.000      0.000      0.000      0.000      0.000      0.000      0.000      0.000      0.000     -0.001      0.000      0.000      0.000      0.000      0.000
    -0.008      0.004      0.033      0.003     -0.014     -0.014      0.027     -0.012      0.014      0.015      0.003      0.000      0.000      0.000      0.000      0.000      0.000      0.000      0.000      0.000      0.000      0.000      0.000      0.000      0.000      0.000      0.000      0.000      0.000      0.000      0.000      0.000      0.000      0.000      0.000      0.000      0.000      0.000      0.000      0.000      0.000      0.000      0.000      0.000      0.000      0.000      0.000      0.000      0.000      0.000      0.000      0.000      0.000      0.000      0.000      0.000      0.000     -0.002
    -0.002      0.023      0.032      0.003      0.010      0.034      0.013     -0.002     -0.009      0.010     -0.003      0.004      0.000      0.000      0.000      0.000      0.000      0.000      0.000      0.000      0.000      0.000      0.000      0.000      0.000      0.000      0.000      0.000      0.000      0.000      0.000      0.000      0.000      0.000      0.000      0.000      0.000      0.000      0.000      0.000      0.001      0.000      0.000      0.000      0.000      0.000      0.000      0.000      0.000      0.000      0.000     -0.001     -0.001      0.000      0.000     -0.001      0.000      0.003
     0.007     -0.002      0.007      0.026      0.001      0.006     -0.003      0.026      0.009      0.022      0.026      0.029      0.003      0.000      0.000      0.000      0.000      0.000      0.000      0.000      0.000      0.000      0.000      0.000      0.000      0.000      0.000      0.000      0.000      0.000      0.000      0.000      0.000      0.000      0.000      0.000      0.000      0.000      0.000      0.000      0.000      0.000      0.000      0.000      0.000      0.000      0.000      0.000      0.000      0.000      0.000      0.000      0.000      0.000      0.000      0.000      0.000      0.001
     0.004     -0.002     -0.007     -0.021     -0.016      0.025      0.025      0.028      0.018     -0.001      0.011     -0.017     -0.003      0.003      0.000      0.000      0.000      0.000     -0.001      0.000      0.000      0.000      0.000      0.000      0.000      0.001      0.000      0.000      0.000      0.000      0.000      0.000      0.000      0.000      0.000      0.000      0.000      0.000      0.000      0.000      0.000      0.000      0.000      0.000      0.000      0.000      0.000      0.000      0.000      0.000      0.000      0.000     -0.001      0.000      0.000      0.000      0.000      0.000
     0.015      0.016     -0.005      0.042     -0.016      0.011      0.012     -0.003      0.027      0.025     -0.025      0.038      0.021      0.009      0.002      0.000      0.000      0.000      0.000      0.000      0.000      0.000      0.000      0.000      0.000      0.000      0.000      0.000      0.000      0.000      0.000      0.000      0.000      0.000      0.000      0.000      0.000      0.000      0.000      0.000      0.000      0.000      0.000      0.000      0.000      0.000      0.000      0.000      0.000      0.000      0.000      0.000      0.001      0.000      0.000      0.000      0.000      0.001
     0.035      0.027      0.032      0.043      0.014      0.030     -0.001      0.007      0.013      0.035     -0.015      0.038      0.031      0.022     -0.014      0.004      0.000      0.000      0.000      0.000      0.000      0.000      0.000      0.000      0.000      0.001      0.000     -0.001      0.000      0.000      0.000      0.000      0.000      0.000      0.000      0.000      0.000      0.000      0.000      0.000      0.000      0.000      0.000      0.000      0.000      0.000      0.000      0.000      0.000      0.000      0.000      0.000      0.002      0.000      0.000      0.000      0.000     -0.005
     0.007      0.007      0.028     -0.022      0.002      0.002     -0.025      0.007      0.032      0.020     -0.019     -0.003      0.002     -0.022      0.025     -0.016      0.003      0.000      0.000      0.000      0.000      0.000      0.000      0.000      0.000      0.000      0.000      0.000      0.000      0.000      0.000      0.000      0.000      0.000      0.000      0.000      0.000      0.000      0.001      0.000      0.000      0.000      0.000      0.000      0.000      0.000      0.000      0.000      0.000      0.000      0.000      0.000     -0.002      0.000      0.000      0.000      0.000      0.001
     0.064      0.013      0.011      0.054     -0.013      0.047      0.029      0.017     -0.015      0.029      0.004     -0.002      0.023      0.024      0.010     -0.005     -0.007      0.003      0.000      0.000      0.000      0.000      0.000      0.000      0.000      0.001      0.000      0.000      0.000      0.000      0.000      0.000      0.000      0.000      0.000      0.000      0.000      0.000      0.000      0.000      0.000      0.000      0.000      0.000      0.000      0.000      0.000      0.000      0.000      0.000      0.000      0.000     -0.001      0.000      0.000      0.000      0.000      0.005
     0.000     -0.041     -0.029     -0.076      0.023     -0.028     -0.063     -0.023     -0.022      0.003     -0.019      0.003     -0.011     -0.050     -0.016      0.012      0.033      0.012      0.047     -0.004      0.000      0.006     -0.007      0.006      0.000      0.023      0.001     -0.021     -0.008      0.001      0.002      0.001      0.000      0.000      0.000      0.000      0.000     -0.001      0.000      0.001     -0.002      0.000      0.000      0.001      0.000      0.000      0.000      0.000      0.000      0.000      0.000      0.000      0.001      0.000      0.000     -0.002      0.000     -0.015
    -0.012     -0.008     -0.012      0.003     -0.033     -0.016     -0.017     -0.011     -0.014     -0.004      0.016     -0.009      0.037     -0.013      0.041      0.038      0.005     -0.009     -0.336      0.003      0.000     -0.001      0.000     -0.001      0.000     -0.008      0.000      0.004      0.001      0.000      0.000      0.000      0.000      0.000      0.000      0.000      0.000      0.000      0.000      0.000      0.000      0.000      0.000      0.000      0.000      0.000      0.000      0.000      0.000      0.000      0.000      0.000      0.000      0.000      0.000      0.000      0.000     -0.003
     0.032      0.073      0.119      0.074      0.066      0.074      0.052      0.049      0.034      0.008      0.004      0.014     -0.009      0.016     -0.019     -0.044     -0.016      0.000     -0.224     -0.544      0.000      0.000      0.000      0.000      0.000      0.000      0.000      0.000      0.000      0.000      0.000      0.000      0.000      0.000      0.000      0.000      0.000      0.000      0.000      0.000      0.000      0.000      0.000      0.000      0.000      0.000      0.000      0.000      0.000      0.000      0.000      0.000      0.000      0.000      0.000      0.000      0.000      0.000
     0.043      0.074      0.097      0.021      0.076      0.049      0.044      0.030      0.027      0.049      0.024      0.068      0.026     -0.019      0.001      0.024      0.015      0.029      0.381     -0.169      0.087      0.005      0.002      0.001      0.001      0.003      0.000     -0.004     -0.003      0.000      0.001     -0.001      0.000      0.000      0.000      0.000      0.000      0.000      0.000      0.000      0.000      0.000      0.000      0.000      0.000      0.000      0.000      0.000      0.000      0.000      0.000      0.000      0.001      0.000      0.000      0.000      0.000      0.003
    -0.002      0.009     -0.069     -0.031     -0.045     -0.066     -0.035     -0.020     -0.009     -0.023     -0.016     -0.001     -0.015     -0.004     -0.016     -0.028     -0.007     -0.024     -0.246      0.028     -0.039      0.197      0.019      0.001     -0.001     -0.006     -0.001      0.010      0.002      0.000      0.000     -0.001      0.000      0.001      0.000      0.000      0.000      0.000      0.000      0.000      0.001      0.000      0.000     -0.001      0.000      0.000      0.000      0.000      0.000      0.000      0.000      0.000      0.003      0.000      0.000      0.000      0.000      0.011
     0.015     -0.032      0.010     -0.039      0.051      0.006     -0.011      0.003      0.022      0.026      0.002      0.018     -0.043      0.001      0.018      0.019      0.017      0.021      0.370     -0.209      0.016      0.119      0.089      0.005      0.000      0.007     -0.002     -0.006     -0.001      0.000      0.000     -0.001      0.000      0.000      0.000      0.000      0.000      0.000      0.000      0.000      0.000      0.000      0.000      0.000      0.000      0.000      0.000      0.000      0.000      0.000      0.000      0.000     -0.001      0.000      0.000      0.000      0.000      0.004
     0.073      0.068      0.115      0.097      0.079      0.080      0.066      0.067      0.051      0.050      0.055      0.063      0.043     -0.003      0.012      0.051      0.011      0.002      0.020     -0.091      0.179      0.460     -0.208     -0.102      0.001     -0.001      0.000     -0.001     -0.001      0.000      0.000      0.000      0.000      0.000      0.000      0.000      0.000      0.000      0.000      0.000      0.000      0.000      0.000      0.000      0.000      0.000      0.000      0.000      0.000      0.000      0.000      0.000      0.000      0.000      0.000      0.000      0.000      0.003
     0.006      0.009      0.013     -0.037      0.038      0.047      0.031      0.020      0.001      0.032     -0.011      0.018     -0.016      0.031     -0.019      0.023      0.018      0.028      0.312     -0.440      0.060      0.130     -0.134      0.273     -0.098      0.118     -0.002     -0.028     -0.004      0.001      0.000      0.001      0.000     -0.001      0.000      0.001      0.001      0.000      0.001      0.001      0.005      0.000      0.000     -0.001      0.001      0.001      0.000     -0.001      0.000      0.000      0.000     -0.002      0.005      0.001      0.000     -0.003      0.000      0.009
    -0.004      0.014     -0.007      0.021     -0.042     -0.015     -0.015     -0.038     -0.031     -0.021      0.005     -0.008      0.010     -0.004      0.016      0.014      0.000     -0.006      0.119      0.120     -0.180     -0.026     -0.172     -0.376      0.064     -0.082      0.003      0.003     -0.001      0.000      0.000      0.001      0.000      0.000      0.000      0.000      0.000      0.000      0.000      0.000      0.000      0.000      0.000      0.000      0.000      0.000      0.000      0.000      0.000      0.000      0.000      0.000      0.000      0.000      0.000      0.000      0.000     -0.007
    -0.027     -0.035     -0.084     -0.022     -0.087     -0.035     -0.025     -0.046     -0.043     -0.040      0.000     -0.025     -0.009     -0.003      0.012     -0.042     -0.002     -0.027     -0.396      0.335     -0.306     -0.218      0.294     -0.323     -0.144     -0.341      0.194      0.058      0.005      0.000     -0.002      0.000      0.000      0.002      0.000      0.000     -0.001      0.001      0.000      0.000      0.003      0.000      0.000      0.001      0.000      0.000      0.000      0.000      0.000      0.000      0.000      0.000      0.002      0.000      0.000      0.000      0.000     -0.005
    -0.069     -0.052     -0.141     -0.046     -0.107     -0.078     -0.047     -0.052     -0.045     -0.062     -0.043     -0.069     -0.026      0.005     -0.025     -0.035     -0.038     -0.049     -0.574      0.364     -0.275     -0.600      0.198     -0.283     -0.566     -0.154     -0.148      0.281      0.005      0.000     -0.001      0.000      0.000      0.000      0.000      0.000      0.000      0.000      0.000      0.000      0.001      0.000      0.000      0.000      0.000      0.000      0.000      0.000      0.000      0.000      0.000      0.000      0.001      0.000      0.000      0.000      0.000      0.000
     0.015     -0.025     -0.020      0.015     -0.012     -0.024      0.000     -0.002     -0.011     -0.013     -0.002     -0.014     -0.014      0.012      0.016      0.001     -0.028     -0.002      0.013      0.012     -0.013     -0.010     -0.017     -0.010     -0.010      0.019      0.017     -0.005      0.012      0.033      0.000      0.001      0.000      0.000      0.001      0.000      0.001      0.000      0.002      0.001      0.001      0.000      0.000      0.000      0.000      0.000      0.000      0.000      0.000      0.000      0.000      0.001      0.007     -0.001      0.000      0.000      0.000      0.033
     0.024     -0.020      0.024      0.012      0.014     -0.005      0.021      0.017      0.011      0.006      0.015     -0.016      0.030      0.011      0.010     -0.024      0.026      0.011      0.037      0.005      0.003      0.035     -0.008      0.013      0.017     -0.005      0.033     -0.031     -0.048      0.011      0.056      0.001      0.001      0.000      0.000      0.000      0.000     -0.001      0.000      0.000     -0.001      0.000      0.000      0.001      0.000     -0.001      0.000      0.000      0.001      0.000      0.000      0.001     -0.006      0.000      0.000      0.001      0.001      0.019
     0.006      0.013     -0.034      0.008     -0.013      0.005     -0.044     -0.030      0.016      0.013     -0.003      0.011      0.018      0.006     -0.002      0.012     -0.016     -0.002      0.023      0.004     -0.021     -0.027     -0.037     -0.027     -0.017      0.009      0.048     -0.004      0.000      0.026      0.021      0.069      0.002      0.000      0.000      0.001      0.000      0.000      0.003      0.000      0.001      0.000      0.000      0.001      0.000      0.000      0.000      0.000      0.001      0.000      0.000      0.003      0.012     -0.002      0.000     -0.001      0.000      0.056
    -0.014     -0.009     -0.016      0.067     -0.004      0.004      0.006     -0.020     -0.002      0.000     -0.013     -0.010     -0.004     -0.010     -0.022      0.020      0.012      0.008     -0.009      0.004     -0.006      0.023     -0.008     -0.029      0.019      0.000      0.014      0.006     -0.008     -0.005      0.020      0.040      0.044      0.001      0.000      0.000      0.001      0.000      0.002      0.001      0.002      0.000      0.000      0.000      0.000      0.000      0.001      0.000      0.001      0.000      0.000      0.000      0.011      0.000      0.000     -0.002     -0.001      0.025
     0.000      0.009     -0.010     -0.023      0.006     -0.011     -0.008      0.018     -0.019      0.024      0.018      0.025      0.010      0.002      0.005      0.003      0.036     -0.005     -0.004      0.014     -0.018     -0.028      0.027      0.019     -0.026     -0.029     -0.005      0.045      0.011      0.002     -0.003      0.008      0.017      0.021      0.000      0.000      0.000      0.000      0.000      0.000      0.000      0.000      0.000      0.000      0.000      0.000      0.000      0.000      0.000      0.000      0.000      0.000      0.010      0.000      0.000     -0.002      0.001      0.008
     0.014     -0.014      0.000      0.010      0.008     -0.029     -0.007     -0.014     -0.001      0.007     -0.012      0.008      0.013      0.023     -0.010     -0.020      0.000     -0.003      0.008      0.011     -0.023     -0.009     -0.007     -0.012      0.025     -0.005      0.041      0.004     -0.010      0.036      0.013      0.003     -0.011      0.025      0.012      0.000      0.000      0.000      0.000      0.000      0.000      0.000      0.000      0.000      0.000      0.000      0.000      0.000      0.000      0.000      0.000      0.000     -0.003      0.001      0.000      0.000      0.000      0.006
     0.046      0.005     -0.005      0.001     -0.014      0.050     -0.006      0.011      0.001      0.017     -0.001     -0.007      0.003      0.037     -0.023      0.010      0.021      0.013      0.008     -0.014     -0.019      0.004     -0.023      0.004     -0.001      0.029     -0.043     -0.001      0.008     -0.008      0.009      0.030      0.022      0.026     -0.004      0.010      0.000      0.000      0.000      0.000      0.000      0.000      0.000      0.001      0.000      0.000      0.000      0.000      0.000      0.000      0.000      0.000      0.001      0.000      0.000      0.000      0.000     -0.004
    -0.003      0.009      0.017      0.019     -0.001      0.000     -0.003     -0.043      0.003      0.012     -0.008     -0.006      0.013     -0.006     -0.018      0.005      0.002      0.008      0.009     -0.013      0.017     -0.009     -0.019      0.031      0.014      0.015     -0.023     -0.034     -0.017      0.038      0.011      0.010      0.032     -0.015      0.035      0.029      0.011      0.000      0.000      0.000      0.001      0.000      0.000      0.000      0.000      0.000      0.000      0.000      0.000      0.000      0.000      0.000     -0.001      0.001      0.000      0.000      0.000      0.000
    -0.011      0.038     -0.002      0.004     -0.031     -0.005      0.007     -0.017      0.046     -0.003      0.016      0.036     -0.011     -0.020     -0.006      0.024      0.005      0.025     -0.028      0.001      0.014      0.008      0.011     -0.005      0.021     -0.015      0.007      0.028     -0.004     -0.020     -0.043      0.008      0.002      0.015     -0.014      0.010      0.002      0.007      0.000      0.000      0.000      0.000      0.000     -0.001      0.000      0.000      0.000      0.000      0.000      0.000      0.000      0.000      0.002      0.000      0.000      0.000      0.000      0.011
     0.001      0.007      0.001      0.015     -0.038      0.008     -0.008     -0.010     -0.004     -0.012     -0.008     -0.009      0.022      0.027      0.017      0.019      0.032      0.003      0.007      0.006      0.012     -0.004     -0.008     -0.002     -0.028      0.006     -0.008      0.005      0.001      0.028      0.003      0.035      0.026     -0.002      0.006      0.010      0.012      0.010      0.105     -0.001      0.001      0.001      0.000     -0.001      0.001      0.000      0.001      0.000      0.001      0.000      0.000     -0.001      0.004     -0.002      0.000     -0.002      0.000     -0.018
     0.011     -0.017      0.018     -0.007     -0.040      0.014     -0.014      0.018     -0.004     -0.022      0.028      0.012     -0.017      0.015     -0.026      0.001      0.014      0.004      0.034     -0.024     -0.016      0.007     -0.015     -0.020      0.010      0.025      0.023     -0.009     -0.017      0.026      0.009     -0.011      0.024      0.002      0.038      0.023      0.021      0.013     -0.022      0.013      0.001      0.000      0.000      0.000      0.000      0.000      0.000      0.000      0.000      0.000      0.000     -0.001      0.003      0.000      0.000      0.000      0.000     -0.003
    -0.002     -0.018     -0.026     -0.030     -0.014      0.003      0.020     -0.003     -0.004      0.013     -0.002      0.084      0.017      0.017      0.030      0.003      0.000     -0.010     -0.035      0.008     -0.025     -0.020      0.033     -0.008     -0.019      0.055     -0.015      0.045      0.039      0.027     -0.011      0.019      0.042     -0.005      0.010      0.007      0.036     -0.012      0.007      0.022      0.073      0.000      0.000      0.000      0.000      0.001     -0.001      0.000      0.000      0.000      0.000     -0.002      0.004     -0.002      0.000      0.000      0.000      0.025
    -0.021     -0.025      0.036      0.020     -0.007     -0.018     -0.015      0.019      0.023      0.024     -0.003      0.005      0.032      0.012      0.016     -0.002     -0.008     -0.014     -0.006      0.023      0.006      0.023     -0.004     -0.005      0.019     -0.011      0.028      0.000     -0.019     -0.017     -0.017      0.013     -0.005      0.001      0.032     -0.026     -0.023     -0.031      0.048     -0.008      0.000      0.008      0.000      0.000      0.000      0.000      0.000      0.000      0.000      0.000      0.000      0.000     -0.002      0.000      0.000      0.000      0.000     -0.006
     0.035     -0.002     -0.018      0.011      0.030      0.004      0.018     -0.032      0.014      0.016      0.011      0.014      0.008     -0.003      0.010      0.001      0.000      0.022     -0.009     -0.003      0.017      0.009     -0.006      0.005     -0.007      0.019      0.008     -0.009     -0.001     -0.001     -0.025     -0.024      0.014     -0.025     -0.022      0.005      0.005      0.006      0.002      0.012      0.005      0.025      0.006      0.000      0.000      0.000      0.000      0.000      0.000      0.000      0.000      0.000      0.002      0.000      0.000      0.000      0.000      0.000
     0.008      0.010      0.015     -0.016     -0.001      0.017      0.015     -0.012      0.026      0.002      0.001      0.029     -0.016      0.031     -0.018     -0.023     -0.025      0.020      0.032     -0.015     -0.005     -0.001     -0.020      0.013      0.005     -0.008      0.021      0.016     -0.012     -0.008      0.011      0.024      0.011      0.009      0.006      0.030      0.019     -0.045     -0.016      0.018      0.002      0.001     -0.011      0.040      0.000      0.000      0.000      0.000      0.000      0.000      0.000     -0.001     -0.001      0.001      0.000      0.001      0.000      0.014
     0.026      0.017     -0.017      0.014      0.009     -0.014     -0.007      0.006      0.018      0.023      0.002     -0.009     -0.025      0.010      0.032     -0.060      0.016      0.034     -0.020     -0.013      0.019     -0.030      0.014      0.022      0.007      0.036     -0.006      0.010     -0.002     -0.018      0.015      0.017      0.014     -0.022     -0.012      0.019      0.019      0.008      0.020     -0.020     -0.009      0.018     -0.014     -0.007      0.011      0.000      0.000     -0.001      0.000      0.000      0.000      0.000     -0.001      0.001      0.000      0.000      0.000      0.006
     0.013     -0.001      0.013      0.012      0.009      0.020     -0.009     -0.026     -0.010     -0.011     -0.037      0.004     -0.027     -0.027      0.012     -0.034     -0.026      0.003     -0.003      0.008     -0.007     -0.019      0.017      0.013     -0.023      0.017      0.007      0.020      0.016      0.004     -0.042     -0.018      0.013      0.019      0.011     -0.016      0.007      0.023      0.000     -0.015      0.022     -0.004      0.021     -0.018      0.015      0.009      0.000      0.000      0.000      0.000      0.000      0.000     -0.002      0.000      0.000      0.000      0.000      0.010
     0.012      0.038      0.004      0.020      0.006     -0.013      0.004      0.019     -0.007     -0.019      0.024      0.014     -0.019      0.009     -0.008      0.001     -0.013      0.065     -0.019     -0.004      0.010      0.020      0.004     -0.005      0.010      0.000      0.030      0.014     -0.011     -0.009     -0.010      0.002      0.029     -0.016      0.015      0.005     -0.025      0.006      0.034     -0.022     -0.035     -0.009      0.024     -0.018      0.027      0.001      0.009      0.000      0.000      0.000      0.000      0.000     -0.002      0.001      0.000      0.000      0.000     -0.003
    -0.007      0.017      0.037     -0.007      0.001     -0.004      0.047     -0.002      0.010      0.006     -0.006     -0.052     -0.006      0.010     -0.022      0.008     -0.025      0.026     -0.011      0.021     -0.007      0.010      0.000     -0.012      0.000     -0.024     -0.026     -0.004      0.008      0.030      0.008      0.018     -0.021     -0.002     -0.054     -0.047     -0.028     -0.018     -0.001     -0.019      0.004     -0.041     -0.031     -0.020     -0.086     -0.053     -0.059      0.006      0.000     -0.001      0.000      0.002      0.013     -0.002      0.000     -0.001      0.001     -0.022
     0.006      0.002     -0.052      0.013      0.005      0.013      0.004     -0.011      0.023      0.019     -0.016     -0.012      0.026     -0.022      0.017      0.016      0.002     -0.031      0.015      0.028     -0.058     -0.019     -0.030     -0.041     -0.013     -0.012      0.043      0.022      0.020      0.115      0.103      0.161      0.153      0.094      0.049      0.109      0.048     -0.016      0.099      0.044      0.050      0.026      0.035      0.048      0.050      0.007      0.046     -0.123      0.001      0.000      0.000      0.000      0.004      0.000      0.000      0.000      0.000     -0.019
     0.003     -0.030     -0.010      0.008     -0.010      0.000     -0.036      0.013     -0.021     -0.002      0.021      0.045      0.003     -0.013      0.031      0.010      0.018     -0.003     -0.023     -0.006      0.010     -0.018      0.032      0.026     -0.015      0.007     -0.011      0.019      0.023     -0.078     -0.058     -0.049     -0.052     -0.062     -0.015     -0.026     -0.039      0.018     -0.007     -0.009      0.033      0.026      0.035     -0.018      0.045      0.020     -0.005     -0.576     -0.180      0.001      0.000     -0.001     -0.002      0.000      0.000      0.000     -0.001      0.007
     0.002      0.035      0.010     -0.015      0.013     -0.006      0.014     -0.002      0.017     -0.003     -0.022     -0.048     -0.003      0.010     -0.032     -0.011     -0.020     -0.005      0.032      0.011     -0.015      0.022     -0.034     -0.033      0.020     -0.014      0.022     -0.023     -0.026      0.061      0.042      0.034      0.038      0.062      0.018      0.019      0.029     -0.034     -0.014      0.000     -0.041     -0.027     -0.040      0.014     -0.039     -0.034      0.022      0.387      0.157     -0.901      0.000      0.000      0.000      0.000      0.000      0.000      0.000     -0.002
    -0.022      0.010      0.025     -0.018      0.018     -0.016      0.001      0.005      0.011     -0.026     -0.033     -0.065     -0.039     -0.009     -0.007     -0.002     -0.012      0.008     -0.013      0.018     -0.012     -0.013     -0.015     -0.013      0.010     -0.049     -0.006     -0.014      0.007      0.039      0.045      0.073      0.016      0.002     -0.017      0.017     -0.017      0.004     -0.019     -0.038     -0.049     -0.021     -0.031     -0.029     -0.027     -0.014      0.010      0.226      0.155     -0.206      0.153      0.018      0.003     -0.009      0.000      0.005      0.001      0.032
    -0.019      0.027     -0.033      0.039      0.011      0.010     -0.028     -0.017      0.016     -0.012      0.011     -0.026     -0.009     -0.031      0.012      0.041     -0.039     -0.018      0.003     -0.005     -0.022      0.014      0.028     -0.010      0.003      0.016     -0.003      0.012      0.023      0.047     -0.028      0.055      0.060      0.078     -0.029      0.007     -0.011      0.033      0.016      0.029      0.015     -0.028      0.027     -0.008     -0.008     -0.019     -0.023      0.188      0.189     -0.095      0.051      0.026      0.747     -0.004      0.000     -0.003      0.003     -0.211
     0.010      0.003     -0.009      0.034     -0.004      0.011      0.007     -0.038      0.009     -0.009      0.013      0.021     -0.001     -0.003     -0.019     -0.014     -0.004      0.026      0.009     -0.025      0.020     -0.007     -0.010      0.009     -0.001      0.020     -0.017      0.003     -0.019     -0.017      0.003     -0.044     -0.006     -0.009      0.031      0.021      0.061      0.024     -0.040      0.013     -0.048      0.007      0.037      0.017      0.030      0.024      0.035     -0.166     -0.034     -0.062      0.007     -0.416     -0.025      0.027      0.000     -0.001     -0.002     -0.026
    -0.001     -0.002     -0.016     -0.014      0.025      0.026      0.030     -0.007      0.013      0.006      0.008      0.008      0.024      0.025     -0.010      0.009      0.004     -0.019     -0.007      0.012     -0.004      0.027      0.009     -0.016      0.011     -0.004      0.007      0.001     -0.002      0.068      0.046      0.056      0.061      0.021     -0.013     -0.014     -0.013     -0.023     -0.017      0.032      0.042     -0.036     -0.023      0.023     -0.085     -0.037     -0.049      0.438      0.072     -0.397      0.240      0.041      0.063     -0.338      0.000      0.000      0.000      0.000
     0.000      0.006     -0.013      0.015      0.004     -0.003     -0.007      0.005      0.032     -0.003      0.009     -0.050     -0.006      0.036      0.014      0.003     -0.037      0.006     -0.042      0.034     -0.001      0.013      0.016     -0.033      0.016     -0.040     -0.003      0.006      0.023     -0.012      0.015     -0.012     -0.039     -0.059      0.012      0.019     -0.011      0.005     -0.031      0.021     -0.009     -0.005      0.031      0.027     -0.011      0.016     -0.003     -0.042     -0.053      0.027     -0.019      0.202     -0.020     -0.017      0.090      0.036     -0.001      0.015
    -0.024     -0.019     -0.023     -0.025     -0.036      0.014      0.011      0.015      0.018      0.022     -0.006     -0.012     -0.014      0.006      0.047     -0.006      0.011     -0.011     -0.009      0.008      0.004      0.012      0.025     -0.016      0.000     -0.003      0.002     -0.011      0.006     -0.009      0.027      0.020     -0.036      0.072     -0.028      0.033      0.034      0.006      0.016     -0.011     -0.017      0.003     -0.046     -0.025     -0.014      0.017     -0.013      0.134     -0.147     -0.280      0.225      0.080      0.038     -0.163      0.063     -0.036      0.008     -0.031
     0.050     -0.007      0.025     -0.006      0.029     -0.021      0.009      0.018      0.014     -0.001     -0.014      0.017      0.006      0.001      0.005     -0.030      0.010      0.033     -0.026     -0.018      0.029      0.017      0.030      0.018      0.031      0.010     -0.045     -0.008     -0.001      0.065      0.028      0.076      0.043      0.020      0.019     -0.016     -0.001      0.049     -0.020     -0.009      0.034     -0.024      0.000      0.025      0.020      0.036     -0.010     -0.099     -0.289      0.115     -0.082      0.088     -0.088     -0.057     -0.012      0.028     -0.124      7.718

Derivative matrix of expected statistics X by parameters and
covariance/correlation matrix of X can be found using
summary(ans) within R, or by using the 'verbose' option in Siena07.
 
Total computation time 819.48 seconds.
