

-----------------------------------
New Analysis started.
Date and time: 21/09/2026 14:57:31
New results follow.
-----------------------------------

RSiena version 1.3.10 (28 Apr 22)


@1
Estimation by stochastic approximation algorithm.
=================================================

Current random number seed is 2009302.
Effects object used: bound$effects 
Model Type:
 Initiative model
Behavioral Model Type:
 Standard behavior actor-oriented model ('restrict')
Estimation method: unconditional moment estimation
.

Time duration for simulations in each period is 1.0.
Changing composition.
Joiners/leavers option: 1
Standard errors are estimated with the likelihood ratio method.
Dolby method (regression on scores) is used.
Initial value of gain parameter is  0.2000000.
Reduction factor for gain parameter is  0.5000000.
Number of subphases in Phase 2 is 0.

Initial parameter values are 
  1. rate:  constant dv.net rate (period 1)                 0.0471
  2. rate:  constant dv.net rate (period 2)                 0.1395
  3. rate:  constant dv.net rate (period 3)                 0.4297
  4. rate:  constant dv.net rate (period 4)                 0.3478
  5. rate:  constant dv.net rate (period 5)                 0.3234
  6. rate:  constant dv.net rate (period 6)                 0.3183
  7. rate:  constant dv.net rate (period 7)                 0.3978
  8. rate:  constant dv.net rate (period 8)                 0.3086
  9. rate:  constant dv.net rate (period 9)                 0.3269
 10. rate:  constant dv.net rate (period 10)                0.2745
 11. rate:  constant dv.net rate (period 11)                0.3228
 12. rate:  constant dv.net rate (period 12)                0.4464
 13. rate:  constant dv.net rate (period 13)                0.3539
 14. rate:  constant dv.net rate (period 14)                0.3236
 15. rate:  constant dv.net rate (period 15)                0.2899
 16. rate:  constant dv.net rate (period 16)                0.5159
 17. rate:  constant dv.net rate (period 17)                0.3421
 18. rate:  constant dv.net rate (period 18)                0.3963
 19. eval:  degree (density)                               -5.5374
 20. eval:  transitive triads                               0.1584
 21. eval:  degree act+pop                                  0.0572
 22. eval:  nets.lndistance_d                              -0.8576
 23. eval:  nets.ATOP_d                                     1.0931
 24. eval:  nets.absidealdiff_d                            -0.6065
 25. eval:  nets.lntrade_d                                  0.0709
 26. eval:  nets.NATO_d                                    -3.3897
 27. eval:  milex.beh alter                                -0.0559
 28. eval:  beh.democracy_1 alter                           1.4516
 29. eval:  beh.lncinc_1 alter                              0.7991
 30. rate:  rate milex.beh (period 1)                       0.9340
 31. rate:  rate milex.beh (period 2)                       1.2965
 32. rate:  rate milex.beh (period 3)                       1.3504
 33. rate:  rate milex.beh (period 4)                       1.1915
 34. rate:  rate milex.beh (period 5)                       0.6969
 35. rate:  rate milex.beh (period 6)                       0.5621
 36. rate:  rate milex.beh (period 7)                       0.4763
 37. rate:  rate milex.beh (period 8)                       0.5215
 38. rate:  rate milex.beh (period 9)                       0.3722
 39. rate:  rate milex.beh (period 10)                      1.7115
 40. rate:  rate milex.beh (period 11)                      0.5829
 41. rate:  rate milex.beh (period 12)                      1.3129
 42. rate:  rate milex.beh (period 13)                      0.3212
 43. rate:  rate milex.beh (period 14)                      0.2948
 44. rate:  rate milex.beh (period 15)                      1.0851
 45. rate:  rate milex.beh (period 16)                      0.4075
 46. rate:  rate milex.beh (period 17)                      0.3524
 47. rate:  rate milex.beh (period 18)                      0.4067
 48. eval:  milex.beh linear shape                         -1.1717
 49. eval:  milex.beh quadratic shape                      -0.0278
 50. eval:  milex.beh degree                                0.0887
 51. eval:  milex.beh dense triads                         -0.0207
 52. eval:  milex.beh: effect from beh.democracy_1         -0.4488
 53. eval:  milex.beh: effect from beh.GDPgrowth_1         -2.2396
 54. eval:  milex.beh: effect from beh.nato_1               0.8752
 55. eval:  milex.beh: effect from beh.allies_1            -0.0109
 56. eval:  milex.beh: effect from beh.military_1           0.2575
 57. eval:  milex.beh: effect from beh.lnmids_1             0.1371
 58. eval:  milex.beh: effect from beh.milexSpLag_1         7.1308


Observed values of target statistics are
  1. Amount of network change in period 1                                10.0000
  2. Amount of network change in period 2                                34.0000
  3. Amount of network change in period 3                                86.0000
  4. Amount of network change in period 4                                94.0000
  5. Amount of network change in period 5                                76.0000
  6. Amount of network change in period 6                                76.0000
  7. Amount of network change in period 7                                94.0000
  8. Amount of network change in period 8                                78.0000
  9. Amount of network change in period 9                                84.0000
 10. Amount of network change in period 10                               72.0000
 11. Amount of network change in period 11                               84.0000
 12. Amount of network change in period 12                              114.0000
 13. Amount of network change in period 13                               94.0000
 14. Amount of network change in period 14                               88.0000
 15. Amount of network change in period 15                               80.0000
 16. Amount of network change in period 16                              138.0000
 17. Amount of network change in period 17                               96.0000
 18. Amount of network change in period 18                              112.0000
 19. Number of edges                                                   5257.0000
 20. Number of transitive triads                                       7339.0000
 21. Sum of squared degrees                                            333172.0000
 22. Sum of ties x nets.lndistance_d                                   -10629.6066
 23. Sum of ties x nets.ATOP_d                                         5960.4379
 24. Sum of ties x nets.absidealdiff_d                                 -2858.5692
 25. Sum of ties x nets.lntrade_d                                      37643.5933
 26. Sum of ties x nets.NATO_d                                         1247.4871
 27. Sum of degrees x milex.beh                                        -136.5119
 28. Sum of degrees x beh.democracy_1                                  2911.8786
 29. Sum of degrees x beh.lncinc_1                                     13015.0208
 30. Amount of behavioral change in period 1 on milex.beh                41.0000
 31. Amount of behavioral change in period 2 on milex.beh                50.0000
 32. Amount of behavioral change in period 3 on milex.beh                57.0000
 33. Amount of behavioral change in period 4 on milex.beh                52.0000
 34. Amount of behavioral change in period 5 on milex.beh                37.0000
 35. Amount of behavioral change in period 6 on milex.beh                32.0000
 36. Amount of behavioral change in period 7 on milex.beh                28.0000
 37. Amount of behavioral change in period 8 on milex.beh                31.0000
 38. Amount of behavioral change in period 9 on milex.beh                24.0000
 39. Amount of behavioral change in period 10 on milex.beh               71.0000
 40. Amount of behavioral change in period 11 on milex.beh               34.0000
 41. Amount of behavioral change in period 12 on milex.beh               55.0000
 42. Amount of behavioral change in period 13 on milex.beh               18.0000
 43. Amount of behavioral change in period 14 on milex.beh               17.0000
 44. Amount of behavioral change in period 15 on milex.beh               48.0000
 45. Amount of behavioral change in period 16 on milex.beh               20.0000
 46. Amount of behavioral change in period 17 on milex.beh               18.0000
 47. Amount of behavioral change in period 18 on milex.beh               21.0000
 48. milex.beh centered sum                                             -69.2728
 49. milex.beh sum of cent. squares                                    5872.2362
 50. milex.beh outdegrees                                              -140.2801
 51. milex.beh dense triads                                            -2487.5508
 52. milex.beh x beh.democracy_1                                       -379.2596
 53. milex.beh x beh.GDPgrowth_1                                         -0.6794
 54. milex.beh x beh.nato_1                                              58.7026
 55. milex.beh x beh.allies_1                                          -4906.7851
 56. milex.beh x beh.military_1                                         125.8892
 57. milex.beh x beh.lnmids_1                                           583.7664
 58. milex.beh x beh.milexSpLag_1                                        23.9632

 58 parameters, 58 statistics

Number of subphases is specified as 0.
Therefore the estimation phase is skipped
 and the program passes on immediately to phase 3
 for checking the current parameter values and calculating standard errors.
Estimation of derivatives by the LR method (type 1).


@2
End of stochastic approximation algorithm, phase 3.
---------------------------------------------------

Total of 3000 iterations.
Parameter estimates based on 0 iterations,
convergence diagnostics, covariance and derivative matrices based on 3000 iterations.

Information for convergence diagnosis.
Averages, standard deviations, and t-ratios for deviations from targets:
  1.  -0.0313    4.4020  -0.0071 
  2.   0.0700    8.1982   0.0085 
  3.  -0.3273   12.2728  -0.0267 
  4.   0.2507   13.4990   0.0186 
  5.  -0.2360   11.5064  -0.0205 
  6.  -0.4593   11.7409  -0.0391 
  7.   0.2720   13.0180   0.0209 
  8.  -0.4007   11.9875  -0.0334 
  9.  -0.2487   12.8048  -0.0194 
 10.  -0.2413   11.6036  -0.0208 
 11.   0.3460   12.5611   0.0275 
 12.   0.1307   14.6479   0.0089 
 13.   0.2740   13.2785   0.0206 
 14.  -0.1927   12.9448  -0.0149 
 15.  -0.2053   12.3117  -0.0167 
 16.   0.0120   16.0819   0.0007 
 17.   0.4620   13.3536   0.0346 
 18.  -0.5107   14.6386  -0.0349 
 19.  -0.2893   27.8105  -0.0104 
 20.   2.4660   89.5969   0.0275 
 21.  36.9520 2796.7671   0.0132 
 22.  -2.0583   68.4930  -0.0301 
 23.  -0.6124   33.2349  -0.0184 
 24.   0.1563   47.9925   0.0033 
 25.   1.3105  204.5628   0.0064 
 26.  -0.6204   10.6156  -0.0584 
 27.   2.8222   54.6963   0.0516 
 28.  -0.6695   19.7558  -0.0339 
 29.   2.2382   89.7841   0.0249 
 30.   0.1403    5.7587   0.0244 
 31.  -0.2587    6.0432  -0.0428 
 32.   0.1707    6.5564   0.0260 
 33.   0.0670    6.2689   0.0107 
 34.   0.0297    5.5555   0.0053 
 35.  -0.3203    5.2053  -0.0615 
 36.   0.1147    4.9145   0.0233 
 37.   0.1217    5.2697   0.0231 
 38.   0.0177    4.5407   0.0039 
 39.  -0.1250    7.0424  -0.0177 
 40.  -0.2343    5.3194  -0.0441 
 41.  -0.2507    6.2693  -0.0400 
 42.  -0.1730    4.0771  -0.0424 
 43.  -0.1827    3.9109  -0.0467 
 44.   0.0930    6.0126   0.0155 
 45.  -0.0083    4.2118  -0.0020 
 46.  -0.1260    3.9574  -0.0318 
 47.   0.1427    4.2218   0.0338 
 48.   0.2317   24.6693   0.0094 
 49.   1.7096   96.4171   0.0177 
 50.  -0.3260  187.1630  -0.0017 
 51.  -4.8073  507.8918  -0.0095 
 52.   0.0325   12.4618   0.0026 
 53.  -0.0681    2.1780  -0.0313 
 54.   0.2732    9.6095   0.0284 
 55.  21.7566  484.7805   0.0449 
 56.  -0.1925    6.8713  -0.0280 
 57.   0.4440   15.9919   0.0278 
 58.  -0.0038    0.5075  -0.0075 

Good convergence is indicated by the t-ratios being close to zero.

Overall maximum convergence ratio =  0.2325 .



@2
Estimation Results.
-------------------

Regular end of estimation algorithm.
Total of 3000 iteration steps.


@3
Estimates and standard errors
                             
Network Dynamics
 1. rate:  constant dv.net rate (period 1)                         0.0471  (   0.0213)
 2. rate:  constant dv.net rate (period 2)                         0.1395  (   0.0345)
 3. rate:  constant dv.net rate (period 3)                         0.4297  (   0.0827)
 4. rate:  constant dv.net rate (period 4)                         0.3478  (   0.0526)
 5. rate:  constant dv.net rate (period 5)                         0.3234  (   0.0592)
 6. rate:  constant dv.net rate (period 6)                         0.3183  (   0.0584)
 7. rate:  constant dv.net rate (period 7)                         0.3978  (   0.0648)
 8. rate:  constant dv.net rate (period 8)                         0.3086  (   0.0546)
 9. rate:  constant dv.net rate (period 9)                         0.3269  (   0.0530)
10. rate:  constant dv.net rate (period 10)                        0.2745  (   0.0492)
11. rate:  constant dv.net rate (period 11)                        0.3228  (   0.0534)
12. rate:  constant dv.net rate (period 12)                        0.4464  (   0.0641)
13. rate:  constant dv.net rate (period 13)                        0.3539  (   0.0553)
14. rate:  constant dv.net rate (period 14)                        0.3236  (   0.0514)
15. rate:  constant dv.net rate (period 15)                        0.2899  (   0.0479)
16. rate:  constant dv.net rate (period 16)                        0.5159  (   0.0676)
17. rate:  constant dv.net rate (period 17)                        0.3421  (   0.0532)
18. rate:  constant dv.net rate (period 18)                        0.3963  (   0.0552)
19. eval:  degree (density)                                       -5.5374  (   0.2193)
20. eval:  transitive triads                                       0.1584  (   0.0517)
21. eval:  degree act+pop                                          0.0572  (   0.0050)
22. eval:  nets.lndistance_d                                      -0.8576  (   0.0693)
23. eval:  nets.ATOP_d                                             1.0931  (   0.1331)
24. eval:  nets.absidealdiff_d                                    -0.6065  (   0.0708)
25. eval:  nets.lntrade_d                                          0.0709  (   0.0295)
26. eval:  nets.NATO_d                                            -3.3897  (   0.3576)
27. eval:  milex.beh alter                                        -0.0559  (   0.0554)
28. eval:  beh.democracy_1 alter                                   1.4516  (   0.2381)
29. eval:  beh.lncinc_1 alter                                      0.7991  (   0.0668)
Behavior Dynamics

30. rate:  rate milex.beh (period 1)                               0.9340  (   0.1819)
31. rate:  rate milex.beh (period 2)                               1.2965  (   0.2553)
32. rate:  rate milex.beh (period 3)                               1.3504  (   0.2719)
33. rate:  rate milex.beh (period 4)                               1.1915  (   0.2273)
34. rate:  rate milex.beh (period 5)                               0.6969  (   0.1333)
35. rate:  rate milex.beh (period 6)                               0.5621  (   0.1187)
36. rate:  rate milex.beh (period 7)                               0.4763  (   0.1014)
37. rate:  rate milex.beh (period 8)                               0.5215  (   0.1049)
38. rate:  rate milex.beh (period 9)                               0.3722  (   0.0826)
39. rate:  rate milex.beh (period 10)                              1.7115  (   0.2884)
40. rate:  rate milex.beh (period 11)                              0.5829  (   0.1161)
41. rate:  rate milex.beh (period 12)                              1.3129  (   0.2378)
42. rate:  rate milex.beh (period 13)                              0.3212  (   0.0814)
43. rate:  rate milex.beh (period 14)                              0.2948  (   0.0742)
44. rate:  rate milex.beh (period 15)                              1.0851  (   0.1994)
45. rate:  rate milex.beh (period 16)                              0.4075  (   0.1014)
46. rate:  rate milex.beh (period 17)                              0.3524  (   0.0894)
47. rate:  rate milex.beh (period 18)                              0.4067  (   0.0931)
48. eval:  milex.beh linear shape                                 -1.1717  (   0.0768)
49. eval:  milex.beh quadratic shape                              -0.0278  (   0.0241)
50. eval:  milex.beh degree                                        0.0887  (   0.0231)
51. eval:  milex.beh dense triads                                 -0.0207  (   0.0073)
52. eval:  milex.beh: effect from beh.democracy_1                 -0.4488  (   0.1360)
53. eval:  milex.beh: effect from beh.GDPgrowth_1                 -2.2396  (   0.8849)
54. eval:  milex.beh: effect from beh.nato_1                       0.8752  (   0.1626)
55. eval:  milex.beh: effect from beh.allies_1                    -0.0109  (   0.0035)
56. eval:  milex.beh: effect from beh.military_1                   0.2575  (   0.1980)
57. eval:  milex.beh: effect from beh.lnmids_1                     0.1371  (   0.0925)
58. eval:  milex.beh: effect from beh.milexSpLag_1                 7.1308  (   2.7898)


@3
Covariance matrices
                   
Covariance matrix of estimates (correlations below diagonal):
     0.000      0.000      0.000      0.000      0.000      0.000      0.000      0.000      0.000      0.000      0.000      0.000      0.000      0.000      0.000      0.000      0.000      0.000      0.000      0.000      0.000      0.000      0.000      0.000      0.000      0.000      0.000      0.000      0.000      0.000      0.000      0.000      0.000      0.000      0.000      0.000      0.000      0.000      0.000      0.000      0.000      0.000      0.000      0.000      0.000      0.000      0.000      0.000      0.000      0.000      0.000      0.000      0.000      0.000      0.000      0.000      0.000     -0.001
     0.007      0.001      0.000      0.000      0.000      0.000      0.000      0.000      0.000      0.000      0.000      0.000      0.000      0.000      0.000      0.000      0.000      0.000      0.000      0.000      0.000      0.000      0.000      0.000      0.000      0.000      0.000      0.000      0.000      0.000     -0.001      0.000      0.000      0.000      0.000      0.000      0.000      0.000      0.000      0.000      0.000      0.000      0.000      0.000      0.000      0.000      0.000      0.000      0.000      0.000      0.000      0.000     -0.001      0.000      0.000      0.000      0.000      0.000
     0.013      0.001      0.007      0.000      0.000      0.000      0.000      0.000      0.000      0.000      0.000      0.000      0.000      0.000      0.000      0.000      0.000      0.000     -0.001      0.000      0.000      0.001      0.000      0.000      0.000      0.001      0.000     -0.002     -0.001      0.001      0.000     -0.003     -0.001      0.000      0.000      0.000      0.000      0.000      0.000      0.000      0.000      0.000      0.000      0.000      0.000      0.000      0.000      0.000      0.000      0.000      0.000      0.000     -0.003      0.000      0.000      0.000      0.000      0.001
    -0.019      0.002      0.027      0.003      0.000      0.000      0.000      0.000      0.000      0.000      0.000      0.000      0.000      0.000      0.000      0.000      0.000      0.000     -0.001      0.000      0.000      0.000      0.000      0.000      0.000      0.000      0.000     -0.001      0.000      0.000      0.000      0.000      0.000      0.000      0.000      0.000      0.000      0.000      0.000      0.000      0.000      0.000      0.000      0.000      0.000      0.000      0.000      0.000      0.000      0.000      0.000      0.000      0.001      0.000      0.000      0.000      0.000      0.000
     0.004     -0.023      0.025     -0.010      0.004      0.000      0.000      0.000      0.000      0.000      0.000      0.000      0.000      0.000      0.000      0.000      0.000      0.000      0.000      0.000      0.000      0.000      0.000      0.000      0.000      0.001      0.000     -0.001      0.000      0.000      0.000      0.000      0.000      0.000      0.000      0.000      0.000      0.000      0.000      0.000      0.000      0.000      0.000      0.000      0.000      0.000      0.000      0.000      0.000      0.000      0.000      0.000      0.000      0.000      0.000      0.000      0.000     -0.001
     0.007      0.023      0.027      0.014      0.055      0.003      0.000      0.000      0.000      0.000      0.000      0.000      0.000      0.000      0.000      0.000      0.000      0.000      0.000      0.000      0.000      0.000      0.000      0.000      0.000      0.001      0.000     -0.001      0.000      0.000      0.000      0.000      0.000      0.000      0.000      0.000      0.000      0.000      0.000      0.000      0.000      0.000      0.000      0.000      0.000      0.000      0.000      0.000      0.000      0.000      0.000      0.000     -0.002      0.000      0.000      0.000      0.000     -0.001
    -0.002      0.019      0.035      0.007      0.062      0.037      0.004      0.000      0.000      0.000      0.000      0.000      0.000      0.000      0.000      0.000      0.000      0.000      0.000      0.000      0.000      0.000      0.000      0.000      0.000      0.001      0.000     -0.001      0.000      0.000      0.000     -0.001      0.000      0.000      0.000      0.000      0.000      0.000      0.000      0.000      0.000      0.000      0.000      0.000      0.000      0.000      0.000      0.000      0.000      0.000      0.000      0.000      0.001      0.000      0.000      0.000      0.000     -0.002
     0.006      0.001      0.028      0.042      0.013      0.013      0.020      0.003      0.000      0.000      0.000      0.000      0.000      0.000      0.000      0.000      0.000      0.000      0.000      0.000      0.000      0.000      0.000      0.000      0.000      0.001      0.000     -0.001      0.000      0.001      0.000      0.000      0.000      0.000      0.000      0.000      0.000      0.000      0.000      0.000      0.000      0.000      0.000      0.000      0.000      0.000      0.000      0.000      0.000      0.000      0.000      0.000      0.001      0.000      0.000      0.000      0.000     -0.005
     0.005     -0.026      0.034      0.009      0.047     -0.002      0.003      0.031      0.003      0.000      0.000      0.000      0.000      0.000      0.000      0.000      0.000      0.000      0.000      0.000      0.000      0.000      0.000      0.000      0.000      0.001      0.000      0.000      0.000      0.000      0.000      0.000      0.000      0.000      0.000      0.000      0.000      0.000      0.000      0.000      0.000      0.000      0.000      0.000      0.000      0.000      0.000      0.000      0.000      0.000      0.000      0.000      0.002      0.000      0.000      0.000      0.000      0.000
     0.006     -0.011      0.012      0.023      0.029     -0.013      0.003      0.027      0.006      0.002      0.000      0.000      0.000      0.000      0.000      0.000      0.000      0.000      0.000      0.000      0.000      0.000      0.000      0.000      0.000      0.000      0.000      0.000      0.000      0.000      0.000      0.000      0.000      0.000      0.000      0.000      0.000      0.000     -0.001      0.000      0.000      0.000      0.000      0.000      0.000      0.000      0.000      0.000      0.000      0.000      0.000      0.000     -0.001      0.000      0.000      0.000      0.000      0.000
    -0.010     -0.006      0.037     -0.021     -0.021      0.013     -0.006      0.026      0.022      0.003      0.003      0.000      0.000      0.000      0.000      0.000      0.000      0.000      0.000      0.000      0.000      0.000      0.000      0.000      0.000      0.000      0.000      0.000      0.000      0.000      0.000      0.000      0.000      0.000      0.000      0.000      0.000      0.000      0.001      0.000      0.000      0.000      0.000      0.000      0.000      0.000      0.000      0.000      0.000      0.000      0.000      0.000      0.001      0.000      0.000      0.000      0.000      0.000
    -0.011      0.027      0.012      0.022      0.013      0.002      0.017      0.037      0.011      0.034      0.003      0.004      0.000      0.000      0.000      0.000      0.000      0.000      0.000      0.000      0.000      0.000      0.000      0.000      0.000      0.001      0.000     -0.001      0.000      0.000      0.000      0.000      0.000      0.000      0.000      0.000      0.000      0.000      0.000      0.000     -0.001      0.000      0.000      0.000      0.000      0.000      0.000      0.000      0.000      0.000      0.000      0.000     -0.001      0.000      0.000      0.000      0.000      0.000
    -0.014     -0.003      0.039      0.014      0.006     -0.006      0.008     -0.012     -0.006      0.008      0.018     -0.004      0.003      0.000      0.000      0.000      0.000      0.000      0.000      0.000      0.000      0.000      0.000      0.000      0.000      0.001      0.000      0.000      0.000      0.000      0.000      0.000      0.000      0.000      0.000      0.000      0.000      0.000     -0.001      0.000      0.000      0.000      0.000      0.000      0.000      0.000      0.000      0.000      0.000      0.000      0.000      0.000      0.001      0.000      0.000      0.000      0.000     -0.002
    -0.001     -0.003      0.021      0.013      0.026     -0.016      0.013      0.011      0.021     -0.004     -0.027      0.016     -0.011      0.003      0.000      0.000      0.000      0.000      0.000      0.000      0.000      0.000      0.000      0.000      0.000      0.000      0.000      0.000      0.000      0.000      0.000      0.000      0.000      0.000      0.000      0.000      0.000      0.000      0.000      0.000      0.000      0.000      0.000      0.000      0.000      0.000      0.000      0.000      0.000      0.000      0.000      0.000      0.000      0.000      0.000      0.000      0.000     -0.003
     0.017      0.038     -0.005      0.027      0.024      0.011      0.018     -0.007      0.024     -0.023      0.009      0.040      0.015      0.017      0.002      0.000      0.000      0.000      0.000      0.000      0.000      0.000      0.000      0.000      0.000      0.000      0.000      0.000      0.000      0.000      0.000      0.000      0.000      0.000      0.000      0.000      0.000      0.000      0.000      0.000      0.000      0.000      0.000      0.000      0.000      0.000      0.000      0.000      0.000      0.000      0.000      0.000      0.000      0.000      0.000      0.000      0.000      0.002
     0.006      0.005      0.025      0.003      0.002      0.028     -0.002      0.018      0.005      0.006      0.026      0.000     -0.021     -0.011      0.013      0.005      0.000      0.000      0.000      0.000      0.000      0.000      0.000      0.000      0.000      0.001      0.000      0.000      0.000      0.000      0.000      0.000      0.000      0.000      0.000      0.000      0.000      0.000      0.000      0.000      0.000      0.000      0.000      0.000      0.000      0.000      0.000      0.000      0.000      0.000      0.000      0.000      0.001      0.000      0.000      0.000      0.000      0.003
    -0.001      0.007      0.020      0.061     -0.012     -0.036      0.004      0.007     -0.005      0.019      0.003      0.011      0.032      0.036      0.016     -0.005      0.003      0.000      0.000      0.000      0.000      0.000      0.000      0.000      0.000      0.001      0.000     -0.001      0.000      0.000      0.001      0.000      0.000      0.000      0.000      0.000      0.000      0.000      0.000      0.000      0.000      0.000      0.000      0.000      0.000     -0.001      0.000      0.000      0.000      0.000      0.000      0.000      0.000      0.000      0.000      0.000      0.000      0.002
     0.034     -0.020      0.002     -0.007      0.028     -0.009     -0.003      0.010      0.016      0.004     -0.040     -0.033     -0.001     -0.002     -0.002     -0.023     -0.009      0.003      0.000      0.000      0.000      0.000      0.000      0.000      0.000      0.001      0.000      0.000      0.000      0.000      0.000      0.000      0.000      0.000      0.000      0.000      0.000      0.000      0.000      0.000      0.000      0.000      0.000      0.000      0.000      0.000      0.000      0.000      0.000      0.000      0.000      0.000      0.001      0.000      0.000      0.000      0.000     -0.001
    -0.050     -0.037     -0.062     -0.057      0.002     -0.020     -0.026      0.011     -0.021     -0.003     -0.038      0.013     -0.007     -0.004     -0.037      0.007     -0.004      0.027      0.048     -0.004      0.000      0.006     -0.008      0.006      0.000      0.029      0.002     -0.020     -0.008      0.000     -0.002      0.001      0.000      0.000      0.000      0.000      0.000      0.000     -0.003      0.000     -0.002      0.000      0.000      0.002      0.000      0.000      0.000      0.000      0.000      0.000      0.000      0.000      0.006      0.000      0.000      0.001      0.001     -0.016
    -0.010     -0.021     -0.018      0.005      0.005     -0.032      0.010     -0.015      0.021      0.014      0.012     -0.005     -0.027      0.056     -0.020      0.001     -0.024     -0.017     -0.327      0.003      0.000     -0.001      0.000     -0.001      0.000     -0.009      0.000      0.004      0.001      0.000      0.000      0.000      0.000      0.000      0.000      0.000      0.000      0.000      0.000      0.000      0.000      0.000      0.000      0.000      0.000      0.000      0.000      0.000      0.000      0.000      0.000      0.000     -0.001      0.000      0.000      0.000      0.000      0.005
     0.049      0.090      0.143      0.066      0.055      0.091      0.056      0.030     -0.015      0.004      0.016      0.031      0.018     -0.038      0.048     -0.022      0.004     -0.025     -0.261     -0.535      0.000      0.000      0.000      0.000      0.000      0.000      0.000      0.000      0.000      0.000      0.000      0.000      0.000      0.000      0.000      0.000      0.000      0.000      0.000      0.000      0.000      0.000      0.000      0.000      0.000      0.000      0.000      0.000      0.000      0.000      0.000      0.000      0.000      0.000      0.000      0.000      0.000      0.000
    -0.032      0.013      0.108     -0.004      0.082      0.048      0.068      0.084      0.037      0.018      0.001      0.077      0.025      0.016      0.040      0.007      0.044      0.044      0.383     -0.188      0.084      0.005      0.001      0.001      0.001      0.004      0.000     -0.004     -0.003      0.000      0.000      0.000      0.000      0.000      0.000      0.000      0.000      0.000      0.000      0.000     -0.001      0.000      0.000      0.000      0.000      0.000      0.000      0.000      0.000      0.000      0.000      0.000      0.002      0.000      0.000      0.000      0.000     -0.009
     0.019     -0.006     -0.044     -0.035     -0.063     -0.037     -0.046      0.001     -0.020     -0.026     -0.018     -0.040     -0.013     -0.012     -0.035     -0.027     -0.004     -0.004     -0.262      0.060     -0.066      0.138      0.018      0.000     -0.001     -0.009     -0.001      0.010      0.002      0.000      0.000      0.000      0.000      0.000     -0.001      0.000      0.000      0.000      0.001      0.000      0.000      0.000      0.000      0.000      0.000      0.000      0.000      0.000      0.000      0.000      0.000     -0.001      0.001      0.001      0.000      0.000      0.000      0.006
     0.004      0.018      0.034     -0.019      0.021      0.027      0.012      0.069      0.001      0.006     -0.010      0.004      0.018     -0.009      0.016      0.009      0.021      0.045      0.384     -0.173     -0.012      0.111      0.044      0.005      0.000      0.007     -0.001     -0.006     -0.001      0.000     -0.001      0.000      0.000      0.000      0.000      0.000      0.000      0.000     -0.001      0.000      0.000      0.000      0.000      0.000      0.000      0.000      0.000      0.000      0.000      0.000      0.000      0.000     -0.001      0.000      0.000      0.000      0.000     -0.004
    -0.003      0.029      0.106      0.042      0.086      0.062      0.068      0.080      0.021      0.062      0.019      0.091      0.024      0.039      0.048      0.015      0.023      0.000     -0.009     -0.115      0.190      0.449     -0.197     -0.082      0.001     -0.001      0.000     -0.001     -0.001      0.000      0.000      0.000      0.000      0.000      0.000      0.000      0.000      0.000      0.000      0.000      0.000      0.000      0.000      0.000      0.000      0.000      0.000      0.000      0.000      0.000      0.000      0.000      0.000      0.000      0.000      0.000      0.000     -0.003
    -0.011     -0.002      0.026     -0.015      0.043      0.028      0.035      0.043      0.033      0.000      0.001      0.025      0.033     -0.004      0.019      0.030      0.038      0.047      0.369     -0.476      0.058      0.150     -0.188      0.286     -0.115      0.128     -0.002     -0.033     -0.004      0.000     -0.001      0.001     -0.001     -0.001     -0.001      0.001     -0.001      0.000      0.000      0.000     -0.002      0.000      0.001     -0.002      0.000     -0.001      0.000      0.001      0.000      0.000      0.000      0.000     -0.004     -0.001      0.000      0.001      0.001     -0.029
    -0.023     -0.030     -0.039      0.008     -0.015      0.000     -0.054     -0.021      0.003      0.030     -0.014      0.008     -0.008      0.032     -0.044     -0.002      0.005     -0.029      0.129      0.108     -0.187     -0.011     -0.166     -0.343      0.067     -0.115      0.003      0.002     -0.001      0.000      0.000      0.001      0.000      0.000      0.000      0.000      0.000      0.000      0.000      0.000      0.000      0.000      0.000      0.000      0.000      0.000      0.000      0.000      0.000      0.000      0.000      0.000      0.000      0.000      0.000      0.000      0.000      0.002
     0.017     -0.047     -0.095     -0.041     -0.080     -0.043     -0.083     -0.061     -0.014     -0.022     -0.037     -0.052     -0.023      0.000     -0.033     -0.016     -0.057     -0.013     -0.390      0.353     -0.304     -0.235      0.308     -0.335     -0.124     -0.386      0.176      0.057      0.005      0.001      0.000      0.000      0.001     -0.001      0.000      0.001      0.000      0.000      0.001      0.000      0.003      0.000      0.000      0.002      0.001      0.001      0.000      0.000      0.000      0.000      0.000      0.000     -0.001      0.000      0.000     -0.002     -0.001      0.013
     0.007     -0.033     -0.112     -0.049     -0.092     -0.087     -0.057     -0.098     -0.007     -0.070     -0.006     -0.088     -0.033     -0.041     -0.029     -0.037     -0.026     -0.019     -0.562      0.379     -0.274     -0.589      0.242     -0.293     -0.552     -0.182     -0.153      0.306      0.004      0.000      0.000      0.000      0.000      0.000      0.000      0.000      0.000      0.000      0.001      0.000      0.001      0.000      0.000      0.000      0.000      0.000      0.000      0.000      0.000      0.000      0.000      0.000     -0.001      0.000      0.000      0.000      0.000      0.010
    -0.020     -0.038      0.037      0.026      0.007      0.014     -0.015      0.058      0.008      0.004     -0.042     -0.004      0.007      0.006     -0.009      0.020     -0.009     -0.003      0.005      0.012     -0.021     -0.011     -0.009      0.000      0.009     -0.004      0.005      0.020     -0.007      0.033     -0.001      0.001      0.001      0.000      0.000      0.000      0.000      0.001     -0.001     -0.001      0.001      0.000      0.000      0.000      0.000      0.001      0.000      0.000      0.000      0.000      0.000      0.001      0.002      0.001      0.000     -0.001      0.000      0.010
    -0.004     -0.094      0.004      0.011     -0.022      0.021     -0.003      0.004      0.011     -0.007      0.009      0.002     -0.010      0.009     -0.003      0.002      0.059      0.009     -0.028      0.002     -0.017      0.000      0.007     -0.038      0.017     -0.008     -0.004      0.008      0.024     -0.014      0.065      0.002      0.001      0.000      0.000      0.000      0.001      0.001      0.002      0.001     -0.001      0.001      0.000     -0.002      0.001     -0.001      0.000      0.000      0.001      0.000      0.000      0.001     -0.001     -0.002      0.000      0.001      0.000      0.014
     0.028     -0.003     -0.128     -0.021      0.008     -0.024     -0.033     -0.005      0.003     -0.037      0.026      0.001     -0.007     -0.003      0.001     -0.008      0.007      0.008      0.021      0.004     -0.023     -0.013     -0.006     -0.024     -0.016      0.009      0.037      0.003      0.010      0.029      0.025      0.074      0.002      0.000      0.001      0.000      0.000      0.000      0.004      0.001      0.001      0.000      0.000      0.001      0.000      0.000      0.000      0.000      0.001      0.000      0.000      0.003      0.034     -0.002      0.000     -0.001      0.001      0.019
     0.007     -0.010     -0.029      0.026     -0.003      0.006      0.014      0.022      0.010     -0.028     -0.011     -0.003      0.018     -0.001      0.005     -0.021      0.011      0.024     -0.003      0.028     -0.037      0.015      0.010     -0.029      0.009     -0.009      0.039      0.016      0.011      0.034      0.015      0.036      0.052      0.001      0.000      0.001      0.002      0.000      0.001      0.000      0.000      0.001      0.001      0.000      0.000      0.001      0.001      0.000      0.001      0.000      0.000      0.000      0.026     -0.001      0.000     -0.003      0.000      0.015
     0.021      0.016      0.003      0.007      0.024     -0.016      0.014      0.013      0.000      0.002     -0.008     -0.007     -0.021     -0.004      0.010      0.014     -0.028     -0.019      0.003      0.013     -0.011      0.018      0.012      0.004     -0.005     -0.018      0.022     -0.021      0.011     -0.012      0.003      0.006      0.038      0.018      0.000      0.000      0.000      0.000      0.001      0.000      0.000      0.000      0.000      0.000      0.000      0.000      0.000      0.000      0.000      0.000      0.000      0.000      0.009      0.001      0.000      0.000      0.000     -0.001
     0.010     -0.019      0.017      0.012      0.005     -0.039     -0.001     -0.003      0.003     -0.028     -0.014      0.000     -0.043      0.005     -0.021      0.025      0.007      0.015      0.004     -0.014      0.000     -0.036     -0.044     -0.028      0.010     -0.012      0.012     -0.007      0.002      0.000      0.013      0.043      0.003      0.019      0.014      0.000      0.000      0.000      0.000      0.000      0.000      0.000      0.000      0.000      0.000      0.000      0.000      0.000      0.000      0.000      0.000      0.000      0.006      0.000      0.000      0.000      0.000     -0.003
     0.015      0.011      0.021      0.021     -0.010     -0.001      0.019      0.005      0.007     -0.042      0.017     -0.003     -0.015     -0.006     -0.019     -0.005      0.058      0.011      0.006     -0.001     -0.009      0.003      0.017      0.027     -0.041      0.014      0.000      0.029      0.004      0.009      0.014     -0.006      0.041     -0.015      0.003      0.010      0.000      0.000      0.000      0.000      0.000      0.000      0.000      0.000      0.000      0.000      0.000      0.000      0.000      0.000      0.000      0.000     -0.001      0.000      0.000      0.000      0.000     -0.011
    -0.039      0.019     -0.004      0.007     -0.014      0.003     -0.011     -0.033     -0.029      0.010     -0.014      0.018     -0.022      0.023      0.008     -0.017      0.024     -0.006     -0.019      0.021     -0.019     -0.015     -0.002     -0.047     -0.006     -0.017      0.027      0.016      0.027      0.022      0.019      0.005      0.069      0.027      0.008     -0.029      0.011      0.000      0.000      0.000      0.000      0.000      0.000      0.000      0.000      0.000      0.000      0.000      0.000      0.000      0.000      0.000      0.003      0.000      0.000      0.000      0.000      0.003
    -0.003     -0.013      0.004      0.000      0.009      0.021     -0.012      0.007      0.088      0.025      0.002     -0.020      0.006     -0.002     -0.001     -0.013      0.024     -0.003     -0.014      0.038     -0.014      0.029      0.019     -0.014      0.017     -0.015      0.022      0.013     -0.015      0.042      0.029      0.017      0.002      0.029     -0.010     -0.002      0.009      0.007      0.000      0.000      0.000      0.000      0.000     -0.001      0.000      0.000      0.000      0.000      0.000      0.000      0.000      0.000      0.001      0.000      0.000      0.001      0.000      0.010
    -0.006      0.007      0.002     -0.018     -0.002      0.005      0.012      0.013     -0.019     -0.061      0.039      0.008     -0.056      0.000     -0.028     -0.016     -0.024     -0.001     -0.046      0.009      0.006     -0.005      0.021     -0.048     -0.037     -0.001     -0.026      0.014      0.070     -0.013      0.030      0.049      0.022      0.028     -0.011     -0.002      0.012      0.006      0.083      0.001     -0.001      0.000      0.000     -0.001      0.000      0.001      0.000      0.000      0.001      0.000      0.000      0.000     -0.002     -0.001      0.000      0.000      0.000      0.016
     0.013     -0.003     -0.016      0.011      0.010     -0.011      0.011     -0.010     -0.015     -0.004      0.050     -0.031      0.007     -0.007     -0.013     -0.015      0.013     -0.006     -0.005      0.001     -0.005      0.021     -0.001     -0.016     -0.007      0.001     -0.021     -0.002     -0.001     -0.035      0.029      0.022      0.000      0.000     -0.011      0.013      0.019      0.005      0.023      0.013     -0.001      0.000      0.000     -0.001      0.000      0.000      0.000      0.000      0.000      0.000      0.000      0.000      0.004      0.000      0.000      0.001      0.000     -0.006
     0.023      0.010     -0.008     -0.012      0.002      0.013     -0.006     -0.024     -0.022      0.010      0.007     -0.035     -0.008      0.005     -0.015      0.017     -0.009      0.005     -0.042      0.034     -0.018     -0.041     -0.006     -0.011     -0.014     -0.022     -0.031      0.046      0.048      0.013     -0.013      0.009      0.003      0.003     -0.010     -0.003      0.000      0.013     -0.013     -0.019      0.057      0.000      0.000      0.000      0.000      0.000      0.000      0.000      0.000      0.000      0.000     -0.001      0.001     -0.003      0.000     -0.001      0.000     -0.001
     0.019      0.022     -0.014      0.016      0.013     -0.012      0.008      0.020      0.003     -0.005     -0.001     -0.017     -0.040      0.003      0.029      0.022     -0.014      0.029     -0.002      0.022     -0.016      0.003     -0.004     -0.024      0.016     -0.015     -0.010      0.002      0.010     -0.008      0.029      0.018      0.034      0.008      0.003     -0.039      0.013     -0.019      0.006      0.006     -0.004      0.007      0.000      0.000      0.000      0.000      0.000      0.000      0.000      0.000      0.000     -0.001      0.001      0.000      0.000      0.000      0.000     -0.003
    -0.011      0.012      0.026     -0.006     -0.031      0.024      0.037     -0.013      0.007     -0.002     -0.013     -0.017      0.021     -0.033      0.003     -0.012     -0.001      0.017      0.001     -0.016      0.027      0.026     -0.020      0.008      0.007      0.020      0.030     -0.005     -0.035      0.026     -0.026     -0.011      0.045      0.040      0.007      0.036     -0.014     -0.030     -0.012     -0.013     -0.010      0.013      0.006      0.000      0.000      0.000      0.000      0.000      0.000      0.000      0.000      0.000      0.001      0.000      0.000      0.000      0.000     -0.001
     0.030     -0.002     -0.001      0.002      0.005     -0.022      0.017     -0.034      0.016     -0.013     -0.014      0.004      0.027      0.008     -0.025     -0.021     -0.009     -0.013      0.041      0.039     -0.066      0.016     -0.015     -0.015      0.040     -0.022      0.023      0.040     -0.036     -0.006     -0.041      0.011     -0.007      0.008      0.012     -0.014      0.017     -0.037     -0.011     -0.029     -0.009      0.001      0.032      0.040      0.000      0.000      0.000     -0.001      0.000      0.000      0.000     -0.001      0.004     -0.001      0.000     -0.001      0.000      0.018
     0.013      0.016     -0.011      0.019      0.011      0.011     -0.021      0.006     -0.024      0.009      0.016      0.025     -0.010      0.030      0.002      0.029     -0.001     -0.006     -0.014     -0.012      0.028     -0.003      0.009     -0.018     -0.028      0.000     -0.003      0.024     -0.002      0.006      0.022     -0.011      0.013      0.008     -0.010     -0.011     -0.012     -0.012      0.014     -0.007     -0.012     -0.005      0.014     -0.012      0.010      0.000      0.000      0.000      0.000      0.000      0.000      0.000     -0.002      0.000      0.000      0.000      0.000      0.007
     0.034     -0.017     -0.015     -0.039      0.003     -0.015     -0.032     -0.022     -0.006      0.014     -0.023      0.004      0.005     -0.013     -0.021      0.012     -0.105     -0.011     -0.010      0.033     -0.046     -0.010      0.030      0.000      0.020     -0.033      0.028      0.061      0.019      0.039     -0.030      0.008      0.041     -0.038     -0.008      0.028     -0.021     -0.027      0.027     -0.008      0.015     -0.008      0.005      0.011     -0.008      0.008      0.000      0.000      0.000      0.000      0.000      0.000     -0.001      0.000      0.000      0.000      0.000      0.004
    -0.015      0.002      0.013     -0.011      0.003     -0.003      0.027      0.002      0.019      0.027      0.004     -0.012      0.014      0.015     -0.021     -0.015      0.003     -0.043      0.011      0.036     -0.028      0.030      0.001      0.008      0.004      0.004     -0.001     -0.018      0.005     -0.001      0.011     -0.003      0.029      0.018      0.018      0.029     -0.018     -0.002      0.018      0.019     -0.020      0.017      0.024     -0.015     -0.019     -0.002      0.009      0.000      0.000      0.000      0.000      0.000     -0.001      0.000      0.000      0.000      0.000      0.001
     0.009     -0.007     -0.006     -0.016     -0.021      0.006      0.008     -0.007      0.013     -0.002     -0.005     -0.006     -0.012      0.015      0.017     -0.001     -0.009      0.003      0.020     -0.038     -0.002      0.020     -0.013      0.001      0.002      0.040      0.012     -0.023     -0.001     -0.002      0.008      0.019     -0.023     -0.044     -0.049     -0.053     -0.036     -0.019     -0.015     -0.023      0.024     -0.052     -0.055     -0.033     -0.039     -0.072     -0.028      0.006      0.000     -0.001      0.000      0.002      0.011     -0.002      0.000     -0.001      0.001     -0.022
    -0.019      0.005     -0.003      0.010     -0.024      0.035     -0.029      0.038     -0.004     -0.010      0.015     -0.033      0.004      0.000     -0.010      0.025     -0.013      0.037      0.015     -0.007     -0.005      0.014     -0.020     -0.011      0.008      0.011      0.004      0.010     -0.016      0.100      0.090      0.156      0.125      0.075      0.098      0.039      0.059      0.034      0.088      0.043      0.033      0.049      0.058      0.033      0.019      0.041      0.008     -0.154      0.001      0.000      0.000      0.000      0.004      0.000      0.000      0.000      0.000     -0.022
    -0.006      0.030     -0.002     -0.013      0.030      0.016     -0.003     -0.019     -0.030     -0.004      0.002      0.010      0.020     -0.006     -0.024     -0.017     -0.005     -0.007     -0.014      0.006      0.007     -0.011     -0.003     -0.027     -0.011     -0.002     -0.004      0.002      0.009     -0.039     -0.011     -0.041     -0.066     -0.021     -0.002      0.005     -0.019     -0.029     -0.017      0.020      0.038     -0.006      0.026      0.016     -0.019      0.036     -0.005     -0.557     -0.145      0.001      0.000     -0.001     -0.002      0.000      0.000      0.000     -0.001      0.006
    -0.004     -0.037     -0.001      0.017     -0.012     -0.024     -0.007      0.019      0.038      0.012      0.000     -0.022     -0.019      0.010      0.026      0.023      0.002     -0.004      0.002      0.019     -0.016     -0.003      0.000      0.020      0.005     -0.024      0.022      0.019     -0.003      0.031      0.000      0.034      0.055      0.028     -0.007      0.007      0.011      0.017     -0.008     -0.028     -0.050      0.008     -0.023      0.007      0.009     -0.039      0.009      0.378      0.135     -0.901      0.000      0.000      0.000      0.000      0.000      0.000      0.000     -0.001
    -0.008     -0.014     -0.001      0.012      0.007      0.002     -0.031      0.032      0.016      0.013     -0.001     -0.010      0.012      0.012     -0.009      0.020      0.007      0.008      0.007      0.011     -0.017     -0.004     -0.037     -0.001     -0.001      0.009      0.020      0.004      0.003      0.021      0.036      0.074      0.002     -0.002      0.022     -0.013     -0.015      0.019     -0.003     -0.026     -0.023     -0.047     -0.030     -0.045      0.028     -0.040     -0.001      0.213      0.147     -0.227      0.189      0.018      0.006     -0.009      0.000      0.005      0.002      0.036
     0.000     -0.038     -0.041      0.026      0.007     -0.033      0.010      0.018      0.036     -0.019      0.026     -0.017      0.011     -0.006      0.006      0.021      0.001      0.012      0.030     -0.014     -0.009      0.027      0.004     -0.018      0.014     -0.014     -0.004     -0.005     -0.024      0.014     -0.003      0.141      0.131      0.079      0.055     -0.006      0.029      0.014     -0.010      0.040      0.003      0.012      0.015      0.021     -0.024     -0.011     -0.016      0.159      0.204     -0.102      0.049      0.049      0.783     -0.001      0.000     -0.009      0.003     -0.359
    -0.007     -0.009      0.004     -0.002     -0.013      0.017      0.020     -0.019     -0.002      0.002      0.005      0.020      0.004     -0.006     -0.009      0.017     -0.048     -0.020      0.000      0.005     -0.005     -0.001      0.027      0.008      0.023     -0.019     -0.004     -0.009     -0.005      0.025     -0.036     -0.035     -0.015      0.037      0.016      0.007      0.005      0.016     -0.019     -0.014     -0.065      0.033      0.027     -0.030      0.003      0.028      0.023     -0.186     -0.020     -0.046     -0.011     -0.407     -0.004      0.026      0.000      0.000     -0.002     -0.017
     0.016      0.001     -0.014     -0.001     -0.034     -0.026      0.017      0.023     -0.009     -0.016     -0.013     -0.001     -0.022     -0.003      0.016     -0.029      0.028      0.049      0.018     -0.059      0.021      0.023     -0.001     -0.012     -0.006      0.048     -0.023     -0.015      0.008      0.038      0.032      0.020      0.043     -0.026     -0.013     -0.022      0.033      0.016      0.019      0.025      0.027     -0.012     -0.008      0.009     -0.019     -0.024     -0.024      0.416      0.030     -0.367      0.205     -0.011      0.040     -0.333      0.000      0.000      0.000      0.000
     0.026     -0.040      0.017     -0.024      0.014      0.017     -0.009      0.025     -0.006     -0.032      0.003      0.008      0.030      0.010      0.002     -0.018     -0.017     -0.018      0.026     -0.004     -0.010      0.022     -0.016      0.004     -0.019      0.011     -0.005     -0.043      0.009     -0.019      0.015     -0.024     -0.074      0.004     -0.010      0.005      0.012      0.033      0.000      0.032     -0.018      0.009     -0.016     -0.027      0.006     -0.026     -0.022     -0.037     -0.100      0.006      0.014      0.179     -0.052      0.007      0.029      0.039      0.000      0.022
     0.031     -0.015     -0.002      0.016      0.010     -0.011      0.028     -0.007      0.016      0.014     -0.035      0.013      0.018     -0.021     -0.003      0.002      0.020     -0.015      0.038     -0.025      0.020      0.008     -0.040      0.041      0.008      0.038     -0.020     -0.038     -0.047      0.011      0.007      0.023      0.013      0.003     -0.033      0.004     -0.003      0.009      0.005     -0.033     -0.008     -0.006     -0.019      0.010     -0.006     -0.040      0.029      0.145     -0.191     -0.284      0.218      0.128      0.039     -0.164      0.058      0.009      0.009     -0.026
    -0.011     -0.004      0.004     -0.001     -0.005     -0.006     -0.009     -0.031      0.003      0.000     -0.001      0.002     -0.014     -0.023      0.012      0.018      0.011     -0.007     -0.026      0.036     -0.029     -0.044      0.015     -0.018     -0.039     -0.029      0.013      0.020      0.051      0.019      0.020      0.026      0.023     -0.004     -0.009     -0.040      0.009      0.045      0.020     -0.019     -0.001     -0.014     -0.007      0.032      0.026      0.017      0.003     -0.101     -0.325      0.094     -0.060      0.094     -0.145     -0.038     -0.005      0.041     -0.102      7.783

Derivative matrix of expected statistics X by parameters and
covariance/correlation matrix of X can be found using
summary(ans) within R, or by using the 'verbose' option in Siena07.
 
Total computation time 943.28 seconds.
