

-----------------------------------
New Analysis started.
Date and time: 21/09/2026 16:39:49
New results follow.
-----------------------------------

RSiena version 1.3.10 (28 Apr 22)


@1
Estimation by stochastic approximation algorithm.
=================================================

Current random number seed is 52020091.
Effects object used: bound$effects 
Model Type:
 Initiative model
Behavioral Model Type:
 Standard behavior actor-oriented model ('restrict')
Estimation method: unconditional moment estimation
.

Time duration for simulations in each period is 1.0.
Changing composition.
Joiners/leavers option: 1
Standard errors are estimated with the likelihood ratio method.
Dolby method (regression on scores) is used.
Initial value of gain parameter is  0.2000000.
Reduction factor for gain parameter is  0.5000000.
Number of subphases in Phase 2 is 0.

Initial parameter values are 
  1. rate:  constant dv.net rate (period 1)                 0.0463
  2. rate:  constant dv.net rate (period 2)                 0.1413
  3. rate:  constant dv.net rate (period 3)                 0.4252
  4. rate:  constant dv.net rate (period 4)                 0.3503
  5. rate:  constant dv.net rate (period 5)                 0.3251
  6. rate:  constant dv.net rate (period 6)                 0.3251
  7. rate:  constant dv.net rate (period 7)                 0.4021
  8. rate:  constant dv.net rate (period 8)                 0.3147
  9. rate:  constant dv.net rate (period 9)                 0.3307
 10. rate:  constant dv.net rate (period 10)                0.2754
 11. rate:  constant dv.net rate (period 11)                0.3247
 12. rate:  constant dv.net rate (period 12)                0.4482
 13. rate:  constant dv.net rate (period 13)                0.3547
 14. rate:  constant dv.net rate (period 14)                0.3254
 15. rate:  constant dv.net rate (period 15)                0.2912
 16. rate:  constant dv.net rate (period 16)                0.5148
 17. rate:  constant dv.net rate (period 17)                0.3430
 18. rate:  constant dv.net rate (period 18)                0.4015
 19. eval:  degree (density)                               -5.5219
 20. eval:  transitive triads                               0.1543
 21. eval:  degree act+pop                                  0.0571
 22. eval:  nets.lndistance_d                              -0.8501
 23. eval:  nets.ATOP_d                                     1.0892
 24. eval:  nets.absidealdiff_d                            -0.6014
 25. eval:  nets.lntrade_d                                  0.0724
 26. eval:  nets.NATO_d                                    -3.3426
 27. eval:  milex.beh alter                                -0.0598
 28. eval:  beh.democracy_1 alter                           1.4389
 29. eval:  beh.lncinc_1 alter                              0.7934
 30. rate:  rate milex.beh (period 1)                       0.9355
 31. rate:  rate milex.beh (period 2)                       1.3180
 32. rate:  rate milex.beh (period 3)                       1.3558
 33. rate:  rate milex.beh (period 4)                       1.1811
 34. rate:  rate milex.beh (period 5)                       0.7012
 35. rate:  rate milex.beh (period 6)                       0.5701
 36. rate:  rate milex.beh (period 7)                       0.4737
 37. rate:  rate milex.beh (period 8)                       0.5234
 38. rate:  rate milex.beh (period 9)                       0.3736
 39. rate:  rate milex.beh (period 10)                      1.7216
 40. rate:  rate milex.beh (period 11)                      0.5854
 41. rate:  rate milex.beh (period 12)                      1.3154
 42. rate:  rate milex.beh (period 13)                      0.3238
 43. rate:  rate milex.beh (period 14)                      0.2968
 44. rate:  rate milex.beh (period 15)                      1.0912
 45. rate:  rate milex.beh (period 16)                      0.4124
 46. rate:  rate milex.beh (period 17)                      0.3556
 47. rate:  rate milex.beh (period 18)                      0.4026
 48. eval:  milex.beh linear shape                         -1.1745
 49. eval:  milex.beh quadratic shape                      -0.0273
 50. eval:  milex.beh degree                                0.0898
 51. eval:  milex.beh dense triads                         -0.0210
 52. eval:  milex.beh: effect from beh.democracy_1         -0.4495
 53. eval:  milex.beh: effect from beh.GDPgrowth_1         -2.2472
 54. eval:  milex.beh: effect from beh.nato_1               0.8789
 55. eval:  milex.beh: effect from beh.allies_1            -0.0111
 56. eval:  milex.beh: effect from beh.military_1           0.2556
 57. eval:  milex.beh: effect from beh.lnmids_1             0.1341
 58. eval:  milex.beh: effect from beh.milexSpLag_1         7.2079


Observed values of target statistics are
  1. Amount of network change in period 1                                10.0000
  2. Amount of network change in period 2                                34.0000
  3. Amount of network change in period 3                                86.0000
  4. Amount of network change in period 4                                94.0000
  5. Amount of network change in period 5                                76.0000
  6. Amount of network change in period 6                                76.0000
  7. Amount of network change in period 7                                94.0000
  8. Amount of network change in period 8                                78.0000
  9. Amount of network change in period 9                                84.0000
 10. Amount of network change in period 10                               72.0000
 11. Amount of network change in period 11                               84.0000
 12. Amount of network change in period 12                              114.0000
 13. Amount of network change in period 13                               94.0000
 14. Amount of network change in period 14                               88.0000
 15. Amount of network change in period 15                               80.0000
 16. Amount of network change in period 16                              138.0000
 17. Amount of network change in period 17                               96.0000
 18. Amount of network change in period 18                              112.0000
 19. Number of edges                                                   5257.0000
 20. Number of transitive triads                                       7339.0000
 21. Sum of squared degrees                                            333172.0000
 22. Sum of ties x nets.lndistance_d                                   -10629.6066
 23. Sum of ties x nets.ATOP_d                                         5960.4379
 24. Sum of ties x nets.absidealdiff_d                                 -2858.5692
 25. Sum of ties x nets.lntrade_d                                      37643.5933
 26. Sum of ties x nets.NATO_d                                         1247.4871
 27. Sum of degrees x milex.beh                                        -136.5119
 28. Sum of degrees x beh.democracy_1                                  2911.8786
 29. Sum of degrees x beh.lncinc_1                                     13015.0208
 30. Amount of behavioral change in period 1 on milex.beh                41.0000
 31. Amount of behavioral change in period 2 on milex.beh                50.0000
 32. Amount of behavioral change in period 3 on milex.beh                57.0000
 33. Amount of behavioral change in period 4 on milex.beh                52.0000
 34. Amount of behavioral change in period 5 on milex.beh                37.0000
 35. Amount of behavioral change in period 6 on milex.beh                32.0000
 36. Amount of behavioral change in period 7 on milex.beh                28.0000
 37. Amount of behavioral change in period 8 on milex.beh                31.0000
 38. Amount of behavioral change in period 9 on milex.beh                24.0000
 39. Amount of behavioral change in period 10 on milex.beh               71.0000
 40. Amount of behavioral change in period 11 on milex.beh               34.0000
 41. Amount of behavioral change in period 12 on milex.beh               55.0000
 42. Amount of behavioral change in period 13 on milex.beh               18.0000
 43. Amount of behavioral change in period 14 on milex.beh               17.0000
 44. Amount of behavioral change in period 15 on milex.beh               48.0000
 45. Amount of behavioral change in period 16 on milex.beh               20.0000
 46. Amount of behavioral change in period 17 on milex.beh               18.0000
 47. Amount of behavioral change in period 18 on milex.beh               21.0000
 48. milex.beh centered sum                                             -69.2728
 49. milex.beh sum of cent. squares                                    5872.2362
 50. milex.beh outdegrees                                              -140.2801
 51. milex.beh dense triads                                            -2487.5508
 52. milex.beh x beh.democracy_1                                       -379.2596
 53. milex.beh x beh.GDPgrowth_1                                         -0.6794
 54. milex.beh x beh.nato_1                                              58.7026
 55. milex.beh x beh.allies_1                                          -4906.7851
 56. milex.beh x beh.military_1                                         125.8892
 57. milex.beh x beh.lnmids_1                                           583.7664
 58. milex.beh x beh.milexSpLag_1                                        23.9632

 58 parameters, 58 statistics

Number of subphases is specified as 0.
Therefore the estimation phase is skipped
 and the program passes on immediately to phase 3
 for checking the current parameter values and calculating standard errors.
Estimation of derivatives by the LR method (type 1).


@2
End of stochastic approximation algorithm, phase 3.
---------------------------------------------------

Total of 3000 iterations.
Parameter estimates based on 0 iterations,
convergence diagnostics, covariance and derivative matrices based on 3000 iterations.

Information for convergence diagnosis.
Averages, standard deviations, and t-ratios for deviations from targets:
  1.  -0.3073    4.2815  -0.0718 
  2.   0.4220    8.3318   0.0506 
  3.  -1.0147   12.4797  -0.0813 
  4.   0.6040   13.6206   0.0443 
  5.   0.2033   11.4878   0.0177 
  6.   1.2333   11.7752   0.1047 
  7.   0.7473   13.0738   0.0572 
  8.   0.9107   11.7948   0.0772 
  9.   1.1847   12.6828   0.0934 
 10.   0.3240   11.9355   0.0271 
 11.   0.3753   12.7474   0.0294 
 12.  -0.2533   14.4424  -0.0175 
 13.   0.6067   13.3653   0.0454 
 14.   0.7813   12.8537   0.0608 
 15.   0.1700   12.3620   0.0138 
 16.  -0.4060   16.1367  -0.0252 
 17.   0.1033   13.5827   0.0076 
 18.   1.3693   14.4612   0.0947 
 19.   0.9363   27.1279   0.0345 
 20.  -0.8577   89.8050  -0.0096 
 21.  41.5160 2805.5446   0.0148 
 22.   0.2716   68.0727   0.0040 
 23.  -0.2440   33.6387  -0.0073 
 24.   0.2752   46.8361   0.0059 
 25.   4.3054  201.2386   0.0214 
 26.   0.1943   10.7608   0.0181 
 27.  -1.2179   53.3852  -0.0228 
 28.   0.1499   20.0604   0.0075 
 29.   1.7394   88.2405   0.0197 
 30.  -0.0013    5.6568  -0.0002 
 31.   0.1710    6.0716   0.0282 
 32.  -0.0807    6.4339  -0.0125 
 33.  -0.3257    6.4886  -0.0502 
 34.   0.2203    5.6031   0.0393 
 35.   0.1007    5.2471   0.0192 
 36.  -0.0883    4.9982  -0.0177 
 37.   0.1283    5.1541   0.0249 
 38.  -0.0487    4.5509  -0.0107 
 39.   0.0503    6.8965   0.0073 
 40.  -0.0937    5.3777  -0.0174 
 41.  -0.2367    6.2453  -0.0379 
 42.   0.0213    3.9932   0.0053 
 43.   0.0647    3.9339   0.0164 
 44.   0.2247    6.1747   0.0364 
 45.  -0.0137    4.2110  -0.0032 
 46.   0.0613    3.9704   0.0154 
 47.  -0.0173    4.3041  -0.0040 
 48.  -0.1853   24.9441  -0.0074 
 49.   0.1794   95.6427   0.0019 
 50.  -8.5407  189.2972  -0.0451 
 51. -24.6370  503.2911  -0.0490 
 52.   0.2840   12.3004   0.0231 
 53.  -0.0859    2.2015  -0.0390 
 54.   0.0846    9.6633   0.0088 
 55. -28.8381  471.8649  -0.0611 
 56.  -0.1693    6.8005  -0.0249 
 57.  -0.5473   15.6320  -0.0350 
 58.   0.0187    0.5089   0.0368 

Good convergence is indicated by the t-ratios being close to zero.

Overall maximum convergence ratio =  0.3283 .



@2
Estimation Results.
-------------------

Regular end of estimation algorithm.
Total of 3000 iteration steps.


@3
Estimates and standard errors
                             
Network Dynamics
 1. rate:  constant dv.net rate (period 1)                         0.0463  (   0.0219)
 2. rate:  constant dv.net rate (period 2)                         0.1413  (   0.0345)
 3. rate:  constant dv.net rate (period 3)                         0.4252  (   0.0809)
 4. rate:  constant dv.net rate (period 4)                         0.3503  (   0.0525)
 5. rate:  constant dv.net rate (period 5)                         0.3251  (   0.0622)
 6. rate:  constant dv.net rate (period 6)                         0.3251  (   0.0574)
 7. rate:  constant dv.net rate (period 7)                         0.4021  (   0.0666)
 8. rate:  constant dv.net rate (period 8)                         0.3147  (   0.0558)
 9. rate:  constant dv.net rate (period 9)                         0.3307  (   0.0545)
10. rate:  constant dv.net rate (period 10)                        0.2754  (   0.0475)
11. rate:  constant dv.net rate (period 11)                        0.3247  (   0.0534)
12. rate:  constant dv.net rate (period 12)                        0.4482  (   0.0635)
13. rate:  constant dv.net rate (period 13)                        0.3547  (   0.0541)
14. rate:  constant dv.net rate (period 14)                        0.3254  (   0.0512)
15. rate:  constant dv.net rate (period 15)                        0.2912  (   0.0475)
16. rate:  constant dv.net rate (period 16)                        0.5148  (   0.0664)
17. rate:  constant dv.net rate (period 17)                        0.3430  (   0.0521)
18. rate:  constant dv.net rate (period 18)                        0.4015  (   0.0568)
19. eval:  degree (density)                                       -5.5219  (   0.2178)
20. eval:  transitive triads                                       0.1543  (   0.0495)
21. eval:  degree act+pop                                          0.0571  (   0.0049)
22. eval:  nets.lndistance_d                                      -0.8501  (   0.0703)
23. eval:  nets.ATOP_d                                             1.0892  (   0.1349)
24. eval:  nets.absidealdiff_d                                    -0.6014  (   0.0696)
25. eval:  nets.lntrade_d                                          0.0724  (   0.0292)
26. eval:  nets.NATO_d                                            -3.3426  (   0.3433)
27. eval:  milex.beh alter                                        -0.0598  (   0.0574)
28. eval:  beh.democracy_1 alter                                   1.4389  (   0.2375)
29. eval:  beh.lncinc_1 alter                                      0.7934  (   0.0669)
Behavior Dynamics

30. rate:  rate milex.beh (period 1)                               0.9355  (   0.1881)
31. rate:  rate milex.beh (period 2)                               1.3180  (   0.2360)
32. rate:  rate milex.beh (period 3)                               1.3558  (   0.2396)
33. rate:  rate milex.beh (period 4)                               1.1811  (   0.2145)
34. rate:  rate milex.beh (period 5)                               0.7012  (   0.1365)
35. rate:  rate milex.beh (period 6)                               0.5701  (   0.1155)
36. rate:  rate milex.beh (period 7)                               0.4737  (   0.0984)
37. rate:  rate milex.beh (period 8)                               0.5234  (   0.1068)
38. rate:  rate milex.beh (period 9)                               0.3736  (   0.0861)
39. rate:  rate milex.beh (period 10)                              1.7216  (   0.3415)
40. rate:  rate milex.beh (period 11)                              0.5854  (   0.1121)
41. rate:  rate milex.beh (period 12)                              1.3154  (   0.2538)
42. rate:  rate milex.beh (period 13)                              0.3238  (   0.0815)
43. rate:  rate milex.beh (period 14)                              0.2968  (   0.0739)
44. rate:  rate milex.beh (period 15)                              1.0912  (   0.1989)
45. rate:  rate milex.beh (period 16)                              0.4124  (   0.0984)
46. rate:  rate milex.beh (period 17)                              0.3556  (   0.0895)
47. rate:  rate milex.beh (period 18)                              0.4026  (   0.0943)
48. eval:  milex.beh linear shape                                 -1.1745  (   0.0770)
49. eval:  milex.beh quadratic shape                              -0.0273  (   0.0242)
50. eval:  milex.beh degree                                        0.0898  (   0.0238)
51. eval:  milex.beh dense triads                                 -0.0210  (   0.0074)
52. eval:  milex.beh: effect from beh.democracy_1                 -0.4495  (   0.1329)
53. eval:  milex.beh: effect from beh.GDPgrowth_1                 -2.2472  (   0.8840)
54. eval:  milex.beh: effect from beh.nato_1                       0.8789  (   0.1664)
55. eval:  milex.beh: effect from beh.allies_1                    -0.0111  (   0.0034)
56. eval:  milex.beh: effect from beh.military_1                   0.2556  (   0.1919)
57. eval:  milex.beh: effect from beh.lnmids_1                     0.1341  (   0.0907)
58. eval:  milex.beh: effect from beh.milexSpLag_1                 7.2079  (   2.8677)


@3
Covariance matrices
                   
Covariance matrix of estimates (correlations below diagonal):
     0.000      0.000      0.000      0.000      0.000      0.000      0.000      0.000      0.000      0.000      0.000      0.000      0.000      0.000      0.000      0.000      0.000      0.000      0.000      0.000      0.000      0.000      0.000      0.000      0.000      0.000      0.000      0.000      0.000      0.000      0.000      0.000      0.000      0.000      0.000      0.000      0.000      0.000      0.000      0.000      0.000      0.000      0.000      0.000      0.000      0.000      0.000      0.000      0.000      0.000      0.000      0.000      0.000      0.000      0.000      0.000      0.000      0.001
     0.010      0.001      0.000      0.000      0.000      0.000      0.000      0.000      0.000      0.000      0.000      0.000      0.000      0.000      0.000      0.000      0.000      0.000     -0.001      0.000      0.000      0.000      0.000      0.000      0.000      0.000      0.000      0.000      0.000      0.000      0.000      0.000      0.000      0.000      0.000      0.000      0.000      0.000      0.000      0.000      0.000      0.000      0.000      0.000      0.000      0.000      0.000      0.000      0.000      0.000      0.000      0.000      0.001      0.000      0.000      0.000      0.000      0.000
     0.035      0.021      0.007      0.000      0.000      0.000      0.000      0.000      0.000      0.000      0.000      0.000      0.000      0.000      0.000      0.000      0.000      0.000     -0.001      0.000      0.000      0.000      0.000      0.000      0.000      0.001      0.000     -0.002     -0.001      0.000      0.000     -0.001      0.000      0.000      0.000      0.000      0.000      0.000      0.000      0.000      0.000      0.000      0.000      0.000      0.000      0.000      0.000      0.000      0.000      0.000      0.000      0.000     -0.002      0.001      0.000      0.000      0.000     -0.003
    -0.002      0.008      0.012      0.003      0.000      0.000      0.000      0.000      0.000      0.000      0.000      0.000      0.000      0.000      0.000      0.000      0.000      0.000     -0.001      0.000      0.000      0.000      0.000      0.000      0.000      0.000      0.000      0.000      0.000      0.000      0.000     -0.001     -0.001      0.000      0.000      0.000      0.000      0.000      0.000      0.000      0.000      0.000      0.000      0.000      0.000      0.000      0.000      0.000      0.000      0.000      0.000      0.000      0.001      0.000      0.000      0.000      0.000     -0.001
    -0.008      0.008      0.023      0.034      0.004      0.000      0.000      0.000      0.000      0.000      0.000      0.000      0.000      0.000      0.000      0.000      0.000      0.000      0.000      0.000      0.000      0.000      0.000      0.000      0.000      0.001      0.000     -0.001      0.000      0.000      0.000      0.000      0.000      0.000      0.000      0.000      0.000      0.000      0.000      0.000      0.000      0.000      0.000      0.000      0.000      0.000      0.000      0.000      0.000      0.000      0.000      0.000      0.002      0.000      0.000      0.000      0.000      0.001
     0.026     -0.010      0.048      0.014      0.027      0.003      0.000      0.000      0.000      0.000      0.000      0.000      0.000      0.000      0.000      0.000      0.000      0.000      0.000      0.000      0.000      0.000      0.000      0.000      0.000      0.001      0.000     -0.001      0.000      0.000      0.000      0.000      0.000      0.000      0.000      0.000      0.000      0.000      0.000      0.000      0.000      0.000      0.000      0.000      0.000      0.000      0.000      0.000      0.000      0.000      0.000      0.000      0.000      0.000      0.000      0.000      0.000      0.005
     0.041      0.020      0.040      0.032      0.078      0.014      0.004      0.000      0.000      0.000      0.000      0.000      0.000      0.000      0.000      0.000      0.000      0.000      0.000      0.000      0.000      0.000      0.000      0.000      0.000      0.001      0.000     -0.002      0.000      0.000      0.000      0.000      0.001      0.000      0.000      0.000      0.000      0.000      0.001      0.000      0.000      0.000      0.000      0.000      0.000      0.000      0.000      0.000      0.000      0.000      0.000      0.000      0.001      0.000      0.000      0.000      0.000      0.001
    -0.020     -0.006      0.035      0.007      0.024      0.011      0.051      0.003      0.000      0.000      0.000      0.000      0.000      0.000      0.000      0.000      0.000      0.000      0.000      0.000      0.000      0.000      0.000      0.000      0.000      0.000      0.000     -0.001      0.000      0.000      0.000      0.000      0.000      0.000      0.000      0.000      0.000      0.000     -0.001      0.000      0.000      0.000      0.000      0.000      0.000      0.000      0.000      0.000      0.000      0.000      0.000      0.000      0.001      0.000      0.000      0.000      0.000     -0.005
     0.010      0.010      0.009      0.051     -0.014     -0.006      0.004      0.021      0.003      0.000      0.000      0.000      0.000      0.000      0.000      0.000      0.000      0.000      0.000      0.000      0.000      0.000      0.000      0.000      0.000      0.000      0.000      0.000      0.000      0.000      0.000      0.000      0.000      0.000      0.000      0.000      0.000      0.000      0.000      0.000      0.000      0.000      0.000      0.000      0.000      0.000      0.000      0.000      0.000      0.000      0.000      0.000     -0.001      0.000      0.000      0.000      0.000      0.003
     0.012      0.032     -0.008      0.006      0.017      0.010      0.022      0.012     -0.023      0.002      0.000      0.000      0.000      0.000      0.000      0.000      0.000      0.000      0.000      0.000      0.000      0.000      0.000      0.000      0.000      0.000      0.000      0.000      0.000      0.000      0.000      0.000      0.000      0.000      0.000      0.000      0.000      0.000      0.002      0.000      0.000      0.000      0.000      0.000      0.000      0.000      0.000      0.000      0.000      0.000      0.000      0.000      0.003      0.000      0.000      0.000      0.000     -0.006
     0.011     -0.004     -0.026      0.027      0.025     -0.004      0.022      0.003      0.019      0.024      0.003      0.000      0.000      0.000      0.000      0.000      0.000      0.000      0.000      0.000      0.000      0.000      0.000      0.000      0.000      0.000      0.000      0.000      0.000      0.001      0.000      0.000      0.000      0.000      0.000      0.000      0.000      0.000      0.000      0.000      0.000      0.000      0.000      0.000      0.000      0.000      0.000      0.000      0.000      0.000      0.000      0.000      0.000      0.000      0.000      0.000      0.000      0.003
    -0.005     -0.011      0.029      0.017      0.033      0.003      0.012      0.001      0.027      0.006      0.048      0.004      0.000      0.000      0.000      0.000      0.000      0.000      0.000      0.000      0.000      0.000      0.000      0.000      0.000      0.001      0.000      0.000      0.000      0.000      0.000      0.000      0.000      0.000      0.000      0.000      0.000      0.000      0.000      0.000      0.000      0.000      0.000      0.000      0.000      0.000      0.000      0.000      0.000      0.000      0.000      0.000     -0.001      0.000      0.000      0.000      0.000     -0.003
     0.009      0.019     -0.029      0.004      0.006     -0.027      0.018      0.009      0.004      0.031      0.016      0.017      0.003      0.000      0.000      0.000      0.000      0.000      0.000      0.000      0.000      0.000      0.000      0.000      0.000      0.000      0.000      0.000      0.000      0.000      0.000      0.000      0.000      0.000      0.000      0.000      0.000      0.000      0.000      0.000      0.000      0.000      0.000      0.000      0.000      0.000      0.000      0.000      0.000      0.000      0.000      0.000      0.000      0.000      0.000      0.000      0.000      0.006
     0.010     -0.015     -0.003      0.017     -0.021     -0.026      0.006      0.009     -0.009      0.004      0.008      0.027     -0.027      0.003      0.000      0.000      0.000      0.000      0.000      0.000      0.000      0.000      0.000      0.000      0.000      0.000      0.000      0.000      0.000      0.000      0.000      0.000      0.000      0.000      0.000      0.000      0.000      0.000      0.000      0.000      0.000      0.000      0.000      0.000      0.000      0.000      0.000      0.000      0.000      0.000      0.000      0.000      0.001      0.000      0.000      0.000      0.000     -0.001
     0.023     -0.002     -0.015      0.004      0.028      0.019     -0.031     -0.013     -0.026     -0.027      0.014     -0.010      0.029      0.009      0.002      0.000      0.000      0.000      0.000      0.000      0.000      0.000      0.000      0.000      0.000      0.000      0.000      0.000      0.000      0.000      0.000      0.000      0.000      0.000      0.000      0.000      0.000      0.000      0.000      0.000      0.000      0.000      0.000      0.000      0.000      0.000      0.000      0.000      0.000      0.000      0.000      0.000     -0.001      0.000      0.000      0.000      0.000     -0.003
    -0.009     -0.012      0.036      0.012      0.003      0.017     -0.014     -0.011     -0.005      0.001      0.009     -0.012     -0.022      0.002      0.010      0.004      0.000      0.000      0.001      0.000      0.000      0.000     -0.001      0.000      0.000      0.001      0.000     -0.001      0.000      0.000      0.000      0.000      0.000      0.000      0.000      0.000      0.000      0.000      0.000      0.000      0.000      0.000      0.000      0.000      0.000      0.000      0.000      0.000      0.000      0.000      0.000      0.000     -0.001      0.000      0.000      0.000      0.000      0.003
     0.021      0.033      0.010     -0.032      0.021      0.017     -0.014     -0.001     -0.007     -0.016      0.040      0.002      0.027     -0.021      0.019      0.001      0.003      0.000      0.000      0.000      0.000      0.000      0.000      0.000      0.000      0.000      0.000      0.000      0.000      0.000      0.000      0.000      0.000      0.000      0.000      0.000      0.000      0.000     -0.001      0.000      0.000      0.000      0.000      0.000      0.000      0.000      0.000      0.000      0.000      0.000      0.000      0.000     -0.001      0.000      0.000      0.000      0.000      0.003
    -0.010      0.011      0.013      0.014     -0.007      0.011      0.039      0.010      0.009      0.002     -0.012      0.001      0.014     -0.024     -0.018      0.017      0.021      0.003      0.000      0.000      0.000      0.000      0.000      0.000      0.000      0.000      0.000     -0.001      0.000      0.000      0.000      0.000      0.000      0.000      0.000      0.000      0.000      0.000      0.000      0.000      0.000      0.000      0.000      0.000      0.000      0.000      0.000      0.000      0.000      0.000      0.000      0.000     -0.001      0.000      0.000      0.000      0.000      0.000
    -0.052     -0.082     -0.073     -0.099     -0.019     -0.029     -0.018     -0.024     -0.032     -0.033     -0.023     -0.018      0.008     -0.004     -0.016      0.048      0.004      0.033      0.047     -0.003      0.000      0.006     -0.007      0.005      0.000      0.022      0.002     -0.020     -0.008      0.000     -0.001      0.001      0.002      0.000     -0.001      0.000     -0.001      0.000      0.000      0.000      0.002      0.000      0.000      0.000      0.001      0.000      0.000      0.000      0.000      0.000      0.000      0.001      0.004     -0.001      0.000      0.000      0.000      0.007
    -0.023     -0.018     -0.014      0.013     -0.043     -0.015     -0.031      0.014     -0.034     -0.020      0.013     -0.006      0.000      0.018      0.018     -0.020      0.038     -0.001     -0.271      0.002      0.000     -0.001      0.000     -0.001      0.000     -0.007      0.000      0.004      0.001      0.000      0.000      0.000      0.000      0.000      0.000      0.000      0.000      0.000      0.000      0.000      0.000      0.000      0.000      0.000      0.000      0.000      0.000      0.000      0.000      0.000      0.000      0.000     -0.001      0.000      0.000      0.000      0.000      0.001
     0.072      0.074      0.143      0.069      0.109      0.076      0.065      0.044      0.067      0.032      0.011      0.014     -0.008      0.004     -0.008     -0.010     -0.061      0.002     -0.288     -0.532      0.000      0.000      0.000      0.000      0.000      0.000      0.000      0.000      0.000      0.000      0.000      0.000      0.000      0.000      0.000      0.000      0.000      0.000      0.000      0.000      0.000      0.000      0.000      0.000      0.000      0.000      0.000      0.000      0.000      0.000      0.000      0.000      0.000      0.000      0.000      0.000      0.000      0.000
     0.050      0.016      0.080     -0.004      0.086      0.040      0.072      0.068      0.004      0.020      0.032      0.041      0.044      0.041      0.005      0.021      0.013      0.017      0.395     -0.154      0.078      0.005      0.002      0.001      0.001      0.003      0.000     -0.004     -0.003      0.000      0.000      0.001      0.000      0.000      0.000      0.000      0.000      0.000      0.000      0.000      0.001      0.000      0.000      0.000      0.000      0.000      0.000      0.000      0.000      0.000      0.000      0.000      0.000      0.000      0.000     -0.001      0.000      0.001
     0.025      0.017     -0.037     -0.010     -0.017     -0.039     -0.022     -0.017      0.000      0.019     -0.005     -0.009      0.008     -0.026     -0.001     -0.058     -0.003     -0.061     -0.228      0.009     -0.005      0.222      0.018      0.001     -0.001     -0.007     -0.001      0.009      0.001      0.000      0.000      0.001      0.000      0.000      0.000      0.000      0.000      0.000     -0.001      0.000      0.001      0.000      0.000      0.000      0.000      0.000      0.000      0.000      0.000      0.000      0.000     -0.001     -0.004      0.000      0.000     -0.001      0.000     -0.012
     0.009     -0.002      0.028     -0.043      0.057     -0.017      0.034      0.015      0.041      0.021      0.018      0.008      0.008      0.001     -0.004      0.040      0.021      0.021      0.341     -0.175      0.009      0.119      0.094      0.005      0.000      0.006     -0.001     -0.006     -0.001      0.000      0.001      0.000      0.000      0.000      0.000      0.000      0.000      0.000      0.000      0.000      0.000      0.000      0.000      0.001      0.000      0.000      0.000      0.000      0.000      0.000      0.000      0.000      0.001      0.000      0.000      0.000      0.000      0.006
     0.041      0.062      0.124      0.068      0.069      0.065      0.064      0.050      0.061      0.041      0.047      0.061      0.022      0.057      0.030      0.006      0.010      0.022      0.002     -0.117      0.185      0.418     -0.180     -0.101      0.001     -0.001      0.000     -0.001     -0.001      0.000      0.000      0.000      0.000      0.000      0.000      0.000      0.000      0.000      0.000      0.000      0.000      0.000      0.000      0.000      0.000      0.000      0.000      0.000      0.000      0.000      0.000      0.000      0.001      0.000      0.000      0.000      0.000      0.000
    -0.003     -0.025      0.032     -0.010      0.035      0.034      0.034      0.006     -0.011      0.010     -0.009      0.026      0.020      0.007     -0.020      0.035      0.025      0.019      0.294     -0.411      0.026      0.108     -0.152      0.260     -0.121      0.118     -0.002     -0.027     -0.003      0.000     -0.001     -0.002     -0.001      0.000      0.000      0.000      0.000      0.000     -0.002     -0.001      0.006      0.000      0.001      0.002      0.000     -0.001      0.000      0.000      0.000      0.000      0.000     -0.001      0.006      0.001      0.000      0.000     -0.001      0.047
    -0.037     -0.039     -0.043     -0.008     -0.084     -0.015     -0.068     -0.014     -0.048     -0.004     -0.005      0.008     -0.005      0.017      0.016     -0.016     -0.022     -0.003      0.151      0.115     -0.209     -0.034     -0.161     -0.364      0.043     -0.103      0.003      0.003     -0.001      0.000      0.000      0.000      0.000      0.000      0.000      0.000      0.000      0.000      0.000      0.000     -0.001      0.000      0.000      0.000      0.000      0.000      0.000      0.000      0.000      0.000      0.000      0.000      0.001      0.000      0.000      0.000      0.000     -0.004
     0.001      0.009     -0.098     -0.035     -0.086     -0.065     -0.103     -0.048     -0.024      0.000     -0.010     -0.009     -0.025     -0.031      0.023     -0.069      0.000     -0.060     -0.389      0.306     -0.281     -0.212      0.279     -0.336     -0.115     -0.325      0.194      0.056      0.004      0.000      0.000     -0.001     -0.001     -0.001     -0.001      0.000      0.000      0.000     -0.001      0.000     -0.003      0.000      0.000     -0.001      0.001      0.000      0.001      0.000      0.000      0.000      0.000      0.000     -0.002      0.001      0.000      0.001      0.000     -0.005
    -0.047     -0.026     -0.106     -0.001     -0.098     -0.069     -0.059     -0.064     -0.041     -0.044     -0.042     -0.038     -0.027     -0.041     -0.021     -0.055      0.004     -0.050     -0.558      0.341     -0.258     -0.585      0.164     -0.265     -0.561     -0.122     -0.147      0.281      0.004      0.000      0.000     -0.001     -0.001      0.000      0.000      0.000      0.000      0.000     -0.001      0.000     -0.001      0.000      0.000      0.000      0.000      0.000      0.000      0.000      0.000      0.000      0.000      0.000     -0.002      0.000      0.000      0.000      0.000     -0.001
     0.068      0.017     -0.001      0.008     -0.001     -0.006     -0.031      0.002     -0.005     -0.003      0.053     -0.005     -0.021     -0.010      0.016     -0.012     -0.016     -0.003      0.011     -0.015      0.003      0.032      0.018      0.003      0.000      0.005     -0.012      0.006     -0.003      0.035      0.000      0.000      0.002      0.000      0.001      0.000      0.000      0.000      0.000      0.000      0.001      0.000      0.000      0.000      0.001      0.000      0.000      0.000      0.000      0.000      0.000      0.001      0.008     -0.001      0.000      0.001      0.000      0.017
    -0.007      0.003     -0.021     -0.009     -0.016     -0.018      0.022     -0.018      0.008     -0.005     -0.022     -0.012      0.027      0.016      0.000     -0.021     -0.026     -0.009     -0.020      0.011     -0.008     -0.020     -0.006      0.033     -0.003     -0.009     -0.010      0.009      0.020      0.003      0.056      0.002      0.001      0.000     -0.001      0.001      0.000      0.000      0.003      0.001     -0.001     -0.001      0.000      0.000      0.000      0.000      0.000      0.000      0.001      0.000      0.000      0.002      0.006     -0.002      0.000     -0.001      0.000      0.022
     0.014     -0.017     -0.029     -0.061     -0.010     -0.004      0.011     -0.019     -0.020     -0.018     -0.016      0.004     -0.009      0.025      0.002      0.016     -0.031      0.030      0.018     -0.009      0.029      0.061      0.016      0.004      0.048     -0.023     -0.029     -0.016     -0.045      0.010      0.040      0.057      0.001      0.001      0.000      0.000      0.000      0.000      0.002      0.001      0.002      0.000      0.000      0.001      0.000      0.001      0.000      0.000      0.001     -0.001      0.000      0.002      0.028      0.000      0.000     -0.003      0.000      0.020
    -0.003     -0.010     -0.008     -0.054      0.012      0.020      0.052      0.025      0.008      0.021      0.023      0.032      0.000      0.020      0.008      0.018     -0.005      0.028      0.043      0.003     -0.022      0.015     -0.008      0.008      0.014     -0.012      0.005     -0.018     -0.044      0.044      0.012      0.015      0.046      0.000      0.001      0.000      0.001      0.000      0.001      0.000      0.000      0.000      0.000      0.000      0.000      0.000      0.000      0.000      0.001      0.000      0.000      0.001      0.011      0.000      0.000     -0.002     -0.001      0.015
     0.015      0.019      0.014      0.003      0.013     -0.004     -0.010     -0.004      0.034     -0.001     -0.018     -0.005      0.008      0.000     -0.007     -0.009      0.020      0.028      0.005      0.005      0.037      0.045     -0.011     -0.001      0.025     -0.006     -0.001     -0.023     -0.036      0.013      0.003      0.030      0.012      0.019      0.001      0.000      0.000      0.000      0.000      0.000      0.000      0.000      0.000      0.000      0.000      0.000      0.000      0.000      0.000      0.000      0.000      0.001      0.012      0.000      0.000      0.000      0.000     -0.009
     0.021     -0.024      0.000     -0.002      0.009     -0.052      0.038      0.015     -0.004      0.007      0.007     -0.013     -0.013     -0.025      0.018      0.002      0.013      0.026     -0.031      0.005      0.003     -0.042     -0.015     -0.016     -0.024      0.012     -0.034     -0.027      0.047      0.024     -0.028      0.008      0.047      0.041      0.013      0.000      0.000      0.000      0.000      0.000      0.001      0.000      0.000      0.000      0.000      0.000      0.000      0.000      0.000      0.000      0.000      0.000      0.004      0.001      0.000      0.000      0.000     -0.003
    -0.008     -0.008      0.008     -0.017     -0.043     -0.017     -0.023      0.015      0.026      0.000     -0.018      0.019     -0.010     -0.001     -0.015      0.034     -0.004      0.001      0.006     -0.002      0.003     -0.007      0.003     -0.009     -0.013     -0.003      0.016     -0.006      0.006      0.002      0.027      0.014     -0.007     -0.022      0.000      0.010      0.000      0.000      0.000      0.000      0.000      0.000      0.000      0.000      0.000      0.000     -0.001      0.000      0.000      0.000      0.000      0.000      0.002      0.000      0.000     -0.001      0.000     -0.007
     0.002      0.010      0.021      0.033     -0.023     -0.005      0.013     -0.052      0.026      0.009      0.016      0.030      0.015     -0.005      0.000      0.023     -0.002     -0.012     -0.026     -0.001      0.018     -0.024     -0.020     -0.018      0.019     -0.009     -0.001     -0.015      0.022      0.020     -0.004      0.018      0.034     -0.003      0.008      0.004      0.011      0.000     -0.001      0.000      0.000      0.000      0.000      0.000      0.000      0.000      0.000      0.000      0.000      0.000      0.000      0.000      0.003      0.000      0.000      0.000      0.000      0.010
     0.004     -0.007     -0.004     -0.008      0.016     -0.004     -0.033     -0.017     -0.020      0.018     -0.002     -0.014     -0.015      0.025     -0.003     -0.001      0.025     -0.009      0.016      0.002     -0.030     -0.003      0.004      0.005     -0.021      0.002      0.052      0.001      0.004      0.009     -0.009      0.002     -0.010      0.013      0.027      0.016     -0.007      0.007      0.001      0.000      0.000      0.000      0.000      0.000      0.000      0.000      0.000      0.000      0.000      0.000      0.000      0.000      0.002      0.000      0.000      0.000      0.000      0.003
    -0.022      0.034     -0.002      0.026     -0.021     -0.019      0.037     -0.046      0.008      0.102      0.017      0.019     -0.005      0.012      0.003     -0.013     -0.037      0.021      0.001     -0.005      0.015      0.002     -0.020      0.002      0.004     -0.013      0.011     -0.013     -0.024      0.003      0.031      0.020      0.018      0.007      0.000      0.007     -0.033      0.030      0.117      0.001      0.002      0.000     -0.001      0.002      0.000      0.001      0.001      0.000      0.001      0.000      0.000     -0.002      0.003     -0.003      0.000      0.001      0.001      0.024
     0.011      0.000      0.021      0.022     -0.014      0.023      0.000     -0.005      0.019     -0.002      0.001      0.001     -0.023      0.022      0.015     -0.024      0.019      0.027     -0.012      0.017      0.005     -0.004      0.012     -0.002     -0.012     -0.017      0.015      0.011      0.001      0.018      0.020      0.023     -0.002      0.025      0.023      0.033      0.006      0.019      0.032      0.013      0.001      0.000      0.000      0.000      0.000      0.000      0.000      0.000      0.000      0.000      0.000      0.000      0.003     -0.001      0.000      0.000      0.000     -0.005
     0.018      0.016      0.004      0.007     -0.001      0.012      0.008     -0.017      0.017      0.015      0.004     -0.006      0.007      0.022     -0.022     -0.012      0.026     -0.023      0.038     -0.018      0.007      0.077      0.021      0.021      0.012      0.068     -0.037     -0.054     -0.035      0.017     -0.010      0.032     -0.009      0.006      0.024     -0.007     -0.003      0.021      0.023      0.020      0.064      0.000      0.000      0.000      0.000      0.000      0.000      0.000      0.001      0.000      0.000     -0.001      0.008     -0.002      0.000     -0.001     -0.001     -0.014
     0.006      0.013      0.008      0.003      0.009     -0.007     -0.010      0.008      0.015      0.010      0.019      0.000      0.025      0.002     -0.031      0.001     -0.020     -0.004     -0.010      0.040     -0.013     -0.007      0.019      0.015     -0.035      0.004     -0.022     -0.019      0.019      0.012     -0.028      0.007      0.023      0.014      0.028     -0.024      0.001      0.019      0.015      0.006      0.008      0.007      0.000      0.000      0.000      0.000      0.000      0.000      0.000      0.000      0.000      0.000      0.003      0.000      0.000      0.000      0.000      0.001
    -0.002     -0.030      0.045      0.023      0.002      0.023     -0.020     -0.028      0.028      0.009      0.000     -0.002     -0.026     -0.002      0.016      0.012      0.050      0.001      0.031      0.005     -0.011      0.026     -0.010      0.014     -0.021      0.038     -0.011      0.002     -0.011      0.027     -0.014      0.001     -0.025      0.007     -0.013      0.024     -0.027      0.013     -0.023      0.002     -0.010     -0.005      0.005      0.000      0.000      0.000      0.000      0.000      0.000      0.000      0.000      0.000     -0.002      0.000      0.000      0.000      0.000      0.005
    -0.002      0.016      0.013      0.012      0.011      0.001      0.026     -0.018      0.000      0.014      0.004     -0.007      0.006      0.026     -0.029     -0.032      0.013     -0.023     -0.009     -0.029      0.007     -0.012     -0.013      0.038      0.016      0.029     -0.020     -0.027     -0.001      0.006      0.003      0.022     -0.011      0.001      0.014     -0.002     -0.005      0.012      0.024      0.020      0.000      0.007     -0.013      0.040      0.000     -0.001      0.000     -0.001      0.000      0.000      0.000     -0.002      0.001      0.001      0.000     -0.001     -0.001      0.014
    -0.002      0.027     -0.019     -0.006     -0.009      0.010     -0.015      0.019     -0.020     -0.012      0.014      0.008      0.000     -0.001      0.014      0.019     -0.014     -0.010      0.024      0.009     -0.024     -0.015      0.025      0.006     -0.032     -0.008      0.025      0.025     -0.006      0.039     -0.020     -0.015      0.008     -0.003      0.022      0.003     -0.005     -0.001      0.000     -0.016      0.011      0.012      0.003      0.002      0.010      0.000      0.000      0.000      0.000      0.000      0.000      0.000      0.000      0.000      0.000      0.000      0.000      0.002
     0.019     -0.014     -0.008      0.003     -0.002     -0.028     -0.025     -0.016     -0.012      0.016     -0.009     -0.050     -0.013     -0.012      0.007     -0.003      0.005     -0.002     -0.009      0.023     -0.003     -0.033     -0.038      0.026      0.007     -0.030     -0.019     -0.021      0.013      0.013     -0.001      0.031     -0.015      0.012      0.039      0.014      0.006     -0.005      0.031      0.032      0.003     -0.007      0.002     -0.032     -0.009      0.008      0.000      0.000      0.000      0.000      0.000      0.000      0.000      0.000      0.000      0.000      0.000      0.003
     0.002      0.002      0.027     -0.013      0.020      0.001     -0.010      0.004      0.014     -0.015      0.001      0.001     -0.005     -0.023     -0.006     -0.011     -0.002      0.006     -0.006      0.021     -0.027      0.005     -0.002     -0.015      0.015     -0.001      0.013      0.035     -0.009     -0.010      0.011      0.018      0.013      0.023      0.029     -0.062      0.016     -0.027      0.018     -0.035      0.008     -0.008      0.029     -0.016      0.016      0.054      0.009     -0.001      0.000      0.000      0.000      0.000     -0.003      0.001      0.000      0.000      0.000      0.011
     0.003      0.015     -0.042      0.007      0.012     -0.015     -0.025      0.002     -0.037     -0.014      0.013     -0.059      0.005      0.016     -0.003     -0.029      0.007     -0.017      0.021      0.003      0.000      0.002     -0.009      0.006      0.021      0.000      0.008      0.018     -0.032     -0.001     -0.003      0.011     -0.004     -0.035     -0.010     -0.048      0.009     -0.010      0.003      0.003      0.010     -0.018     -0.019     -0.043     -0.002     -0.070     -0.071      0.006      0.000     -0.001      0.000      0.002      0.011     -0.002      0.000     -0.001      0.001     -0.029
    -0.018      0.005      0.008     -0.006     -0.005     -0.003     -0.001     -0.014      0.024      0.039     -0.013      0.015     -0.026      0.028      0.012      0.018      0.009      0.000      0.021      0.014     -0.016      0.006     -0.011      0.006      0.019     -0.018      0.017     -0.008     -0.030      0.083      0.107      0.163      0.183      0.088      0.069      0.082      0.032      0.034      0.067      0.077      0.083      0.048     -0.006      0.010      0.040      0.029      0.004     -0.101      0.001      0.000      0.000      0.001      0.005      0.000      0.000      0.000      0.000     -0.022
    -0.005     -0.019      0.023      0.015      0.018      0.024      0.039     -0.011     -0.002     -0.003     -0.009      0.052      0.001     -0.029     -0.005      0.000      0.021      0.022      0.000     -0.013      0.010      0.006      0.026     -0.009     -0.034      0.010     -0.005      0.009      0.021     -0.012     -0.044     -0.090     -0.074     -0.020     -0.047     -0.010     -0.022     -0.007     -0.009     -0.013     -0.027     -0.014      0.011      0.005     -0.023      0.017     -0.005     -0.558     -0.183      0.001      0.000     -0.001     -0.002      0.000      0.000      0.000     -0.001      0.009
     0.001      0.021     -0.021     -0.010     -0.023     -0.027     -0.039      0.013      0.015     -0.016      0.001     -0.057     -0.009      0.029      0.008      0.000     -0.023     -0.017      0.007      0.002     -0.008      0.007     -0.010      0.018      0.027     -0.005     -0.003     -0.025     -0.026     -0.003      0.037      0.068      0.052      0.017      0.035      0.002     -0.003      0.006     -0.014      0.002      0.032      0.011     -0.019     -0.008      0.011     -0.017      0.008      0.394      0.151     -0.907      0.000      0.000      0.000      0.000      0.000      0.000      0.000     -0.002
     0.030      0.017     -0.042     -0.045     -0.052      0.022     -0.026     -0.008      0.004     -0.027     -0.018     -0.021     -0.004     -0.011      0.015     -0.004      0.005     -0.023      0.035      0.000     -0.006     -0.012     -0.077     -0.027      0.012     -0.023      0.025     -0.013     -0.015      0.044      0.053      0.074      0.035      0.034     -0.006      0.010     -0.012     -0.029     -0.040     -0.011     -0.024     -0.015     -0.011     -0.088      0.002      0.011     -0.004      0.193      0.197     -0.215      0.183      0.018      0.003     -0.009      0.000      0.004      0.001      0.027
     0.001      0.031     -0.025      0.016      0.028     -0.005      0.009      0.021     -0.018      0.069     -0.004     -0.014      0.005      0.012     -0.012     -0.015     -0.014     -0.015      0.019     -0.012      0.002     -0.005     -0.031      0.015      0.023      0.019      0.019     -0.008     -0.029      0.046      0.029      0.130      0.058      0.102      0.042      0.024      0.032      0.027      0.011      0.027      0.036      0.036     -0.028      0.004     -0.005     -0.003     -0.038      0.165      0.219     -0.117      0.075      0.027      0.781     -0.002      0.000     -0.007      0.000     -0.358
     0.002     -0.018      0.061      0.015      0.017     -0.007      0.004      0.032      0.002      0.025     -0.009      0.039      0.005      0.022     -0.014      0.040     -0.047      0.020     -0.025     -0.005      0.001      0.001     -0.001      0.007      0.007      0.014     -0.018      0.016      0.022     -0.040     -0.048     -0.007     -0.012     -0.006      0.051      0.013     -0.007     -0.012     -0.052     -0.034     -0.036      0.028      0.011      0.022      0.023      0.016      0.038     -0.170     -0.068     -0.062     -0.014     -0.407     -0.012      0.028      0.000      0.000     -0.002     -0.022
    -0.007     -0.001     -0.038     -0.041     -0.003     -0.004     -0.017     -0.021     -0.005      0.014      0.001     -0.041      0.025     -0.012     -0.002     -0.018      0.042     -0.008     -0.017      0.015      0.012     -0.016      0.000      0.002      0.024     -0.016      0.001      0.018     -0.011      0.025      0.077      0.058      0.074     -0.003      0.007      0.007      0.050      0.019      0.036      0.050      0.044     -0.013     -0.024      0.029     -0.019     -0.048     -0.046      0.418      0.125     -0.394      0.246      0.043      0.084     -0.334      0.000      0.000      0.000      0.000
    -0.021      0.003     -0.010     -0.043      0.012      0.001     -0.017     -0.005      0.011     -0.030     -0.018      0.000      0.019     -0.038     -0.001     -0.020      0.032     -0.004     -0.006      0.002     -0.011     -0.037     -0.026     -0.004     -0.024      0.007     -0.014      0.032      0.027      0.025     -0.016     -0.069     -0.058     -0.015     -0.006     -0.033     -0.014     -0.003      0.022     -0.014     -0.029     -0.014     -0.015     -0.037     -0.021      0.002     -0.015     -0.070     -0.088      0.025     -0.014      0.170     -0.039      0.010      0.022      0.037      0.000      0.041
     0.024     -0.013     -0.009     -0.006     -0.017     -0.011     -0.018     -0.018      0.002     -0.002      0.012     -0.021     -0.010      0.014      0.030     -0.016     -0.001     -0.001      0.011      0.017     -0.030     -0.006     -0.005      0.000      0.021     -0.035      0.052      0.013     -0.019      0.003      0.016     -0.009     -0.031      0.023      0.018     -0.004      0.051     -0.013      0.019     -0.005     -0.035      0.009      0.004     -0.037      0.007      0.021      0.039      0.115     -0.209     -0.282      0.235      0.064      0.002     -0.109      0.049      0.008      0.008     -0.033
     0.016      0.002     -0.013     -0.008      0.004      0.030      0.006     -0.030      0.019     -0.041      0.017     -0.018      0.037     -0.006     -0.022      0.018      0.021      0.001      0.011      0.005      0.005      0.004     -0.032      0.031      0.001      0.048     -0.024     -0.007     -0.007      0.031      0.033      0.030      0.024     -0.024     -0.009     -0.023      0.031      0.013      0.024     -0.014     -0.019      0.006      0.025      0.025      0.006      0.012      0.042     -0.130     -0.312      0.139     -0.111      0.070     -0.141     -0.046      0.001      0.075     -0.128      8.224

Derivative matrix of expected statistics X by parameters and
covariance/correlation matrix of X can be found using
summary(ans) within R, or by using the 'verbose' option in Siena07.
 
Total computation time 673.84 seconds.
