

-----------------------------------
New Analysis started.
Date and time: 21/09/2026 14:57:25
New results follow.
-----------------------------------

RSiena version 1.3.10 (28 Apr 22)


@1
Estimation by stochastic approximation algorithm.
=================================================

Current random number seed is 2009401.
Effects object used: bound$effects 
Model Type:
 Initiative model
Behavioral Model Type:
 Standard behavior actor-oriented model ('restrict')
Estimation method: unconditional moment estimation
.

Time duration for simulations in each period is 1.0.
Changing composition.
Joiners/leavers option: 1
Standard errors are estimated with the likelihood ratio method.
Dolby method (regression on scores) is used.
Initial value of gain parameter is  0.2000000.
Reduction factor for gain parameter is  0.5000000.
Number of subphases in Phase 2 is 0.

Initial parameter values are 
  1. rate:  constant dv.net rate (period 1)                 0.0472
  2. rate:  constant dv.net rate (period 2)                 0.1389
  3. rate:  constant dv.net rate (period 3)                 0.4314
  4. rate:  constant dv.net rate (period 4)                 0.3485
  5. rate:  constant dv.net rate (period 5)                 0.3233
  6. rate:  constant dv.net rate (period 6)                 0.3194
  7. rate:  constant dv.net rate (period 7)                 0.3979
  8. rate:  constant dv.net rate (period 8)                 0.3093
  9. rate:  constant dv.net rate (period 9)                 0.3269
 10. rate:  constant dv.net rate (period 10)                0.2749
 11. rate:  constant dv.net rate (period 11)                0.3220
 12. rate:  constant dv.net rate (period 12)                0.4463
 13. rate:  constant dv.net rate (period 13)                0.3536
 14. rate:  constant dv.net rate (period 14)                0.3234
 15. rate:  constant dv.net rate (period 15)                0.2895
 16. rate:  constant dv.net rate (period 16)                0.5157
 17. rate:  constant dv.net rate (period 17)                0.3412
 18. rate:  constant dv.net rate (period 18)                0.3965
 19. eval:  degree (density)                               -5.5318
 20. eval:  transitive triads                               0.1572
 21. eval:  degree act+pop                                  0.0572
 22. eval:  nets.lndistance_d                              -0.8546
 23. eval:  nets.ATOP_d                                     1.0961
 24. eval:  nets.absidealdiff_d                            -0.6046
 25. eval:  nets.lntrade_d                                  0.0714
 26. eval:  nets.NATO_d                                    -3.3720
 27. eval:  milex.beh alter                                -0.0567
 28. eval:  beh.democracy_1 alter                           1.4529
 29. eval:  beh.lncinc_1 alter                              0.7970
 30. rate:  rate milex.beh (period 1)                       0.9319
 31. rate:  rate milex.beh (period 2)                       1.3030
 32. rate:  rate milex.beh (period 3)                       1.3565
 33. rate:  rate milex.beh (period 4)                       1.1874
 34. rate:  rate milex.beh (period 5)                       0.6937
 35. rate:  rate milex.beh (period 6)                       0.5667
 36. rate:  rate milex.beh (period 7)                       0.4755
 37. rate:  rate milex.beh (period 8)                       0.5216
 38. rate:  rate milex.beh (period 9)                       0.3751
 39. rate:  rate milex.beh (period 10)                      1.7195
 40. rate:  rate milex.beh (period 11)                      0.5863
 41. rate:  rate milex.beh (period 12)                      1.3256
 42. rate:  rate milex.beh (period 13)                      0.3229
 43. rate:  rate milex.beh (period 14)                      0.2974
 44. rate:  rate milex.beh (period 15)                      1.0852
 45. rate:  rate milex.beh (period 16)                      0.4083
 46. rate:  rate milex.beh (period 17)                      0.3554
 47. rate:  rate milex.beh (period 18)                      0.4065
 48. eval:  milex.beh linear shape                         -1.1722
 49. eval:  milex.beh quadratic shape                      -0.0274
 50. eval:  milex.beh degree                                0.0893
 51. eval:  milex.beh dense triads                         -0.0208
 52. eval:  milex.beh: effect from beh.democracy_1         -0.4483
 53. eval:  milex.beh: effect from beh.GDPgrowth_1         -2.2277
 54. eval:  milex.beh: effect from beh.nato_1               0.8732
 55. eval:  milex.beh: effect from beh.allies_1            -0.0110
 56. eval:  milex.beh: effect from beh.military_1           0.2596
 57. eval:  milex.beh: effect from beh.lnmids_1             0.1351
 58. eval:  milex.beh: effect from beh.milexSpLag_1         7.1303


Observed values of target statistics are
  1. Amount of network change in period 1                                10.0000
  2. Amount of network change in period 2                                34.0000
  3. Amount of network change in period 3                                86.0000
  4. Amount of network change in period 4                                94.0000
  5. Amount of network change in period 5                                76.0000
  6. Amount of network change in period 6                                76.0000
  7. Amount of network change in period 7                                94.0000
  8. Amount of network change in period 8                                78.0000
  9. Amount of network change in period 9                                84.0000
 10. Amount of network change in period 10                               72.0000
 11. Amount of network change in period 11                               84.0000
 12. Amount of network change in period 12                              114.0000
 13. Amount of network change in period 13                               94.0000
 14. Amount of network change in period 14                               88.0000
 15. Amount of network change in period 15                               80.0000
 16. Amount of network change in period 16                              138.0000
 17. Amount of network change in period 17                               96.0000
 18. Amount of network change in period 18                              112.0000
 19. Number of edges                                                   5257.0000
 20. Number of transitive triads                                       7339.0000
 21. Sum of squared degrees                                            333172.0000
 22. Sum of ties x nets.lndistance_d                                   -10629.6066
 23. Sum of ties x nets.ATOP_d                                         5960.4379
 24. Sum of ties x nets.absidealdiff_d                                 -2858.5692
 25. Sum of ties x nets.lntrade_d                                      37643.5933
 26. Sum of ties x nets.NATO_d                                         1247.4871
 27. Sum of degrees x milex.beh                                        -136.5119
 28. Sum of degrees x beh.democracy_1                                  2911.8786
 29. Sum of degrees x beh.lncinc_1                                     13015.0208
 30. Amount of behavioral change in period 1 on milex.beh                41.0000
 31. Amount of behavioral change in period 2 on milex.beh                50.0000
 32. Amount of behavioral change in period 3 on milex.beh                57.0000
 33. Amount of behavioral change in period 4 on milex.beh                52.0000
 34. Amount of behavioral change in period 5 on milex.beh                37.0000
 35. Amount of behavioral change in period 6 on milex.beh                32.0000
 36. Amount of behavioral change in period 7 on milex.beh                28.0000
 37. Amount of behavioral change in period 8 on milex.beh                31.0000
 38. Amount of behavioral change in period 9 on milex.beh                24.0000
 39. Amount of behavioral change in period 10 on milex.beh               71.0000
 40. Amount of behavioral change in period 11 on milex.beh               34.0000
 41. Amount of behavioral change in period 12 on milex.beh               55.0000
 42. Amount of behavioral change in period 13 on milex.beh               18.0000
 43. Amount of behavioral change in period 14 on milex.beh               17.0000
 44. Amount of behavioral change in period 15 on milex.beh               48.0000
 45. Amount of behavioral change in period 16 on milex.beh               20.0000
 46. Amount of behavioral change in period 17 on milex.beh               18.0000
 47. Amount of behavioral change in period 18 on milex.beh               21.0000
 48. milex.beh centered sum                                             -69.2728
 49. milex.beh sum of cent. squares                                    5872.2362
 50. milex.beh outdegrees                                              -140.2801
 51. milex.beh dense triads                                            -2487.5508
 52. milex.beh x beh.democracy_1                                       -379.2596
 53. milex.beh x beh.GDPgrowth_1                                         -0.6794
 54. milex.beh x beh.nato_1                                              58.7026
 55. milex.beh x beh.allies_1                                          -4906.7851
 56. milex.beh x beh.military_1                                         125.8892
 57. milex.beh x beh.lnmids_1                                           583.7664
 58. milex.beh x beh.milexSpLag_1                                        23.9632

 58 parameters, 58 statistics

Number of subphases is specified as 0.
Therefore the estimation phase is skipped
 and the program passes on immediately to phase 3
 for checking the current parameter values and calculating standard errors.
Estimation of derivatives by the LR method (type 1).


@2
End of stochastic approximation algorithm, phase 3.
---------------------------------------------------

Total of 3000 iterations.
Parameter estimates based on 0 iterations,
convergence diagnostics, covariance and derivative matrices based on 3000 iterations.

Information for convergence diagnosis.
Averages, standard deviations, and t-ratios for deviations from targets:
  1.  -0.0593    4.3213  -0.0137 
  2.  -0.1807    8.1783  -0.0221 
  3.  -0.1867   12.2490  -0.0152 
  4.   0.6540   14.0740   0.0465 
  5.  -0.2640   11.5707  -0.0228 
  6.  -0.2047   11.7293  -0.0174 
  7.  -0.4813   12.9816  -0.0371 
  8.  -0.1247   11.7981  -0.0106 
  9.   0.0273   12.5486   0.0022 
 10.   0.0967   11.4360   0.0085 
 11.  -0.2600   12.6498  -0.0206 
 12.  -0.1320   14.3637  -0.0092 
 13.   0.0233   13.1419   0.0018 
 14.   0.2027   12.9112   0.0157 
 15.   0.3293   12.3453   0.0267 
 16.  -0.5433   16.1594  -0.0336 
 17.  -0.3327   13.4225  -0.0248 
 18.  -0.2353   14.8304  -0.0159 
 19.  -0.6797   27.9441  -0.0243 
 20.   0.2747   92.2556   0.0030 
 21. -69.7680 2867.9076  -0.0243 
 22.   1.3154   68.1971   0.0193 
 23.  -0.1445   34.0379  -0.0042 
 24.  -0.0322   46.6346  -0.0007 
 25.  -4.8645  207.7606  -0.0234 
 26.   0.1149   10.8915   0.0106 
 27.   0.1691   55.0261   0.0031 
 28.  -0.7514   19.9002  -0.0378 
 29.   0.1549   90.4654   0.0017 
 30.  -0.0800    5.6512  -0.0142 
 31.  -0.0510    6.0699  -0.0084 
 32.  -0.0413    6.5068  -0.0064 
 33.  -0.0527    6.4397  -0.0082 
 34.  -0.1253    5.5705  -0.0225 
 35.  -0.1643    5.0967  -0.0322 
 36.   0.0087    4.8691   0.0018 
 37.   0.0473    5.1029   0.0093 
 38.  -0.0677    4.5494  -0.0149 
 39.  -0.0143    6.9690  -0.0021 
 40.   0.0593    5.3342   0.0111 
 41.   0.1383    6.2598   0.0221 
 42.  -0.0827    4.0494  -0.0204 
 43.   0.0840    3.9469   0.0213 
 44.   0.2233    5.9713   0.0374 
 45.  -0.0697    4.1228  -0.0169 
 46.   0.1430    4.0121   0.0356 
 47.   0.1773    4.3336   0.0409 
 48.   0.6210   24.3204   0.0255 
 49.   1.9662   97.8542   0.0201 
 50.   0.9347  189.3202   0.0049 
 51.  -1.1240  510.1518  -0.0022 
 52.  -0.0139   12.4102  -0.0011 
 53.   0.0123    2.1845   0.0056 
 54.  -0.0485    9.6308  -0.0050 
 55.  -4.2158  480.0438  -0.0088 
 56.   0.0513    6.7225   0.0076 
 57.  -0.1958   15.7738  -0.0124 
 58.   0.0186    0.5182   0.0359 

Good convergence is indicated by the t-ratios being close to zero.

Overall maximum convergence ratio =  0.1547 .



@2
Estimation Results.
-------------------

Regular end of estimation algorithm.
Total of 3000 iteration steps.


@3
Estimates and standard errors
                             
Network Dynamics
 1. rate:  constant dv.net rate (period 1)                         0.0472  (   0.0216)
 2. rate:  constant dv.net rate (period 2)                         0.1389  (   0.0348)
 3. rate:  constant dv.net rate (period 3)                         0.4314  (   0.0802)
 4. rate:  constant dv.net rate (period 4)                         0.3485  (   0.0503)
 5. rate:  constant dv.net rate (period 5)                         0.3233  (   0.0598)
 6. rate:  constant dv.net rate (period 6)                         0.3194  (   0.0585)
 7. rate:  constant dv.net rate (period 7)                         0.3979  (   0.0672)
 8. rate:  constant dv.net rate (period 8)                         0.3093  (   0.0562)
 9. rate:  constant dv.net rate (period 9)                         0.3269  (   0.0538)
10. rate:  constant dv.net rate (period 10)                        0.2749  (   0.0497)
11. rate:  constant dv.net rate (period 11)                        0.3220  (   0.0519)
12. rate:  constant dv.net rate (period 12)                        0.4463  (   0.0665)
13. rate:  constant dv.net rate (period 13)                        0.3536  (   0.0560)
14. rate:  constant dv.net rate (period 14)                        0.3234  (   0.0518)
15. rate:  constant dv.net rate (period 15)                        0.2895  (   0.0476)
16. rate:  constant dv.net rate (period 16)                        0.5157  (   0.0664)
17. rate:  constant dv.net rate (period 17)                        0.3412  (   0.0522)
18. rate:  constant dv.net rate (period 18)                        0.3965  (   0.0553)
19. eval:  degree (density)                                       -5.5318  (   0.2204)
20. eval:  transitive triads                                       0.1572  (   0.0523)
21. eval:  degree act+pop                                          0.0572  (   0.0051)
22. eval:  nets.lndistance_d                                      -0.8546  (   0.0690)
23. eval:  nets.ATOP_d                                             1.0961  (   0.1362)
24. eval:  nets.absidealdiff_d                                    -0.6046  (   0.0698)
25. eval:  nets.lntrade_d                                          0.0714  (   0.0299)
26. eval:  nets.NATO_d                                            -3.3720  (   0.3606)
27. eval:  milex.beh alter                                        -0.0567  (   0.0580)
28. eval:  beh.democracy_1 alter                                   1.4529  (   0.2422)
29. eval:  beh.lncinc_1 alter                                      0.7970  (   0.0668)
Behavior Dynamics

30. rate:  rate milex.beh (period 1)                               0.9319  (   0.1783)
31. rate:  rate milex.beh (period 2)                               1.3030  (   0.2489)
32. rate:  rate milex.beh (period 3)                               1.3565  (   0.2434)
33. rate:  rate milex.beh (period 4)                               1.1874  (   0.2118)
34. rate:  rate milex.beh (period 5)                               0.6937  (   0.1338)
35. rate:  rate milex.beh (period 6)                               0.5667  (   0.1210)
36. rate:  rate milex.beh (period 7)                               0.4755  (   0.0971)
37. rate:  rate milex.beh (period 8)                               0.5216  (   0.1043)
38. rate:  rate milex.beh (period 9)                               0.3751  (   0.0804)
39. rate:  rate milex.beh (period 10)                              1.7195  (   0.3338)
40. rate:  rate milex.beh (period 11)                              0.5863  (   0.1144)
41. rate:  rate milex.beh (period 12)                              1.3256  (   0.2371)
42. rate:  rate milex.beh (period 13)                              0.3229  (   0.0805)
43. rate:  rate milex.beh (period 14)                              0.2974  (   0.0747)
44. rate:  rate milex.beh (period 15)                              1.0852  (   0.2057)
45. rate:  rate milex.beh (period 16)                              0.4083  (   0.1041)
46. rate:  rate milex.beh (period 17)                              0.3554  (   0.0882)
47. rate:  rate milex.beh (period 18)                              0.4065  (   0.0953)
48. eval:  milex.beh linear shape                                 -1.1722  (   0.0773)
49. eval:  milex.beh quadratic shape                              -0.0274  (   0.0237)
50. eval:  milex.beh degree                                        0.0893  (   0.0229)
51. eval:  milex.beh dense triads                                 -0.0208  (   0.0071)
52. eval:  milex.beh: effect from beh.democracy_1                 -0.4483  (   0.1348)
53. eval:  milex.beh: effect from beh.GDPgrowth_1                 -2.2277  (   0.8641)
54. eval:  milex.beh: effect from beh.nato_1                       0.8732  (   0.1664)
55. eval:  milex.beh: effect from beh.allies_1                    -0.0110  (   0.0035)
56. eval:  milex.beh: effect from beh.military_1                   0.2596  (   0.1876)
57. eval:  milex.beh: effect from beh.lnmids_1                     0.1351  (   0.0900)
58. eval:  milex.beh: effect from beh.milexSpLag_1                 7.1303  (   2.8212)


@3
Covariance matrices
                   
Covariance matrix of estimates (correlations below diagonal):
     0.000      0.000      0.000      0.000      0.000      0.000      0.000      0.000      0.000      0.000      0.000      0.000      0.000      0.000      0.000      0.000      0.000      0.000      0.000      0.000      0.000      0.000      0.000      0.000      0.000      0.000      0.000      0.000      0.000      0.000      0.000      0.000      0.000      0.000      0.000      0.000      0.000      0.000      0.000      0.000      0.000      0.000      0.000      0.000      0.000      0.000      0.000      0.000      0.000      0.000      0.000      0.000      0.000      0.000      0.000      0.000      0.000      0.001
     0.036      0.001      0.000      0.000      0.000      0.000      0.000      0.000      0.000      0.000      0.000      0.000      0.000      0.000      0.000      0.000      0.000      0.000     -0.001      0.000      0.000      0.000      0.000      0.000      0.000      0.000      0.000      0.000      0.000      0.000      0.001      0.000      0.000      0.000      0.000      0.000      0.000      0.000      0.000      0.000      0.000      0.000      0.000      0.000      0.000      0.000      0.000      0.000      0.000      0.000      0.000      0.000      0.000      0.000      0.000      0.000      0.000      0.001
     0.065     -0.002      0.006      0.000      0.000      0.000      0.000      0.000      0.000      0.000      0.000      0.000      0.000      0.000      0.000      0.000      0.000      0.000     -0.002      0.000      0.000      0.000      0.000      0.000      0.000      0.001      0.000     -0.001     -0.001      0.000      0.000      0.000      0.000      0.000      0.000      0.000      0.000      0.000      0.000      0.000      0.000      0.000      0.000      0.000      0.000      0.000      0.000      0.000      0.000      0.000      0.000      0.000     -0.001      0.000      0.000     -0.001      0.000      0.003
     0.048      0.059      0.030      0.003      0.000      0.000      0.000      0.000      0.000      0.000      0.000      0.000      0.000      0.000      0.000      0.000      0.000      0.000      0.000      0.000      0.000      0.000      0.000      0.000      0.000      0.001      0.000     -0.001      0.000      0.000      0.000      0.000      0.000      0.000      0.000      0.000      0.000      0.000      0.000      0.000      0.000      0.000      0.000      0.000      0.000      0.000      0.000      0.000      0.000      0.000      0.000      0.000      0.000      0.000      0.000      0.000      0.000     -0.001
     0.020      0.042      0.038      0.005      0.004      0.000      0.000      0.000      0.000      0.000      0.000      0.000      0.000      0.000      0.000      0.000      0.000      0.000      0.000      0.000      0.000      0.000      0.000      0.000      0.000      0.000      0.000     -0.001      0.000      0.000      0.000      0.000      0.000      0.000      0.000      0.000      0.000      0.000      0.000      0.000      0.000      0.000      0.000      0.000      0.000      0.000      0.000      0.000      0.000      0.000      0.000      0.000     -0.002      0.000      0.000      0.000      0.000      0.005
     0.021      0.029      0.027      0.040      0.014      0.003      0.000      0.000      0.000      0.000      0.000      0.000      0.000      0.000      0.000      0.000      0.000      0.000     -0.001      0.000      0.000      0.000      0.000      0.000      0.000      0.000      0.000     -0.001      0.000      0.000      0.000      0.000      0.000      0.000      0.001      0.000      0.000      0.000      0.000      0.000      0.000      0.000      0.000      0.000      0.000      0.000      0.000      0.000      0.000      0.000      0.000      0.000      0.000      0.000      0.000      0.000      0.000     -0.001
     0.010      0.017      0.051      0.027      0.006      0.063      0.005      0.000      0.000      0.000      0.000      0.000      0.000      0.000      0.000      0.000      0.000      0.000      0.000      0.000      0.000      0.000     -0.001      0.000      0.000      0.001      0.000     -0.001      0.000      0.000      0.000      0.000      0.000      0.000      0.000      0.000      0.000      0.000      0.000      0.000      0.000      0.000      0.000      0.000      0.000      0.000      0.000      0.000      0.000      0.000      0.000      0.000      0.000      0.000      0.000      0.000      0.000      0.001
     0.013     -0.003      0.052      0.008      0.000      0.021      0.032      0.003      0.000      0.000      0.000      0.000      0.000      0.000      0.000      0.000      0.000      0.000     -0.001      0.000      0.000      0.000      0.000      0.000      0.000      0.000      0.000     -0.001      0.000      0.000      0.000      0.000      0.000      0.000      0.000      0.000      0.000      0.000      0.000      0.000      0.000      0.000      0.000      0.000      0.000      0.000      0.000      0.000      0.000      0.000      0.000      0.000      0.001      0.000      0.000      0.000      0.000      0.003
     0.009      0.011      0.016      0.026      0.018      0.026      0.000      0.015      0.003      0.000      0.000      0.000      0.000      0.000      0.000      0.000      0.000      0.000      0.000      0.000      0.000      0.000      0.000      0.000      0.000      0.001      0.000     -0.001      0.000      0.000     -0.001      0.000      0.000      0.000      0.000      0.000      0.000      0.000     -0.001      0.000      0.000      0.000      0.000      0.000      0.000      0.000      0.000      0.000      0.000      0.000      0.000      0.000      0.001      0.000      0.000      0.000      0.000     -0.001
     0.014      0.001      0.037      0.010      0.043      0.000     -0.025      0.055      0.035      0.002      0.000      0.000      0.000      0.000      0.000      0.000      0.000      0.000      0.000      0.000      0.000      0.000      0.000      0.000      0.000      0.000      0.000      0.000      0.000      0.000      0.000      0.000      0.000      0.000      0.000      0.000      0.000      0.000     -0.001      0.000      0.000      0.000      0.000      0.000      0.000      0.000      0.000      0.000      0.000      0.000      0.000      0.000      0.001      0.000      0.000      0.000      0.000      0.004
     0.006     -0.014      0.025     -0.010      0.015     -0.018      0.019      0.010      0.007      0.005      0.003      0.000      0.000      0.000      0.000      0.000      0.000      0.000      0.000      0.000      0.000      0.000      0.000      0.000      0.000      0.001      0.000     -0.001      0.000      0.000      0.000      0.000      0.000      0.000      0.000      0.000      0.000      0.000      0.000      0.000      0.000      0.000      0.000      0.000      0.000      0.000      0.000      0.000      0.000      0.000      0.000      0.000     -0.001      0.000      0.000      0.000      0.000      0.006
     0.029      0.009      0.030     -0.022      0.043     -0.001      0.018     -0.005      0.018     -0.017      0.006      0.004      0.000      0.000      0.000      0.000      0.000      0.000      0.000      0.000      0.000      0.000      0.000      0.000      0.000      0.000      0.000      0.000      0.000      0.000      0.000      0.000      0.000      0.000      0.000      0.000      0.000      0.000      0.000      0.000      0.000      0.000      0.000      0.000      0.000      0.000      0.000      0.000      0.000      0.000      0.000      0.000     -0.001      0.000      0.000      0.000      0.000     -0.004
    -0.027     -0.008      0.036      0.005      0.027     -0.008      0.036     -0.014      0.010      0.012      0.008      0.010      0.003      0.000      0.000      0.000      0.000      0.000      0.000      0.000      0.000      0.000      0.000      0.000      0.000      0.000      0.000      0.000      0.000      0.000      0.000      0.000      0.000      0.000      0.000      0.000      0.000      0.000     -0.001      0.000      0.000      0.000      0.000      0.000      0.000      0.000      0.000      0.000      0.000      0.000      0.000      0.000      0.001      0.000      0.000      0.000      0.000      0.003
     0.032     -0.008     -0.012      0.022      0.011     -0.014      0.008      0.024      0.017      0.009      0.009     -0.009     -0.016      0.003      0.000      0.000      0.000      0.000      0.000      0.000      0.000      0.000      0.000      0.000      0.000      0.000      0.000     -0.001      0.000      0.000      0.000      0.000      0.000      0.000      0.000      0.000      0.000      0.000      0.001      0.000      0.000      0.000      0.000      0.000      0.000      0.000      0.000      0.000      0.000      0.000      0.000      0.000      0.000      0.000      0.000      0.000      0.000      0.003
     0.004     -0.004     -0.010      0.021     -0.011     -0.029      0.012      0.004      0.028     -0.028      0.004      0.034     -0.006      0.042      0.002      0.000      0.000      0.000      0.000      0.000      0.000      0.000      0.000      0.000      0.000      0.001      0.000      0.000      0.000      0.000      0.000      0.000      0.000      0.000      0.000      0.000      0.000      0.000      0.001      0.000      0.000      0.000      0.000      0.000      0.000      0.000      0.000      0.000      0.000      0.000      0.000      0.000     -0.001      0.000      0.000      0.000      0.000      0.000
    -0.008      0.001      0.033      0.003      0.015      0.012      0.038      0.033     -0.003      0.011      0.024      0.031      0.007      0.000      0.033      0.004      0.000      0.000      0.000      0.000      0.000      0.000      0.000      0.000      0.000     -0.001      0.000      0.000      0.000      0.000      0.000      0.000      0.000      0.000      0.000      0.000      0.000      0.000      0.000      0.000      0.000      0.000      0.000      0.000      0.000      0.000      0.000      0.000      0.000      0.000      0.000      0.000      0.001      0.000      0.000      0.000      0.000     -0.003
    -0.007      0.030     -0.023     -0.015      0.003     -0.008     -0.028      0.014     -0.028      0.010      0.017      0.006      0.035      0.007      0.004      0.002      0.003      0.000      0.000      0.000      0.000      0.000      0.000      0.000      0.000      0.001      0.000      0.000      0.000      0.000      0.000      0.001      0.000      0.000      0.000      0.000      0.000      0.000      0.000      0.000      0.000      0.000      0.000      0.000      0.000      0.000      0.000      0.000      0.000      0.000      0.000      0.000     -0.001      0.000      0.000      0.000      0.000      0.000
     0.013     -0.037      0.007      0.040      0.008      0.028      0.029     -0.007     -0.002      0.007      0.009     -0.006     -0.006      0.023      0.005     -0.008     -0.008      0.003      0.000      0.000      0.000      0.000      0.000      0.000      0.000      0.001      0.000     -0.001      0.000      0.000      0.000      0.000      0.000      0.000      0.000      0.000      0.000      0.000      0.000      0.000      0.000      0.000      0.000      0.000      0.000      0.000      0.000      0.000      0.000      0.000      0.000      0.000      0.002      0.000      0.000      0.000      0.000      0.001
    -0.057     -0.089     -0.089     -0.042     -0.028     -0.057      0.004     -0.050     -0.003     -0.027      0.007      0.004     -0.033     -0.002     -0.037     -0.011      0.003      0.018      0.049     -0.003      0.000      0.006     -0.007      0.005      0.000      0.024      0.002     -0.019     -0.008      0.000      0.000      0.000      0.001      0.000      0.000      0.001      0.000      0.000      0.002      0.000      0.000      0.000      0.000     -0.002     -0.001      0.000      0.002      0.000      0.000      0.000      0.000      0.000      0.006      0.000      0.000     -0.002      0.001     -0.019
    -0.006     -0.028      0.000     -0.009     -0.025      0.005     -0.030     -0.005      0.000      0.003      0.001      0.012      0.036      0.039     -0.007      0.045      0.028     -0.001     -0.272      0.003      0.000     -0.001      0.000     -0.001      0.000     -0.009      0.000      0.004      0.001      0.000      0.000      0.000      0.000      0.000      0.000      0.000      0.000      0.000      0.000      0.000      0.000      0.000      0.000      0.000      0.000      0.000      0.000      0.000      0.000      0.000      0.000      0.000     -0.001      0.000      0.000      0.000      0.000      0.007
     0.061      0.097      0.126      0.076      0.058      0.066      0.056      0.062      0.057      0.028      0.024      0.024     -0.017     -0.024      0.006     -0.036     -0.042     -0.006     -0.311     -0.526      0.000      0.000      0.000      0.000      0.000      0.000      0.000      0.000      0.000      0.000      0.000      0.000      0.000      0.000      0.000      0.000      0.000      0.000      0.000      0.000      0.000      0.000      0.000      0.000      0.000      0.000      0.000      0.000      0.000      0.000      0.000      0.000      0.000      0.000      0.000      0.000      0.000      0.000
     0.008     -0.013      0.074      0.036      0.073      0.020      0.042      0.029      0.060      0.070      0.050      0.064      0.007      0.010      0.000      0.012     -0.001      0.041      0.395     -0.167      0.068      0.005      0.002      0.001      0.001      0.003      0.000     -0.004     -0.003      0.000     -0.001      0.000      0.001      0.000      0.000      0.000      0.000      0.000      0.000      0.000     -0.001      0.000      0.000      0.000      0.000      0.000      0.000      0.000      0.000      0.000      0.000      0.000      0.001      0.000      0.000     -0.001      0.000     -0.001
     0.006      0.024     -0.041     -0.038     -0.041      0.003     -0.056     -0.015     -0.010     -0.004     -0.022     -0.026     -0.025     -0.015     -0.008     -0.032     -0.009     -0.011     -0.219      0.013     -0.040      0.181      0.019      0.001     -0.001     -0.007     -0.001      0.010      0.002      0.000      0.000     -0.001      0.000      0.000      0.000      0.000      0.000      0.000     -0.001      0.000      0.000      0.000      0.000      0.000      0.000      0.000      0.000      0.000      0.000      0.000      0.000      0.000      0.002     -0.001      0.000      0.001      0.000     -0.001
     0.010     -0.011      0.003      0.019      0.014      0.016      0.027      0.000      0.040     -0.014      0.048      0.033     -0.028      0.028      0.026      0.012      0.012      0.049      0.343     -0.141     -0.031      0.116      0.110      0.005      0.000      0.007     -0.001     -0.005     -0.001      0.000      0.000      0.001      0.000      0.000      0.000      0.000      0.000      0.000      0.000      0.000      0.000      0.000      0.000      0.000      0.000      0.000      0.000      0.000      0.000      0.000      0.000      0.000      0.001      0.000      0.000     -0.001      0.000     -0.001
     0.030      0.044      0.111      0.086      0.115      0.029      0.063      0.072      0.056      0.054      0.049      0.040      0.021      0.001      0.005      0.032     -0.022      0.032      0.021     -0.129      0.193      0.429     -0.215     -0.065      0.001     -0.001      0.000     -0.001     -0.001      0.000      0.000      0.000      0.000      0.000      0.000      0.000      0.000      0.000      0.000      0.000      0.000      0.000      0.000      0.000      0.000      0.000      0.000      0.000      0.000      0.000      0.000      0.000      0.000      0.000      0.000      0.000      0.000      0.001
    -0.048     -0.003      0.019      0.029      0.021     -0.019      0.048     -0.018      0.027      0.017      0.027      0.010     -0.014      0.008      0.057     -0.024      0.031      0.042      0.299     -0.469      0.079      0.135     -0.143      0.272     -0.087      0.130     -0.003     -0.031     -0.004      0.000      0.000      0.003      0.002      0.000     -0.001      0.002      0.001      0.000      0.002      0.000     -0.001      0.000      0.000     -0.002     -0.003      0.000      0.000      0.000      0.000      0.000      0.000      0.000      0.004     -0.001      0.000     -0.001      0.000     -0.044
    -0.013     -0.041     -0.003     -0.044     -0.041     -0.040     -0.007     -0.045     -0.013      0.019      0.003     -0.008      0.036     -0.003     -0.012      0.033      0.032     -0.028      0.136      0.130     -0.198     -0.014     -0.187     -0.354      0.065     -0.123      0.003      0.003     -0.001      0.000      0.000      0.000      0.000      0.000      0.000      0.000      0.000      0.000      0.000      0.000      0.000      0.000      0.000      0.000      0.000      0.000      0.000      0.000      0.000      0.000      0.000      0.000      0.000      0.000      0.000      0.000      0.000      0.000
     0.032     -0.013     -0.059     -0.096     -0.062     -0.044     -0.091     -0.037     -0.063     -0.036     -0.064     -0.011      0.035     -0.040     -0.021     -0.026      0.013     -0.060     -0.358      0.325     -0.309     -0.231      0.294     -0.311     -0.145     -0.359      0.205      0.059      0.004      0.000      0.000     -0.002     -0.001     -0.001      0.000      0.000      0.000      0.000     -0.001      0.000      0.000      0.001      0.000      0.000      0.001      0.000      0.000      0.000      0.000      0.000      0.000      0.000     -0.006     -0.001      0.000      0.002      0.000      0.009
    -0.015     -0.013     -0.106     -0.070     -0.094     -0.024     -0.090     -0.051     -0.065     -0.050     -0.062     -0.093     -0.024     -0.003      0.015     -0.023     -0.018     -0.036     -0.545      0.323     -0.230     -0.586      0.197     -0.280     -0.576     -0.155     -0.168      0.278      0.004      0.000      0.000     -0.001      0.000      0.000      0.000      0.000      0.000      0.000      0.000      0.000      0.001      0.000      0.000      0.000      0.000      0.000      0.000      0.000      0.000      0.000      0.000      0.000     -0.001      0.000      0.000      0.001      0.000      0.003
    -0.062      0.002     -0.007     -0.020     -0.007     -0.002     -0.016     -0.025      0.001     -0.015     -0.006     -0.031     -0.030     -0.017     -0.008     -0.031      0.002      0.017      0.007     -0.017      0.005      0.009     -0.011     -0.022      0.009     -0.002      0.020      0.002     -0.006      0.032     -0.001      0.001      0.002     -0.001      0.001      0.000      0.000      0.000      0.001      0.000     -0.001      0.000      0.000      0.000      0.000      0.000      0.000      0.000      0.000      0.000      0.000      0.001      0.005     -0.001      0.000      0.000      0.000      0.014
     0.017      0.095      0.006      0.001      0.014      0.012      0.018     -0.004     -0.043      0.000     -0.023      0.013     -0.023      0.014     -0.006     -0.019     -0.021     -0.033      0.003      0.002     -0.005     -0.043      0.008     -0.012     -0.032     -0.001     -0.014      0.003      0.030     -0.026      0.062      0.001      0.000      0.002      0.001      0.000      0.001      0.001     -0.001      0.000      0.002      0.000      0.000      0.001      0.000      0.000      0.000      0.000      0.000      0.000      0.000      0.000      0.002      0.001      0.000     -0.001     -0.001      0.016
     0.001     -0.011     -0.011     -0.011     -0.007     -0.007      0.030     -0.004     -0.030      0.004      0.006      0.011      0.014     -0.007      0.004      0.026      0.045      0.007      0.009     -0.013      0.017      0.028     -0.036      0.047      0.039      0.036      0.019     -0.030     -0.052      0.031      0.015      0.059      0.001      0.002      0.000      0.000      0.000      0.000      0.000      0.000      0.000      0.000      0.000      0.001      0.000      0.000      0.000      0.001      0.001      0.000      0.000      0.002      0.022     -0.001      0.000      0.000      0.000      0.002
     0.033      0.029     -0.004     -0.027      0.029     -0.004     -0.011     -0.009     -0.006      0.004      0.005      0.010      0.002     -0.011      0.020     -0.001     -0.034     -0.023      0.015     -0.017      0.018      0.055     -0.014      0.015      0.039      0.022     -0.024     -0.029     -0.023      0.041     -0.001      0.015      0.045      0.000      0.000      0.000      0.001      0.000      0.000      0.000     -0.002      0.000      0.000      0.002      0.000      0.000      0.001      0.000      0.001      0.000      0.000      0.001      0.007      0.000      0.000     -0.002      0.000      0.004
     0.003     -0.017      0.016     -0.013      0.049     -0.013      0.002     -0.004      0.031     -0.013     -0.018     -0.015     -0.017     -0.005      0.005      0.001      0.003     -0.030     -0.007     -0.024      0.041      0.018      0.016      0.027      0.056      0.008     -0.030     -0.040     -0.034     -0.023      0.047      0.063      0.005      0.018      0.000      0.000      0.000      0.000      0.002      0.000      0.000      0.000      0.000     -0.001      0.000      0.000      0.000     -0.001      0.000      0.000      0.000      0.000      0.007      0.000      0.000     -0.001      0.000      0.013
    -0.014      0.027     -0.015      0.017     -0.011      0.097      0.026     -0.015     -0.004     -0.016      0.022     -0.044     -0.027      0.008      0.006     -0.011     -0.026      0.019     -0.006      0.024     -0.014     -0.026     -0.002     -0.002     -0.021     -0.028      0.027      0.007      0.028      0.023      0.026     -0.013     -0.010      0.000      0.015      0.000      0.000      0.000      0.000      0.000      0.000      0.000      0.000      0.000      0.000      0.000      0.000      0.000      0.000      0.000      0.000     -0.001      0.002      0.001      0.000      0.000      0.000      0.007
     0.006     -0.026     -0.015      0.003     -0.037     -0.031      0.055      0.024      0.005      0.000     -0.020     -0.022      0.016     -0.002     -0.001      0.006     -0.008     -0.011      0.032     -0.024     -0.009      0.007      0.035      0.019     -0.018      0.046     -0.010      0.003      0.009      0.017      0.004     -0.010      0.008      0.020     -0.015      0.009      0.000      0.000      0.000      0.000      0.000      0.000      0.000      0.000      0.000      0.000      0.000      0.000      0.000      0.000      0.000      0.000      0.001      0.000      0.000      0.000      0.000      0.003
    -0.017     -0.019      0.010      0.000     -0.010     -0.003      0.003      0.002     -0.031      0.009      0.007      0.000      0.027     -0.026      0.020     -0.006     -0.017      0.005     -0.003     -0.023      0.005     -0.007      0.015      0.006     -0.021      0.018     -0.004      0.015      0.026      0.023      0.031      0.019      0.025      0.009      0.011      0.034      0.011      0.000      0.001      0.000      0.000      0.000      0.000      0.000      0.000      0.000      0.000      0.000      0.000      0.000      0.000     -0.001      0.003      0.001      0.000      0.000      0.000      0.002
    -0.025      0.009     -0.015      0.002     -0.015      0.010     -0.014      0.005      0.021      0.024      0.025      0.008     -0.021     -0.021     -0.019      0.002     -0.004      0.027      0.028     -0.006     -0.018     -0.001     -0.005      0.013     -0.006      0.001      0.032     -0.012     -0.002     -0.007      0.036     -0.019      0.017     -0.007     -0.006     -0.020      0.024      0.006      0.001      0.000      0.000      0.000      0.000      0.000      0.000      0.000      0.000      0.000      0.000      0.000      0.000      0.000      0.001      0.000      0.000      0.000      0.000     -0.008
    -0.019      0.003      0.006     -0.027      0.013     -0.001     -0.014     -0.003     -0.033     -0.054      0.019      0.012     -0.029      0.050      0.043      0.013      0.019     -0.005      0.024      0.007     -0.028     -0.014     -0.013     -0.010     -0.001      0.014      0.008     -0.011      0.014      0.020     -0.010      0.002      0.006      0.035      0.010     -0.006      0.015      0.039      0.111      0.001      0.000      0.000      0.000      0.002      0.001      0.001      0.000      0.000      0.001      0.000      0.000     -0.001      0.009      0.001      0.000      0.000     -0.001     -0.009
     0.006     -0.003     -0.001      0.011     -0.030     -0.006     -0.004     -0.007     -0.009     -0.013     -0.005      0.008      0.006      0.024      0.015      0.004     -0.014     -0.029      0.006      0.018     -0.004     -0.001      0.004     -0.003      0.030     -0.001      0.007      0.018     -0.026     -0.001      0.005      0.017      0.002      0.017      0.013     -0.019      0.012     -0.005      0.018      0.013      0.000      0.000     -0.001      0.000      0.000      0.000      0.000      0.000      0.000      0.000      0.000      0.000      0.002      0.000      0.000      0.000      0.000     -0.006
     0.031      0.002     -0.006      0.011     -0.009      0.003      0.022     -0.013      0.005      0.007      0.011     -0.018     -0.026     -0.012      0.030      0.012     -0.005     -0.013     -0.009      0.009     -0.016     -0.038     -0.001      0.028     -0.031     -0.012      0.014     -0.001      0.033     -0.018      0.026      0.008     -0.040     -0.012     -0.008      0.010      0.020     -0.015      0.001     -0.002      0.056      0.000      0.000      0.001      0.000      0.000      0.000      0.000      0.000      0.000      0.000     -0.001      0.003     -0.002      0.000      0.001      0.000      0.013
    -0.001      0.015      0.019     -0.023     -0.009     -0.002      0.019     -0.018     -0.034     -0.017     -0.012      0.015     -0.027      0.016      0.011     -0.007      0.022      0.013      0.000      0.022     -0.025      0.000      0.014      0.025     -0.003      0.007     -0.020      0.038     -0.005      0.024      0.012      0.007     -0.006      0.002      0.017      0.035     -0.012     -0.005      0.016     -0.011      0.014      0.006      0.000      0.000      0.000      0.000      0.000      0.000      0.000      0.000      0.000      0.000      0.001      0.000      0.000      0.000      0.000     -0.004
     0.016      0.013     -0.006     -0.005      0.005     -0.005      0.024     -0.004      0.006     -0.032      0.013     -0.036      0.025      0.008     -0.024     -0.005      0.004      0.022      0.020     -0.017     -0.008     -0.014     -0.027      0.040      0.009      0.010      0.010     -0.022      0.000      0.014      0.000      0.004      0.006     -0.009      0.014      0.019      0.012      0.005      0.006     -0.064      0.000     -0.007      0.006      0.000      0.000      0.000      0.000      0.000      0.000      0.000      0.000      0.000      0.000      0.001      0.000      0.000      0.000      0.006
     0.009     -0.022     -0.004      0.013     -0.003     -0.004     -0.021      0.005     -0.026      0.048      0.014     -0.015      0.010     -0.004      0.006      0.028     -0.011      0.010     -0.036      0.027     -0.024     -0.004     -0.013      0.007      0.014     -0.028      0.003      0.005      0.014      0.006      0.012      0.016      0.044     -0.031     -0.020      0.002      0.022      0.018      0.031      0.001      0.016      0.024     -0.007      0.042      0.001      0.000      0.000     -0.001      0.000      0.000      0.000     -0.001     -0.002     -0.001      0.000     -0.002      0.000     -0.006
     0.033      0.004      0.051      0.004     -0.014      0.001     -0.027     -0.010      0.009     -0.020     -0.013      0.008     -0.030      0.025      0.020     -0.013      0.001     -0.016     -0.041      0.073     -0.014     -0.036     -0.015     -0.030      0.009     -0.071      0.009      0.030      0.027      0.006      0.002     -0.019     -0.012      0.022     -0.005      0.020     -0.012      0.017      0.020      0.030     -0.005     -0.033     -0.022      0.033      0.011      0.000      0.000      0.000      0.000      0.000      0.000      0.000     -0.004      0.000      0.000      0.000      0.000      0.002
     0.000      0.002     -0.008     -0.001     -0.002      0.014     -0.006      0.028      0.026      0.005     -0.009      0.007      0.013     -0.024      0.007     -0.017      0.055      0.027     -0.025      0.000      0.015     -0.046     -0.024      0.008      0.018      0.012      0.008     -0.013      0.001      0.010     -0.015     -0.012     -0.008     -0.026     -0.024     -0.016      0.010      0.019      0.031      0.006     -0.013     -0.028      0.001      0.004      0.009      0.008      0.000     -0.001      0.000      0.000      0.000      0.000     -0.003      0.000      0.000      0.000      0.000      0.002
    -0.045      0.004      0.009     -0.019      0.005     -0.013     -0.006     -0.033     -0.015      0.000     -0.017      0.008      0.017     -0.010     -0.002     -0.001     -0.023     -0.028      0.084     -0.016     -0.045      0.009      0.000      0.025     -0.020      0.006      0.041     -0.018     -0.021     -0.012      0.018      0.005      0.028      0.012      0.009      0.017      0.014     -0.015      0.014      0.012      0.013     -0.011     -0.008     -0.012      0.021      0.028      0.009      0.000      0.000      0.000      0.000      0.000     -0.003      0.000      0.000      0.000      0.000      0.008
    -0.006      0.002      0.008     -0.001     -0.014     -0.009      0.002     -0.002     -0.028      0.008     -0.022     -0.004      0.006     -0.005     -0.005      0.007      0.003      0.014      0.014      0.000     -0.012      0.021      0.038      0.025     -0.004     -0.005     -0.056     -0.019     -0.005      0.002     -0.001      0.034     -0.014     -0.052     -0.025      0.005     -0.034      0.011      0.012     -0.009     -0.009     -0.031     -0.053     -0.045     -0.043     -0.080     -0.040      0.006      0.000     -0.001      0.000      0.002      0.013     -0.002      0.000     -0.001      0.001     -0.023
    -0.018      0.001     -0.006      0.004     -0.002      0.039     -0.002     -0.038      0.020     -0.013     -0.027     -0.007     -0.006      0.006      0.030      0.008      0.008      0.005      0.005     -0.009     -0.011      0.008     -0.020     -0.012     -0.005      0.014      0.017     -0.017      0.002      0.112      0.075      0.135      0.103      0.064      0.051      0.038      0.059      0.029      0.079      0.016      0.065      0.013      0.009      0.054      0.013     -0.016      0.005     -0.129      0.001      0.000      0.000      0.000      0.004      0.000      0.000      0.000      0.000     -0.022
    -0.010      0.017     -0.014      0.017     -0.005     -0.004      0.002      0.020      0.031      0.020      0.029     -0.001     -0.008      0.008     -0.018     -0.007      0.020      0.014     -0.016     -0.012      0.012     -0.002     -0.005     -0.027      0.008      0.016      0.029      0.019      0.004     -0.033     -0.025     -0.035     -0.066      0.028     -0.005     -0.053     -0.008     -0.018     -0.029      0.021      0.008     -0.019      0.019      0.018      0.023      0.014     -0.024     -0.566     -0.136      0.001      0.000     -0.001     -0.002      0.000      0.000      0.000     -0.001      0.007
     0.008     -0.019      0.021     -0.030      0.011      0.005     -0.006     -0.026     -0.019     -0.024     -0.014      0.006      0.004     -0.011      0.019      0.005     -0.020     -0.028      0.015      0.013     -0.007      0.000      0.002      0.024      0.002     -0.028     -0.017      0.001     -0.016      0.033      0.023      0.024      0.050     -0.028     -0.002      0.061     -0.003      0.013     -0.014     -0.015     -0.025      0.031     -0.025     -0.026     -0.039      0.001      0.025      0.369      0.116     -0.898      0.000      0.000      0.000      0.000      0.000      0.000      0.000     -0.002
     0.014      0.031      0.006     -0.022      0.001      0.007      0.011      0.004     -0.015      0.005      0.005     -0.009      0.019     -0.007     -0.009     -0.015     -0.018      0.010     -0.007      0.009      0.018     -0.016     -0.001      0.008     -0.023      0.007     -0.017     -0.014     -0.002      0.033      0.010      0.066      0.038     -0.019     -0.035     -0.027     -0.043     -0.001     -0.022     -0.031     -0.021     -0.031     -0.049     -0.021      0.022     -0.020      0.014      0.222      0.131     -0.189      0.145      0.018      0.006     -0.010      0.000      0.006      0.001      0.050
    -0.013     -0.013     -0.008      0.007     -0.031     -0.001      0.004      0.011      0.016      0.018     -0.023     -0.012      0.022     -0.007     -0.030      0.015     -0.026      0.037      0.030     -0.024      0.005      0.023      0.015      0.016     -0.005      0.012     -0.009     -0.027     -0.014      0.030      0.009      0.106      0.037      0.060      0.023      0.016      0.030      0.019      0.032      0.017      0.013      0.015      0.001     -0.012     -0.041     -0.044     -0.036      0.200      0.197     -0.097      0.054      0.050      0.747      0.000      0.000     -0.003      0.000     -0.368
    -0.022      0.001     -0.014     -0.005      0.007     -0.033     -0.016      0.012      0.020      0.008     -0.028      0.022     -0.017      0.016      0.015     -0.016      0.002     -0.005      0.001      0.002     -0.006     -0.014     -0.024     -0.007     -0.014     -0.009      0.021     -0.018      0.030     -0.020      0.019     -0.035     -0.009      0.005      0.032      0.021      0.045      0.012      0.014     -0.011     -0.053     -0.011      0.045     -0.030     -0.020      0.027      0.017     -0.177     -0.043     -0.064      0.004     -0.449      0.001      0.028      0.000     -0.002     -0.002     -0.016
     0.038     -0.011      0.002      0.000     -0.008      0.013     -0.033     -0.052     -0.008     -0.001     -0.010      0.000      0.007     -0.029      0.009      0.010      0.015     -0.010      0.009      0.020     -0.035      0.035      0.033      0.020      0.004      0.001     -0.038      0.009     -0.016      0.037      0.032      0.016      0.073     -0.015     -0.036      0.001     -0.006      0.042      0.016      0.003      0.056     -0.003     -0.016     -0.001     -0.027     -0.034      0.007      0.437      0.063     -0.392      0.230      0.023      0.054     -0.326      0.000      0.000      0.000     -0.001
     0.030      0.034     -0.043     -0.011     -0.036      0.000     -0.033     -0.001     -0.022     -0.012      0.016      0.026     -0.004      0.009     -0.027     -0.013      0.019      0.008     -0.039      0.003      0.006     -0.043      0.039     -0.039     -0.045     -0.017     -0.044      0.041      0.049     -0.006     -0.011      0.000     -0.053     -0.032     -0.020     -0.027     -0.016      0.024     -0.006     -0.017      0.021     -0.004     -0.008     -0.042     -0.019     -0.006     -0.020     -0.050     -0.056      0.036     -0.024      0.223     -0.016     -0.072      0.063      0.035      0.000      0.045
    -0.008     -0.013     -0.028     -0.003     -0.020     -0.010     -0.013     -0.005      0.002     -0.008     -0.008     -0.015      0.009     -0.013     -0.025      0.021      0.010      0.019      0.038     -0.010     -0.010     -0.013      0.017      0.025     -0.026     -0.009     -0.018     -0.001     -0.005      0.007     -0.036     -0.012     -0.004     -0.013     -0.006      0.042     -0.011     -0.012     -0.044     -0.003     -0.021      0.059      0.025      0.026      0.003      0.026      0.000      0.106     -0.210     -0.245      0.208      0.093     -0.003     -0.144      0.029     -0.010      0.008     -0.019
     0.014      0.009      0.014     -0.010      0.029     -0.004      0.006      0.021     -0.009      0.027      0.043     -0.021      0.019      0.023      0.002     -0.016     -0.001      0.006     -0.031      0.048     -0.009     -0.006     -0.003     -0.003      0.008     -0.043     -0.003      0.013      0.015      0.028      0.023      0.003      0.007      0.034      0.019      0.012      0.007     -0.033     -0.010     -0.018      0.020     -0.016      0.029     -0.010      0.007      0.008      0.030     -0.104     -0.331      0.102     -0.078      0.131     -0.151     -0.033     -0.053      0.085     -0.076      7.959

Derivative matrix of expected statistics X by parameters and
covariance/correlation matrix of X can be found using
summary(ans) within R, or by using the 'verbose' option in Siena07.
 
Total computation time 813.14 seconds.
