

-----------------------------------
New Analysis started.
Date and time: 21/09/2026 17:19:36
New results follow.
-----------------------------------

RSiena version 1.3.10 (28 Apr 22)


@1
Estimation by stochastic approximation algorithm.
=================================================

Current random number seed is 52020072.
Effects object used: bound$effects 
Model Type:
 Initiative model
Behavioral Model Type:
 Standard behavior actor-oriented model ('restrict')
Estimation method: unconditional moment estimation
.

Time duration for simulations in each period is 1.0.
Changing composition.
Joiners/leavers option: 1
Standard errors are estimated with the likelihood ratio method.
Dolby method (regression on scores) is used.
Initial value of gain parameter is  0.2000000.
Reduction factor for gain parameter is  0.5000000.
Number of subphases in Phase 2 is 0.

Initial parameter values are 
  1. rate:  constant dv.net rate (period 1)                 0.0594
  2. rate:  constant dv.net rate (period 2)                 0.1730
  3. rate:  constant dv.net rate (period 3)                 0.5630
  4. rate:  constant dv.net rate (period 4)                 0.4039
  5. rate:  constant dv.net rate (period 5)                 0.3822
  6. rate:  constant dv.net rate (period 6)                 0.3730
  7. rate:  constant dv.net rate (period 7)                 0.4631
  8. rate:  constant dv.net rate (period 8)                 0.3548
  9. rate:  constant dv.net rate (period 9)                 0.3747
 10. rate:  constant dv.net rate (period 10)                0.3160
 11. rate:  constant dv.net rate (period 11)                0.3666
 12. rate:  constant dv.net rate (period 12)                0.5021
 13. rate:  constant dv.net rate (period 13)                0.3912
 14. rate:  constant dv.net rate (period 14)                0.3564
 15. rate:  constant dv.net rate (period 15)                0.3175
 16. rate:  constant dv.net rate (period 16)                0.5678
 17. eval:  degree (density)                               -6.3196
 18. eval:  GWESP (69)                                      2.4863
 19. eval:  degree act+pop                                  0.0316
 20. eval:  nets.lndistance_d                              -0.8928
 21. eval:  nets.ATOP_d                                     0.9085
 22. eval:  nets.absidealdiff_d                            -0.5210
 23. eval:  nets.lntrade_d                                  0.0158
 24. eval:  nets.NATO_d                                    -3.9112
 25. eval:  milex.beh alter                                -0.0440
 26. eval:  beh.democracy_1 alter                           1.6137
 27. eval:  beh.lncinc_1 alter                              0.7921
 28. rate:  rate milex.beh (period 1)                       0.9264
 29. rate:  rate milex.beh (period 2)                       1.3045
 30. rate:  rate milex.beh (period 3)                       1.3499
 31. rate:  rate milex.beh (period 4)                       1.1958
 32. rate:  rate milex.beh (period 5)                       0.6970
 33. rate:  rate milex.beh (period 6)                       0.5727
 34. rate:  rate milex.beh (period 7)                       0.4805
 35. rate:  rate milex.beh (period 8)                       0.5228
 36. rate:  rate milex.beh (period 9)                       0.3823
 37. rate:  rate milex.beh (period 10)                      1.7782
 38. rate:  rate milex.beh (period 11)                      0.5950
 39. rate:  rate milex.beh (period 12)                      1.3603
 40. rate:  rate milex.beh (period 13)                      0.3329
 41. rate:  rate milex.beh (period 14)                      0.3012
 42. rate:  rate milex.beh (period 15)                      1.1139
 43. rate:  rate milex.beh (period 16)                      0.4263
 44. eval:  milex.beh linear shape                         -1.2011
 45. eval:  milex.beh quadratic shape                      -0.0362
 46. eval:  milex.beh degree                                0.0968
 47. eval:  milex.beh dense triads                         -0.0273
 48. eval:  milex.beh: effect from beh.democracy_1         -0.5114
 49. eval:  milex.beh: effect from beh.GDPgrowth_1         -2.6295
 50. eval:  milex.beh: effect from beh.nato_1               0.8924
 51. eval:  milex.beh: effect from beh.allies_1            -0.0112
 52. eval:  milex.beh: effect from beh.military_1           0.2453
 53. eval:  milex.beh: effect from beh.lnmids_1             0.2057
 54. eval:  milex.beh: effect from beh.milexSpLag_1         7.8121


Observed values of target statistics are
  1. Amount of network change in period 1                                10.0000
  2. Amount of network change in period 2                                34.0000
  3. Amount of network change in period 3                                86.0000
  4. Amount of network change in period 4                                94.0000
  5. Amount of network change in period 5                                76.0000
  6. Amount of network change in period 6                                76.0000
  7. Amount of network change in period 7                                94.0000
  8. Amount of network change in period 8                                78.0000
  9. Amount of network change in period 9                                84.0000
 10. Amount of network change in period 10                               72.0000
 11. Amount of network change in period 11                               84.0000
 12. Amount of network change in period 12                              114.0000
 13. Amount of network change in period 13                               94.0000
 14. Amount of network change in period 14                               88.0000
 15. Amount of network change in period 15                               80.0000
 16. Amount of network change in period 16                              138.0000
 17. Number of edges                                                   4265.0000
 18. Numb. edgew. shrd prtns.(69)                                      12243.8654
 19. Sum of squared degrees                                            260112.0000
 20. Sum of ties x nets.lndistance_d                                   -8870.7440
 21. Sum of ties x nets.ATOP_d                                         4953.4629
 22. Sum of ties x nets.absidealdiff_d                                 -2358.0283
 23. Sum of ties x nets.lntrade_d                                      30355.5071
 24. Sum of ties x nets.NATO_d                                          902.1365
 25. Sum of degrees x milex.beh                                         -18.6684
 26. Sum of degrees x beh.democracy_1                                  2457.4901
 27. Sum of degrees x beh.lncinc_1                                     10857.5339
 28. Amount of behavioral change in period 1 on milex.beh                41.0000
 29. Amount of behavioral change in period 2 on milex.beh                50.0000
 30. Amount of behavioral change in period 3 on milex.beh                57.0000
 31. Amount of behavioral change in period 4 on milex.beh                52.0000
 32. Amount of behavioral change in period 5 on milex.beh                37.0000
 33. Amount of behavioral change in period 6 on milex.beh                32.0000
 34. Amount of behavioral change in period 7 on milex.beh                28.0000
 35. Amount of behavioral change in period 8 on milex.beh                31.0000
 36. Amount of behavioral change in period 9 on milex.beh                24.0000
 37. Amount of behavioral change in period 10 on milex.beh               71.0000
 38. Amount of behavioral change in period 11 on milex.beh               34.0000
 39. Amount of behavioral change in period 12 on milex.beh               55.0000
 40. Amount of behavioral change in period 13 on milex.beh               18.0000
 41. Amount of behavioral change in period 14 on milex.beh               17.0000
 42. Amount of behavioral change in period 15 on milex.beh               48.0000
 43. Amount of behavioral change in period 16 on milex.beh               20.0000
 44. milex.beh centered sum                                             -65.8453
 45. milex.beh sum of cent. squares                                    5577.0824
 46. milex.beh outdegrees                                              -304.0788
 47. milex.beh dense triads                                            -2642.8490
 48. milex.beh x beh.democracy_1                                       -377.6470
 49. milex.beh x beh.GDPgrowth_1                                          1.0505
 50. milex.beh x beh.nato_1                                              36.7931
 51. milex.beh x beh.allies_1                                          -3748.6989
 52. milex.beh x beh.military_1                                         122.1105
 53. milex.beh x beh.lnmids_1                                           550.8479
 54. milex.beh x beh.milexSpLag_1                                        23.1712

 54 parameters, 54 statistics

Number of subphases is specified as 0.
Therefore the estimation phase is skipped
 and the program passes on immediately to phase 3
 for checking the current parameter values and calculating standard errors.
Estimation of derivatives by the LR method (type 1).


@2
End of stochastic approximation algorithm, phase 3.
---------------------------------------------------

Total of 3000 iterations.
Parameter estimates based on 0 iterations,
convergence diagnostics, covariance and derivative matrices based on 3000 iterations.

Information for convergence diagnosis.
Averages, standard deviations, and t-ratios for deviations from targets:
  1.   0.0133    4.3934   0.0030 
  2.  -0.0260    8.4749  -0.0031 
  3.  -0.4120   11.9457  -0.0345 
  4.  -0.4480   14.1222  -0.0317 
  5.   0.5480   11.6648   0.0470 
  6.  -0.4667   11.5071  -0.0406 
  7.  -0.0347   12.8854  -0.0027 
  8.   0.3340   11.9684   0.0279 
  9.  -0.2627   12.1693  -0.0216 
 10.  -0.1493   11.8085  -0.0126 
 11.   0.4473   12.3437   0.0362 
 12.  -0.2947   14.6884  -0.0201 
 13.   0.0213   13.2040   0.0016 
 14.  -0.2613   12.7324  -0.0205 
 15.   0.0433   12.6818   0.0034 
 16.   0.1460   16.5198   0.0088 
 17.  -0.9863   24.9866  -0.0395 
 18.  -3.0427   92.9861  -0.0327 
 19. -61.8147 2414.9417  -0.0256 
 20.   2.5750   64.4862   0.0399 
 21.  -1.3797   32.0048  -0.0431 
 22.   0.3548   43.0775   0.0082 
 23.  -7.8268  188.7567  -0.0415 
 24.   0.1219    8.5108   0.0143 
 25.   0.7644   49.9055   0.0153 
 26.  -0.7352   18.7666  -0.0392 
 27.  -2.3267   83.1687  -0.0280 
 28.  -0.4243    5.5367  -0.0766 
 29.   0.1853    6.0504   0.0306 
 30.   0.0277    6.6147   0.0042 
 31.  -0.0573    6.3302  -0.0091 
 32.  -0.2883    5.5071  -0.0524 
 33.   0.1723    5.2849   0.0326 
 34.  -0.0433    4.8480  -0.0089 
 35.  -0.3513    5.1585  -0.0681 
 36.   0.1857    4.6185   0.0402 
 37.  -0.2660    6.8395  -0.0389 
 38.   0.0257    5.3041   0.0048 
 39.  -0.1650    6.1775  -0.0267 
 40.   0.0987    4.1128   0.0240 
 41.  -0.1883    3.8509  -0.0489 
 42.   0.3377    5.8772   0.0575 
 43.   0.0397    4.1456   0.0096 
 44.   0.0540   23.6819   0.0023 
 45.   2.7923   93.4581   0.0299 
 46.   2.9947  164.0068   0.0183 
 47.   0.6170  429.3353   0.0014 
 48.   0.3211   11.9433   0.0269 
 49.   0.0934    2.1605   0.0432 
 50.   0.5261    9.1190   0.0577 
 51.  27.0697  462.3698   0.0585 
 52.   0.0054    6.6391   0.0008 
 53.  -0.0294   15.2030  -0.0019 
 54.   0.0148    0.5034   0.0294 

Good convergence is indicated by the t-ratios being close to zero.

Overall maximum convergence ratio =  0.2197 .



@2
Estimation Results.
-------------------

Regular end of estimation algorithm.
Total of 3000 iteration steps.


@3
Estimates and standard errors
                             
Network Dynamics
 1. rate:  constant dv.net rate (period 1)                         0.0594  (   0.0279)
 2. rate:  constant dv.net rate (period 2)                         0.1730  (   0.0415)
 3. rate:  constant dv.net rate (period 3)                         0.5630  (   0.1189)
 4. rate:  constant dv.net rate (period 4)                         0.4039  (   0.0598)
 5. rate:  constant dv.net rate (period 5)                         0.3822  (   0.0743)
 6. rate:  constant dv.net rate (period 6)                         0.3730  (   0.0707)
 7. rate:  constant dv.net rate (period 7)                         0.4631  (   0.0774)
 8. rate:  constant dv.net rate (period 8)                         0.3548  (   0.0625)
 9. rate:  constant dv.net rate (period 9)                         0.3747  (   0.0635)
10. rate:  constant dv.net rate (period 10)                        0.3160  (   0.0564)
11. rate:  constant dv.net rate (period 11)                        0.3666  (   0.0620)
12. rate:  constant dv.net rate (period 12)                        0.5021  (   0.0757)
13. rate:  constant dv.net rate (period 13)                        0.3912  (   0.0626)
14. rate:  constant dv.net rate (period 14)                        0.3564  (   0.0583)
15. rate:  constant dv.net rate (period 15)                        0.3175  (   0.0511)
16. rate:  constant dv.net rate (period 16)                        0.5678  (   0.0760)
17. eval:  degree (density)                                       -6.3196  (   0.2653)
18. eval:  GWESP (69)                                              2.4863  (   0.2376)
19. eval:  degree act+pop                                          0.0316  (   0.0058)
20. eval:  nets.lndistance_d                                      -0.8928  (   0.0769)
21. eval:  nets.ATOP_d                                             0.9085  (   0.1595)
22. eval:  nets.absidealdiff_d                                    -0.5210  (   0.0793)
23. eval:  nets.lntrade_d                                          0.0158  (   0.0341)
24. eval:  nets.NATO_d                                            -3.9112  (   0.4422)
25. eval:  milex.beh alter                                        -0.0440  (   0.0640)
26. eval:  beh.democracy_1 alter                                   1.6137  (   0.2926)
27. eval:  beh.lncinc_1 alter                                      0.7921  (   0.0716)
Behavior Dynamics

28. rate:  rate milex.beh (period 1)                               0.9264  (   0.1880)
29. rate:  rate milex.beh (period 2)                               1.3045  (   0.2463)
30. rate:  rate milex.beh (period 3)                               1.3499  (   0.2421)
31. rate:  rate milex.beh (period 4)                               1.1958  (   0.2242)
32. rate:  rate milex.beh (period 5)                               0.6970  (   0.1364)
33. rate:  rate milex.beh (period 6)                               0.5727  (   0.1210)
34. rate:  rate milex.beh (period 7)                               0.4805  (   0.1022)
35. rate:  rate milex.beh (period 8)                               0.5228  (   0.1063)
36. rate:  rate milex.beh (period 9)                               0.3823  (   0.0809)
37. rate:  rate milex.beh (period 10)                              1.7782  (   0.3471)
38. rate:  rate milex.beh (period 11)                              0.5950  (   0.1239)
39. rate:  rate milex.beh (period 12)                              1.3603  (   0.2623)
40. rate:  rate milex.beh (period 13)                              0.3329  (   0.0799)
41. rate:  rate milex.beh (period 14)                              0.3012  (   0.0818)
42. rate:  rate milex.beh (period 15)                              1.1139  (   0.2026)
43. rate:  rate milex.beh (period 16)                              0.4263  (   0.1096)
44. eval:  milex.beh linear shape                                 -1.2011  (   0.0807)
45. eval:  milex.beh quadratic shape                              -0.0362  (   0.0262)
46. eval:  milex.beh degree                                        0.0968  (   0.0274)
47. eval:  milex.beh dense triads                                 -0.0273  (   0.0096)
48. eval:  milex.beh: effect from beh.democracy_1                 -0.5114  (   0.1434)
49. eval:  milex.beh: effect from beh.GDPgrowth_1                 -2.6295  (   0.9504)
50. eval:  milex.beh: effect from beh.nato_1                       0.8924  (   0.1817)
51. eval:  milex.beh: effect from beh.allies_1                    -0.0112  (   0.0037)
52. eval:  milex.beh: effect from beh.military_1                   0.2453  (   0.2001)
53. eval:  milex.beh: effect from beh.lnmids_1                     0.2057  (   0.0942)
54. eval:  milex.beh: effect from beh.milexSpLag_1                 7.8121  (   2.9866)


@3
Covariance matrices
                   
Covariance matrix of estimates (correlations below diagonal):
     0.001      0.000      0.000      0.000      0.000      0.000      0.000      0.000      0.000      0.000      0.000      0.000      0.000      0.000      0.000      0.000      0.000      0.000      0.000      0.000      0.000      0.000      0.000      0.000      0.000      0.000      0.000      0.000      0.000      0.000      0.000      0.000      0.000      0.000      0.000      0.000      0.000      0.000      0.000      0.000      0.000      0.000      0.000      0.000      0.000      0.000      0.000      0.000      0.000      0.000      0.000      0.000      0.000      0.001
     0.007      0.002      0.000      0.000      0.000      0.000      0.000      0.000      0.000      0.000      0.000      0.000      0.000      0.000      0.000      0.000     -0.002      0.001      0.000      0.000      0.000      0.000      0.000      0.000      0.000      0.000      0.000      0.000      0.000      0.000      0.000      0.000      0.000      0.000      0.000      0.000      0.000      0.000      0.000      0.000      0.000      0.000      0.000      0.000      0.000      0.000      0.000      0.000      0.000      0.000      0.000      0.000      0.000     -0.003
     0.015      0.064      0.014      0.000      0.000      0.001      0.001      0.000      0.000      0.000      0.000      0.000      0.000      0.000      0.000      0.000     -0.001      0.000      0.000      0.001     -0.002      0.000      0.000      0.002      0.000     -0.003     -0.001      0.000     -0.001     -0.001      0.000      0.000      0.000      0.000      0.000      0.000      0.001     -0.001      0.000      0.000      0.000      0.000      0.000      0.000      0.000      0.000      0.000      0.000      0.000      0.000      0.000      0.000      0.000      0.007
     0.024      0.032      0.043      0.004      0.000      0.000      0.000      0.000      0.000      0.000      0.000      0.000      0.000      0.000      0.000      0.000     -0.002      0.000      0.000      0.000      0.000      0.000      0.000     -0.001      0.000      0.000      0.000      0.000      0.000      0.000      0.000      0.000      0.000      0.000      0.000      0.000      0.000      0.000      0.000      0.000      0.000      0.000      0.000      0.000      0.000      0.000      0.000      0.000      0.000      0.000      0.000      0.000      0.000     -0.002
     0.007      0.066      0.042      0.021      0.006      0.000      0.000      0.000      0.000      0.000      0.000      0.000      0.000      0.000      0.000      0.000     -0.002      0.001      0.000      0.000      0.000      0.000      0.000      0.000      0.000     -0.001      0.000      0.000      0.000      0.000      0.000      0.000      0.000      0.000      0.000      0.000      0.000      0.000      0.000      0.000      0.000      0.000      0.000      0.000      0.000      0.000      0.000      0.000     -0.001      0.000      0.000      0.000      0.000      0.006
     0.010      0.057      0.077      0.021      0.035      0.005      0.000      0.000      0.000      0.000      0.000      0.000      0.000      0.000      0.000      0.000     -0.001      0.000      0.000      0.000      0.000      0.000      0.000      0.000      0.000      0.000      0.000      0.000      0.000      0.000      0.000      0.000      0.000      0.000      0.000      0.000      0.000      0.000      0.000      0.000      0.000      0.000      0.000      0.000      0.000      0.000      0.000      0.000      0.000      0.000      0.000      0.000      0.000      0.005
     0.006      0.034      0.056      0.011      0.054      0.034      0.006      0.000      0.000      0.000      0.000      0.000      0.000      0.000      0.000      0.000     -0.001      0.000      0.000      0.000     -0.001      0.000      0.000      0.001      0.000     -0.002      0.000      0.000      0.000      0.000      0.000      0.000      0.000      0.000      0.000      0.000      0.000      0.000      0.000      0.000      0.000      0.000      0.000      0.000      0.000      0.000      0.000      0.000     -0.003      0.000      0.000      0.000      0.000     -0.005
    -0.013      0.047      0.048      0.032      0.010      0.004      0.049      0.004      0.000      0.000      0.000      0.000      0.000      0.000      0.000      0.000     -0.001      0.000      0.000      0.000      0.000      0.000      0.000      0.000      0.000     -0.001      0.000      0.000      0.000      0.000      0.000      0.000      0.000      0.000      0.000      0.000      0.000      0.000      0.001      0.000      0.000      0.000      0.000      0.000      0.000      0.000      0.000      0.000     -0.001      0.000      0.000      0.000      0.000      0.001
     0.007      0.005      0.053      0.028      0.045      0.013      0.020      0.025      0.004      0.000      0.000      0.000      0.000      0.000      0.000      0.000     -0.001      0.000      0.000      0.000      0.000      0.000      0.000      0.000      0.000      0.000      0.000      0.000     -0.001      0.000      0.000      0.000      0.000      0.000      0.000      0.000      0.000      0.000      0.000      0.000      0.000      0.000      0.000      0.000      0.000      0.000      0.000      0.000      0.000      0.000      0.000      0.000      0.000      0.000
     0.019      0.019      0.012      0.061      0.009     -0.006      0.017      0.000     -0.014      0.003      0.000      0.000      0.000      0.000      0.000      0.000     -0.001      0.001      0.000      0.000      0.000      0.000      0.000      0.000      0.000      0.000      0.000      0.000      0.000      0.000      0.000      0.000      0.000      0.000      0.000      0.000      0.001      0.000      0.001      0.000      0.000      0.000      0.000      0.000      0.000      0.000      0.000      0.000     -0.001      0.000      0.000      0.000      0.000      0.001
    -0.014      0.029      0.044      0.024      0.023     -0.018      0.030      0.012     -0.008      0.020      0.004      0.000      0.000      0.000      0.000      0.000     -0.001      0.001      0.000      0.000      0.000      0.000      0.000     -0.001      0.000      0.000      0.000      0.000      0.000     -0.001      0.000      0.000      0.000      0.000      0.000      0.000      0.000      0.000      0.000      0.000      0.000      0.000      0.000      0.000      0.000      0.000      0.000      0.000      0.000      0.000      0.000      0.000      0.000      0.007
    -0.013      0.008      0.029      0.044      0.037      0.013      0.030      0.004      0.051      0.042     -0.004      0.006      0.000      0.000      0.000      0.000      0.000      0.000      0.000      0.000     -0.001      0.000      0.000      0.002      0.000     -0.001      0.000      0.000      0.000      0.000      0.000      0.000     -0.001      0.000      0.000      0.000      0.000      0.000      0.002      0.000      0.000      0.000      0.000      0.000      0.000      0.000      0.000      0.000      0.000      0.000      0.000      0.000      0.000     -0.002
     0.051     -0.018      0.006      0.017      0.009      0.034      0.003      0.025      0.001      0.030      0.002      0.014      0.004      0.000      0.000      0.000      0.000      0.000      0.000      0.000      0.000      0.000      0.000      0.000      0.000      0.000      0.000      0.000      0.000      0.000      0.000      0.000      0.000      0.000      0.000      0.000      0.000      0.000      0.000      0.000      0.000      0.000      0.000      0.000      0.000      0.000      0.000      0.000     -0.001      0.000      0.000      0.000      0.000     -0.002
    -0.001     -0.012      0.006      0.010      0.011     -0.007      0.007      0.011      0.007      0.041      0.030     -0.001      0.032      0.003      0.000      0.000      0.000      0.000      0.000      0.000     -0.001      0.000      0.000      0.001      0.000     -0.001      0.000      0.000      0.000      0.001      0.000      0.000      0.000      0.000      0.000      0.000      0.000      0.000      0.000      0.000      0.000      0.000      0.000      0.000      0.000      0.000      0.000      0.000      0.000      0.000      0.000      0.000      0.000      0.000
    -0.004      0.005      0.018      0.020      0.031      0.044      0.020      0.037     -0.023      0.008     -0.010      0.016     -0.031      0.014      0.003      0.000      0.000      0.001      0.000      0.000      0.000      0.000      0.000      0.000      0.000      0.000      0.000      0.000      0.000      0.000      0.000      0.000      0.000      0.000      0.000      0.000      0.000      0.000      0.000      0.000      0.000      0.000      0.000      0.000      0.000      0.000      0.000      0.000      0.003      0.000      0.000      0.000      0.000     -0.002
     0.026      0.030      0.004      0.017      0.000      0.006      0.010      0.019      0.011      0.022      0.026      0.024      0.013      0.006     -0.001      0.006      0.000      0.001      0.000      0.000      0.000      0.000      0.000      0.002      0.000      0.000      0.000      0.001      0.000      0.000      0.000      0.000      0.000      0.000      0.000      0.000      0.000      0.000      0.000      0.000      0.000      0.000      0.000      0.000      0.000      0.000      0.000      0.000      0.002      0.000      0.000      0.000      0.000     -0.006
    -0.031     -0.158     -0.029     -0.110     -0.078     -0.055     -0.043     -0.034     -0.047     -0.070     -0.063     -0.014     -0.018     -0.003     -0.036     -0.014      0.070     -0.034      0.000      0.009     -0.010      0.007      0.002      0.038      0.001     -0.038     -0.012      0.000      0.000     -0.002      0.000      0.000      0.000      0.000      0.000     -0.001      0.002      0.000      0.002      0.000      0.000     -0.001      0.000      0.000      0.000      0.000      0.000      0.001      0.001     -0.002      0.000     -0.001      0.000      0.002
     0.003      0.070     -0.003      0.010      0.040      0.019      0.009      0.028      0.015      0.049      0.044      0.003      0.030      0.018      0.046      0.045     -0.541      0.056     -0.001     -0.006      0.004     -0.003     -0.003     -0.031      0.002      0.021      0.008     -0.001      0.001      0.000      0.002      0.000      0.001      0.000     -0.001      0.001     -0.003      0.000      0.000      0.000      0.000      0.000      0.000      0.000      0.000      0.000      0.000      0.000     -0.009      0.001      0.000      0.001      0.000      0.014
     0.036      0.077      0.099      0.098      0.068      0.034      0.064      0.008      0.035     -0.006      0.003     -0.005     -0.020     -0.026     -0.038     -0.058     -0.086     -0.514      0.000      0.000      0.000      0.000      0.000      0.000      0.000      0.000      0.000      0.000      0.000      0.000      0.000      0.000      0.000      0.000      0.000      0.000      0.000      0.000      0.000      0.000      0.000      0.000      0.000      0.000      0.000      0.000      0.000      0.000      0.000      0.000      0.000      0.000      0.000      0.000
     0.028      0.026      0.104     -0.002      0.055      0.035      0.044      0.068      0.037      0.013      0.050      0.053      0.034      0.020      0.012      0.021      0.444     -0.307      0.110      0.006      0.002      0.001      0.001      0.005      0.000     -0.006     -0.003      0.000      0.000      0.000      0.000      0.000      0.000      0.000      0.000      0.000      0.001      0.000      0.001      0.000      0.000      0.000      0.000      0.000      0.000      0.000      0.000      0.000      0.001      0.000      0.000      0.000      0.000     -0.001
    -0.011      0.007     -0.088      0.001     -0.014     -0.040     -0.041      0.002     -0.019      0.006     -0.018     -0.051     -0.023     -0.054     -0.029     -0.026     -0.236      0.116     -0.020      0.164      0.025      0.000     -0.001     -0.010     -0.001      0.011      0.002      0.000      0.001      0.002     -0.001      0.000      0.000      0.001      0.001      0.000      0.001      0.000     -0.001      0.000      0.000      0.001      0.000      0.000      0.000      0.000      0.000      0.000      0.000      0.001      0.000      0.000      0.000     -0.004
     0.009     -0.016      0.029     -0.016     -0.027     -0.035      0.009     -0.002      0.003      0.013     -0.014     -0.003     -0.003      0.008     -0.017      0.028      0.327     -0.173     -0.033      0.082      0.033      0.006      0.000      0.009     -0.002     -0.008     -0.001      0.000      0.000      0.000     -0.001      0.000      0.000      0.000      0.000      0.000      0.000      0.000      0.000      0.000      0.000      0.000      0.000      0.000      0.000      0.000      0.000      0.000      0.004      0.000      0.000      0.000      0.000     -0.003
     0.032      0.062      0.114      0.036      0.070      0.034      0.073      0.052      0.047      0.039      0.024      0.026      0.037      0.030      0.029      0.008      0.202     -0.381      0.272      0.430     -0.248     -0.019      0.001      0.000      0.000     -0.001     -0.001      0.000      0.000      0.000      0.000      0.000      0.000      0.000      0.000      0.000      0.000      0.000      0.000      0.000      0.000      0.000      0.000      0.000      0.000      0.000      0.000      0.000      0.001      0.000      0.000      0.000      0.000     -0.001
    -0.021     -0.026      0.039     -0.030     -0.006      0.006      0.017      0.012     -0.002     -0.012     -0.019      0.050      0.014      0.034      0.008      0.065      0.327     -0.294     -0.006      0.148     -0.135      0.258     -0.009      0.196     -0.003     -0.035     -0.005     -0.001      0.000     -0.001     -0.007     -0.002     -0.002     -0.001     -0.001     -0.001      0.002      0.000      0.001      0.000      0.001      0.001      0.000      0.000      0.000      0.000      0.000     -0.002      0.008     -0.001      0.000     -0.001     -0.001     -0.017
    -0.017     -0.017     -0.009      0.008     -0.015     -0.017     -0.048     -0.045      0.002      0.023     -0.003      0.021      0.000     -0.009      0.012      0.047      0.081      0.131     -0.179     -0.049     -0.126     -0.323     -0.022     -0.113      0.004      0.004     -0.001      0.000      0.000      0.000      0.001      0.000      0.000      0.000      0.000      0.000     -0.001      0.000      0.000      0.000      0.000      0.000      0.000      0.000      0.000      0.000      0.000      0.000     -0.004      0.000      0.000      0.000      0.000     -0.005
    -0.013      0.015     -0.085     -0.012     -0.045     -0.013     -0.067     -0.052      0.010      0.008     -0.006     -0.043      0.009     -0.040     -0.005     -0.013     -0.487      0.295     -0.187     -0.251      0.230     -0.351     -0.144     -0.273      0.237      0.086      0.004     -0.002      0.002      0.001      0.003     -0.001      0.001      0.000      0.000      0.001     -0.003      0.000      0.000      0.001      0.000      0.003      0.000      0.000      0.000      0.000      0.000     -0.002      0.000      0.003      0.000      0.001     -0.001     -0.005
    -0.031     -0.018     -0.127     -0.021     -0.042     -0.028     -0.044     -0.035     -0.055     -0.018     -0.010     -0.040     -0.049     -0.022      0.002     -0.036     -0.631      0.449     -0.273     -0.548      0.206     -0.239     -0.607     -0.157     -0.166      0.212      0.005      0.000      0.000      0.000      0.000      0.000      0.000      0.000      0.000      0.000      0.000      0.000     -0.001      0.000      0.000      0.000      0.000      0.000      0.000      0.000      0.000      0.000     -0.001      0.000      0.000      0.001      0.000      0.002
    -0.006      0.020      0.002      0.008     -0.007     -0.018      0.011     -0.012      0.010     -0.026      0.021      0.002      0.018      0.011     -0.020      0.039      0.009     -0.033      0.036      0.014     -0.010      0.011     -0.010     -0.010     -0.030     -0.029     -0.005      0.035      0.000     -0.001      0.001      0.000      0.000      0.000      0.000      0.000      0.000     -0.001     -0.001      0.000      0.000      0.001      0.000      0.001      0.000      0.000      0.000      0.002      0.006      0.000      0.000     -0.001      0.000      0.005
     0.034     -0.007     -0.021      0.002     -0.012     -0.004     -0.012     -0.012     -0.033     -0.012     -0.015      0.014     -0.015      0.004      0.007     -0.008     -0.007      0.011     -0.009      0.005      0.028     -0.017     -0.007     -0.002      0.007      0.025      0.005      0.005      0.061     -0.002      0.001      0.000      0.001      0.000      0.000      0.000     -0.001      0.000      0.000      0.000      0.000      0.000     -0.001      0.000      0.001      0.000      0.000      0.001     -0.008     -0.001      0.000     -0.002      0.000      0.006
    -0.019      0.010     -0.032     -0.001      0.027      0.025     -0.005     -0.022     -0.023      0.005     -0.037      0.019     -0.018      0.036     -0.006     -0.003     -0.026      0.001     -0.009      0.018      0.040      0.003      0.022     -0.013      0.000      0.010      0.016     -0.014     -0.029      0.059      0.000      0.000      0.000      0.001      0.000      0.000      0.001      0.001     -0.003      0.000      0.000     -0.001      0.000      0.000      0.001      0.000      0.000      0.002      0.023      0.000      0.000      0.001     -0.001      0.037
    -0.006      0.008      0.018      0.036     -0.011     -0.001     -0.001     -0.003     -0.003     -0.006     -0.018     -0.017      0.003      0.018     -0.008     -0.007     -0.007      0.033     -0.019     -0.014     -0.025     -0.045     -0.005     -0.068      0.056      0.043     -0.003      0.016      0.023      0.005      0.050      0.000      0.001      0.001     -0.001      0.000     -0.001      0.000      0.000      0.000      0.000      0.000      0.000      0.000      0.001     -0.001      0.000      0.001      0.007      0.001      0.000     -0.001     -0.001      0.000
    -0.002     -0.015     -0.015     -0.003     -0.024      0.004     -0.008      0.001     -0.002     -0.009     -0.023      0.045     -0.014      0.009     -0.023     -0.031      0.004     -0.003      0.009      0.002      0.018     -0.004     -0.017     -0.028     -0.013     -0.013     -0.005      0.012      0.009      0.013     -0.002      0.019      0.000      0.000      0.000      0.000      0.000      0.000      0.000      0.000      0.000      0.000      0.000      0.000      0.000      0.000      0.000      0.000      0.009      0.000      0.000      0.000      0.000     -0.006
    -0.018     -0.018     -0.019     -0.001     -0.001      0.008     -0.022     -0.026     -0.009     -0.025      0.008     -0.084     -0.012      0.020      0.036     -0.012     -0.007      0.046     -0.040     -0.002     -0.003     -0.021      0.005     -0.028      0.024      0.041     -0.004      0.016      0.027     -0.008      0.023     -0.013      0.015      0.001      0.000      0.000      0.000      0.000      0.001      0.000      0.000      0.000      0.000      0.000      0.000      0.000      0.000      0.000      0.004      0.001      0.000      0.000      0.000     -0.017
     0.006      0.002      0.003      0.022      0.007     -0.002     -0.028      0.013     -0.011      0.002     -0.011      0.022      0.012      0.010     -0.024      0.034     -0.018      0.005      0.019      0.028      0.032     -0.022      0.024     -0.024      0.016      0.009     -0.003      0.004     -0.011      0.025      0.030      0.005      0.042      0.010      0.000      0.000     -0.001      0.000      0.000      0.000      0.000      0.000      0.000      0.000      0.000      0.000      0.000      0.000      0.003      0.000      0.000      0.000      0.000      0.001
     0.032      0.017     -0.003      0.010     -0.010     -0.014      0.011      0.000     -0.020     -0.006     -0.013      0.014      0.012      0.031      0.036     -0.018     -0.013     -0.024      0.009      0.004      0.044     -0.015     -0.007     -0.019      0.000      0.016      0.022      0.021      0.007      0.014     -0.021      0.016      0.014      0.040      0.011      0.000      0.000      0.000      0.001      0.000      0.000      0.000      0.000      0.000      0.000      0.000      0.000      0.000      0.002      0.001      0.000      0.000      0.000      0.001
     0.012      0.048      0.006     -0.030      0.043      0.031      0.010      0.008     -0.027     -0.011     -0.018     -0.009      0.019      0.001      0.022     -0.010     -0.035      0.028     -0.002      0.004      0.011     -0.010      0.017     -0.018      0.011      0.022     -0.006     -0.006      0.001      0.011     -0.003     -0.016     -0.012      0.025      0.004      0.007     -0.001      0.000      0.000      0.000      0.000      0.000      0.000      0.000      0.000      0.000      0.000      0.000      0.003      0.000      0.000      0.001      0.000     -0.009
    -0.048      0.004      0.017     -0.001      0.014      0.002      0.011     -0.004      0.018      0.031      0.013      0.009      0.004     -0.021      0.023     -0.004      0.021     -0.033     -0.001      0.039      0.011     -0.017      0.028      0.011     -0.027     -0.026     -0.007     -0.005     -0.015      0.018     -0.014     -0.002     -0.011     -0.014     -0.006     -0.031      0.120      0.000      0.001      0.000      0.001     -0.002     -0.001      0.000      0.000      0.000      0.000     -0.003     -0.002      0.003      0.000      0.002      0.001      0.032
    -0.038      0.018     -0.048      0.005     -0.033     -0.004     -0.018      0.028     -0.029     -0.004      0.049     -0.003      0.003      0.007      0.020     -0.003      0.013     -0.009     -0.027      0.016      0.015     -0.033      0.031     -0.002      0.006      0.002     -0.002     -0.028     -0.012      0.042     -0.015      0.002      0.029     -0.004     -0.003     -0.012     -0.002      0.015      0.000      0.000      0.000      0.000      0.000      0.000      0.000      0.000      0.000      0.000      0.007      0.000      0.000      0.000      0.000     -0.008
    -0.017     -0.005      0.001     -0.002      0.009     -0.001     -0.005      0.036      0.015      0.044      0.026      0.080     -0.007     -0.011     -0.004      0.007      0.029      0.001     -0.012      0.031     -0.028     -0.010      0.044      0.005      0.007      0.003     -0.040     -0.025      0.002     -0.046     -0.003      0.010      0.024     -0.012      0.020      0.005      0.008      0.003      0.069      0.000      0.000      0.000      0.000      0.000      0.001      0.000      0.000     -0.001      0.001     -0.002      0.000      0.000      0.001     -0.039
    -0.035     -0.018      0.034     -0.003      0.000      0.000      0.020     -0.010      0.018     -0.016     -0.022     -0.003      0.014     -0.018     -0.026      0.020     -0.001      0.005      0.004      0.021      0.021     -0.011     -0.001      0.011     -0.002      0.029     -0.019     -0.018     -0.002     -0.006     -0.002     -0.015     -0.019     -0.003     -0.052     -0.042      0.014      0.026     -0.007      0.006      0.000     -0.001      0.000      0.000      0.000      0.000      0.000      0.000      0.000      0.000      0.000     -0.001      0.000     -0.004
    -0.022     -0.004      0.016     -0.037      0.001      0.044     -0.008     -0.036      0.015      0.013     -0.004     -0.014     -0.025      0.019      0.007     -0.018     -0.016      0.005     -0.013     -0.016      0.010      0.010     -0.003      0.015     -0.015      0.016      0.010     -0.009     -0.006     -0.007     -0.003      0.025     -0.017     -0.032      0.001     -0.022      0.021      0.002      0.007      0.029      0.007      0.000      0.000      0.000      0.000      0.000      0.000      0.000     -0.004      0.000      0.000     -0.001      0.000     -0.007
    -0.041     -0.003      0.007      0.002      0.003     -0.001     -0.004     -0.014      0.001     -0.004      0.012     -0.004     -0.020      0.002     -0.021      0.006     -0.018     -0.010      0.018      0.003      0.017      0.005      0.019      0.012      0.000      0.055     -0.013      0.015      0.004     -0.012     -0.003     -0.010     -0.004      0.004      0.004     -0.019     -0.024      0.015     -0.001     -0.039     -0.026      0.041      0.000     -0.001      0.000      0.000      0.000     -0.001      0.004     -0.001      0.000     -0.001      0.000      0.011
     0.020     -0.009      0.018      0.016     -0.011     -0.013      0.003      0.000     -0.014      0.002      0.024     -0.017      0.047      0.011     -0.028      0.031     -0.001      0.008      0.004     -0.018     -0.003      0.024     -0.009      0.009      0.023     -0.006     -0.003      0.017     -0.050      0.000     -0.008      0.013      0.017      0.006     -0.001      0.008     -0.027     -0.020     -0.015      0.022      0.002      0.001      0.012     -0.001      0.000      0.000      0.000      0.000     -0.002      0.000      0.000      0.000      0.000      0.002
     0.020     -0.019      0.009      0.002      0.018     -0.027      0.007      0.013      0.006      0.000     -0.010     -0.005      0.039     -0.023      0.008     -0.010     -0.019      0.011      0.012      0.023      0.016      0.009      0.020     -0.013     -0.003      0.000     -0.001      0.055     -0.006      0.007      0.007     -0.016     -0.044     -0.057      0.005      0.006      0.014     -0.031      0.011     -0.073     -0.063     -0.038     -0.067      0.007      0.000     -0.001      0.000      0.003      0.016     -0.002      0.000     -0.001      0.001     -0.016
    -0.004      0.012     -0.023     -0.012     -0.007      0.003      0.005     -0.032     -0.031     -0.013      0.011     -0.016     -0.007      0.011      0.002      0.000     -0.005      0.011     -0.040      0.004     -0.015     -0.035      0.000     -0.036      0.034      0.018      0.015      0.069      0.084      0.115      0.154      0.094      0.116      0.042      0.057      0.059     -0.007      0.057      0.074      0.060      0.043      0.011      0.026     -0.113      0.001      0.000      0.000      0.001      0.006      0.000      0.000      0.000     -0.001     -0.028
    -0.017     -0.013      0.002      0.009      0.009      0.035     -0.023      0.022      0.008      0.008     -0.007     -0.007     -0.018      0.015     -0.010      0.015      0.039     -0.036      0.018     -0.007     -0.016      0.018      0.006      0.033     -0.027     -0.036     -0.019     -0.076     -0.046     -0.027     -0.088     -0.031     -0.012      0.001     -0.037     -0.016      0.018      0.007     -0.015      0.016      0.048      0.038      0.027     -0.535     -0.151      0.001      0.000     -0.001     -0.003      0.000      0.000      0.000     -0.001      0.008
     0.017      0.006      0.016     -0.007     -0.035     -0.024      0.011     -0.012      0.009      0.000      0.009      0.015      0.005     -0.011      0.002     -0.007     -0.035      0.035     -0.022      0.005      0.003     -0.005     -0.005     -0.024      0.019      0.021      0.020      0.070      0.044      0.015      0.085      0.028      0.006      0.008      0.012     -0.007     -0.057     -0.024      0.002     -0.003     -0.017     -0.022     -0.010      0.344      0.138     -0.904      0.000      0.000      0.001      0.000      0.000      0.000      0.000     -0.002
     0.025     -0.010      0.007      0.004      0.015      0.009     -0.003      0.009     -0.021      0.008     -0.024     -0.010      0.027     -0.017     -0.057     -0.025      0.017     -0.006      0.019      0.025     -0.009      0.005      0.017     -0.025     -0.010     -0.039     -0.016      0.074      0.034      0.050      0.033      0.009     -0.010     -0.010     -0.014      0.031     -0.061     -0.020     -0.017     -0.020     -0.033     -0.045      0.013      0.236      0.171     -0.172      0.157      0.021      0.005     -0.012      0.000      0.005      0.001      0.038
     0.003     -0.008     -0.003     -0.005     -0.012      0.007     -0.037     -0.022      0.007     -0.019     -0.008      0.003     -0.024      0.001      0.052      0.027      0.006     -0.039      0.006      0.016      0.001      0.049      0.019      0.019     -0.062      0.001     -0.008      0.033     -0.032      0.101      0.031      0.070      0.035      0.031      0.020      0.045     -0.007      0.058      0.003     -0.002     -0.048      0.020     -0.024      0.211      0.244     -0.133      0.090      0.035      0.903     -0.004      0.000     -0.014     -0.001     -0.454
    -0.035      0.031     -0.021      0.027     -0.009      0.013      0.018     -0.033     -0.009      0.009      0.010     -0.017      0.008     -0.009      0.023     -0.012     -0.040      0.023      0.000     -0.014      0.026     -0.026     -0.038     -0.013     -0.016      0.050      0.033     -0.005     -0.018     -0.011      0.019      0.011      0.042     -0.004      0.030      0.012      0.051      0.003     -0.040      0.019      0.017     -0.030      0.009     -0.165     -0.068     -0.076     -0.016     -0.454     -0.025      0.033      0.000     -0.002     -0.002     -0.019
     0.021      0.011     -0.019     -0.024      0.025     -0.007      0.017      0.008      0.016     -0.014      0.014      0.007     -0.003     -0.022      0.050      0.014     -0.008      0.005     -0.010      0.025      0.021     -0.008      0.004     -0.014      0.003      0.001      0.002      0.024      0.016      0.012      0.031      0.017     -0.009     -0.018      0.027      0.013      0.015      0.010      0.054     -0.043     -0.040      0.015     -0.067      0.397      0.106     -0.345      0.201      0.004      0.082     -0.318      0.000      0.000      0.000      0.000
     0.015      0.011     -0.018     -0.023      0.007      0.023      0.005      0.002      0.010     -0.030     -0.009     -0.020      0.032      0.012     -0.013     -0.024     -0.019      0.012      0.006     -0.007     -0.013     -0.021     -0.019     -0.010     -0.024      0.009      0.044     -0.029     -0.045      0.018     -0.024      0.002     -0.001     -0.009      0.000      0.040      0.027      0.018     -0.002     -0.032     -0.031     -0.025     -0.001     -0.068     -0.042      0.060     -0.042      0.171     -0.074     -0.043      0.078      0.040     -0.001      0.034
     0.013     -0.005     -0.022      0.008     -0.006     -0.049      0.007      0.009     -0.014     -0.007     -0.001      0.007     -0.010     -0.011      0.007     -0.002      0.020     -0.017      0.013     -0.007      0.021      0.019      0.006     -0.015      0.005     -0.022     -0.006     -0.020     -0.002     -0.040     -0.029      0.016     -0.021      0.003      0.008     -0.013      0.036     -0.003      0.035      0.018     -0.023     -0.014     -0.013      0.090     -0.248     -0.228      0.166      0.047     -0.009     -0.112     -0.014     -0.063      0.009     -0.022
     0.017     -0.027      0.020     -0.010      0.028      0.022     -0.023      0.003      0.000      0.004      0.036     -0.011     -0.009     -0.002     -0.014     -0.026      0.003      0.020      0.005     -0.003     -0.009     -0.015     -0.009     -0.013     -0.027     -0.006      0.007      0.008      0.008      0.052      0.000     -0.016     -0.046      0.004      0.003     -0.039      0.031     -0.020     -0.049     -0.015     -0.028      0.018      0.005     -0.066     -0.360      0.093     -0.059      0.088     -0.160     -0.035     -0.031      0.057     -0.079      8.920

Derivative matrix of expected statistics X by parameters and
covariance/correlation matrix of X can be found using
summary(ans) within R, or by using the 'verbose' option in Siena07.
 
Total computation time 734.82 seconds.
