

-----------------------------------
New Analysis started.
Date and time: 21/09/2026 16:51:39
New results follow.
-----------------------------------

RSiena version 1.3.10 (28 Apr 22)


@1
Estimation by stochastic approximation algorithm.
=================================================

Current random number seed is 52020092.
Effects object used: bound$effects 
Model Type:
 Initiative model
Behavioral Model Type:
 Standard behavior actor-oriented model ('restrict')
Estimation method: unconditional moment estimation
.

Time duration for simulations in each period is 1.0.
Changing composition.
Joiners/leavers option: 1
Standard errors are estimated with the likelihood ratio method.
Dolby method (regression on scores) is used.
Initial value of gain parameter is  0.2000000.
Reduction factor for gain parameter is  0.5000000.
Number of subphases in Phase 2 is 0.

Initial parameter values are 
  1. rate:  constant dv.net rate (period 1)                 0.0473
  2. rate:  constant dv.net rate (period 2)                 0.1391
  3. rate:  constant dv.net rate (period 3)                 0.4310
  4. rate:  constant dv.net rate (period 4)                 0.3476
  5. rate:  constant dv.net rate (period 5)                 0.3250
  6. rate:  constant dv.net rate (period 6)                 0.3208
  7. rate:  constant dv.net rate (period 7)                 0.3967
  8. rate:  constant dv.net rate (period 8)                 0.3074
  9. rate:  constant dv.net rate (period 9)                 0.3287
 10. rate:  constant dv.net rate (period 10)                0.2760
 11. rate:  constant dv.net rate (period 11)                0.3217
 12. rate:  constant dv.net rate (period 12)                0.4457
 13. rate:  constant dv.net rate (period 13)                0.3531
 14. rate:  constant dv.net rate (period 14)                0.3229
 15. rate:  constant dv.net rate (period 15)                0.2891
 16. rate:  constant dv.net rate (period 16)                0.5158
 17. rate:  constant dv.net rate (period 17)                0.3417
 18. rate:  constant dv.net rate (period 18)                0.3967
 19. eval:  degree (density)                               -5.5374
 20. eval:  transitive triads                               0.1578
 21. eval:  degree act+pop                                  0.0570
 22. eval:  nets.lndistance_d                              -0.8552
 23. eval:  nets.ATOP_d                                     1.0976
 24. eval:  nets.absidealdiff_d                            -0.6057
 25. eval:  nets.lntrade_d                                  0.0708
 26. eval:  nets.NATO_d                                    -3.3757
 27. eval:  milex.beh alter                                -0.0585
 28. eval:  beh.democracy_1 alter                           1.4643
 29. eval:  beh.lncinc_1 alter                              0.7991
 30. rate:  rate milex.beh (period 1)                       0.9398
 31. rate:  rate milex.beh (period 2)                       1.3010
 32. rate:  rate milex.beh (period 3)                       1.3508
 33. rate:  rate milex.beh (period 4)                       1.1891
 34. rate:  rate milex.beh (period 5)                       0.6938
 35. rate:  rate milex.beh (period 6)                       0.5687
 36. rate:  rate milex.beh (period 7)                       0.4747
 37. rate:  rate milex.beh (period 8)                       0.5197
 38. rate:  rate milex.beh (period 9)                       0.3740
 39. rate:  rate milex.beh (period 10)                      1.7108
 40. rate:  rate milex.beh (period 11)                      0.5872
 41. rate:  rate milex.beh (period 12)                      1.3212
 42. rate:  rate milex.beh (period 13)                      0.3236
 43. rate:  rate milex.beh (period 14)                      0.3021
 44. rate:  rate milex.beh (period 15)                      1.0880
 45. rate:  rate milex.beh (period 16)                      0.4102
 46. rate:  rate milex.beh (period 17)                      0.3568
 47. rate:  rate milex.beh (period 18)                      0.4041
 48. eval:  milex.beh linear shape                         -1.1736
 49. eval:  milex.beh quadratic shape                      -0.0280
 50. eval:  milex.beh degree                                0.0894
 51. eval:  milex.beh dense triads                         -0.0208
 52. eval:  milex.beh: effect from beh.democracy_1         -0.4473
 53. eval:  milex.beh: effect from beh.GDPgrowth_1         -2.2413
 54. eval:  milex.beh: effect from beh.nato_1               0.8752
 55. eval:  milex.beh: effect from beh.allies_1            -0.0111
 56. eval:  milex.beh: effect from beh.military_1           0.2614
 57. eval:  milex.beh: effect from beh.lnmids_1             0.1356
 58. eval:  milex.beh: effect from beh.milexSpLag_1         7.2256


Observed values of target statistics are
  1. Amount of network change in period 1                                10.0000
  2. Amount of network change in period 2                                34.0000
  3. Amount of network change in period 3                                86.0000
  4. Amount of network change in period 4                                94.0000
  5. Amount of network change in period 5                                76.0000
  6. Amount of network change in period 6                                76.0000
  7. Amount of network change in period 7                                94.0000
  8. Amount of network change in period 8                                78.0000
  9. Amount of network change in period 9                                84.0000
 10. Amount of network change in period 10                               72.0000
 11. Amount of network change in period 11                               84.0000
 12. Amount of network change in period 12                              114.0000
 13. Amount of network change in period 13                               94.0000
 14. Amount of network change in period 14                               88.0000
 15. Amount of network change in period 15                               80.0000
 16. Amount of network change in period 16                              138.0000
 17. Amount of network change in period 17                               96.0000
 18. Amount of network change in period 18                              112.0000
 19. Number of edges                                                   5257.0000
 20. Number of transitive triads                                       7339.0000
 21. Sum of squared degrees                                            333172.0000
 22. Sum of ties x nets.lndistance_d                                   -10629.6066
 23. Sum of ties x nets.ATOP_d                                         5960.4379
 24. Sum of ties x nets.absidealdiff_d                                 -2858.5692
 25. Sum of ties x nets.lntrade_d                                      37643.5933
 26. Sum of ties x nets.NATO_d                                         1247.4871
 27. Sum of degrees x milex.beh                                        -136.5119
 28. Sum of degrees x beh.democracy_1                                  2911.8786
 29. Sum of degrees x beh.lncinc_1                                     13015.0208
 30. Amount of behavioral change in period 1 on milex.beh                41.0000
 31. Amount of behavioral change in period 2 on milex.beh                50.0000
 32. Amount of behavioral change in period 3 on milex.beh                57.0000
 33. Amount of behavioral change in period 4 on milex.beh                52.0000
 34. Amount of behavioral change in period 5 on milex.beh                37.0000
 35. Amount of behavioral change in period 6 on milex.beh                32.0000
 36. Amount of behavioral change in period 7 on milex.beh                28.0000
 37. Amount of behavioral change in period 8 on milex.beh                31.0000
 38. Amount of behavioral change in period 9 on milex.beh                24.0000
 39. Amount of behavioral change in period 10 on milex.beh               71.0000
 40. Amount of behavioral change in period 11 on milex.beh               34.0000
 41. Amount of behavioral change in period 12 on milex.beh               55.0000
 42. Amount of behavioral change in period 13 on milex.beh               18.0000
 43. Amount of behavioral change in period 14 on milex.beh               17.0000
 44. Amount of behavioral change in period 15 on milex.beh               48.0000
 45. Amount of behavioral change in period 16 on milex.beh               20.0000
 46. Amount of behavioral change in period 17 on milex.beh               18.0000
 47. Amount of behavioral change in period 18 on milex.beh               21.0000
 48. milex.beh centered sum                                             -69.2728
 49. milex.beh sum of cent. squares                                    5872.2362
 50. milex.beh outdegrees                                              -140.2801
 51. milex.beh dense triads                                            -2487.5508
 52. milex.beh x beh.democracy_1                                       -379.2596
 53. milex.beh x beh.GDPgrowth_1                                         -0.6794
 54. milex.beh x beh.nato_1                                              58.7026
 55. milex.beh x beh.allies_1                                          -4906.7851
 56. milex.beh x beh.military_1                                         125.8892
 57. milex.beh x beh.lnmids_1                                           583.7664
 58. milex.beh x beh.milexSpLag_1                                        23.9632

 58 parameters, 58 statistics

Number of subphases is specified as 0.
Therefore the estimation phase is skipped
 and the program passes on immediately to phase 3
 for checking the current parameter values and calculating standard errors.
Estimation of derivatives by the LR method (type 1).


@2
End of stochastic approximation algorithm, phase 3.
---------------------------------------------------

Total of 3000 iterations.
Parameter estimates based on 0 iterations,
convergence diagnostics, covariance and derivative matrices based on 3000 iterations.

Information for convergence diagnosis.
Averages, standard deviations, and t-ratios for deviations from targets:
  1.  -0.0400    4.3142  -0.0093 
  2.   0.0447    8.2843   0.0054 
  3.   0.4927   12.0743   0.0408 
  4.  -0.0733   13.8935  -0.0053 
  5.   0.2727   11.7710   0.0232 
  6.   0.3627   11.8423   0.0306 
  7.  -0.2000   13.2886  -0.0151 
  8.  -0.4920   11.8209  -0.0416 
  9.   0.1153   12.7639   0.0090 
 10.   0.1893   11.4912   0.0165 
 11.   0.1573   12.5411   0.0125 
 12.  -0.5687   14.1815  -0.0401 
 13.  -0.3180   13.6852  -0.0232 
 14.  -0.0927   13.3260  -0.0070 
 15.   0.1927   12.4512   0.0155 
 16.  -0.3447   16.0976  -0.0214 
 17.   0.2093   13.3308   0.0157 
 18.  -0.0480   14.6360  -0.0033 
 19.  -0.0743   28.0196  -0.0027 
 20.  -1.6693   90.0308  -0.0185 
 21. -81.2600 2822.3498  -0.0288 
 22.   1.7992   67.2124   0.0268 
 23.  -0.0203   33.6273  -0.0006 
 24.  -0.1472   47.3214  -0.0031 
 25.  -5.2689  203.1420  -0.0259 
 26.  -0.0175   10.8345  -0.0016 
 27.  -2.8516   54.2672  -0.0525 
 28.   1.2025   20.1416   0.0597 
 29.  -0.5416   89.3103  -0.0061 
 30.   0.2683    5.6985   0.0471 
 31.  -0.0880    5.9160  -0.0149 
 32.  -0.0020    6.5504  -0.0003 
 33.   0.2173    6.3911   0.0340 
 34.   0.0203    5.4737   0.0037 
 35.   0.1960    5.3761   0.0365 
 36.   0.0230    4.9392   0.0047 
 37.  -0.0067    5.1359  -0.0013 
 38.  -0.0510    4.4946  -0.0113 
 39.  -0.2253    7.0303  -0.0321 
 40.   0.1050    5.3578   0.0196 
 41.  -0.0263    6.1888  -0.0043 
 42.  -0.0693    3.9315  -0.0176 
 43.   0.2230    3.9668   0.0562 
 44.   0.2030    5.9215   0.0343 
 45.  -0.1190    4.2074  -0.0283 
 46.   0.0200    3.9832   0.0050 
 47.  -0.0513    4.3173  -0.0119 
 48.  -1.5063   24.7661  -0.0608 
 49.  -4.0411   98.4025  -0.0411 
 50.  -6.8127  185.9605  -0.0366 
 51.  -7.9333  498.3365  -0.0159 
 52.   0.0750   12.2384   0.0061 
 53.  -0.0100    2.2048  -0.0045 
 54.   0.0128    9.5976   0.0013 
 55.  -7.9449  474.1215  -0.0168 
 56.   0.1892    6.7747   0.0279 
 57.   0.0390   15.8962   0.0025 
 58.  -0.0070    0.5061  -0.0139 

Good convergence is indicated by the t-ratios being close to zero.

Overall maximum convergence ratio =  0.2093 .



@2
Estimation Results.
-------------------

Regular end of estimation algorithm.
Total of 3000 iteration steps.


@3
Estimates and standard errors
                             
Network Dynamics
 1. rate:  constant dv.net rate (period 1)                         0.0473  (   0.0220)
 2. rate:  constant dv.net rate (period 2)                         0.1391  (   0.0339)
 3. rate:  constant dv.net rate (period 3)                         0.4310  (   0.0831)
 4. rate:  constant dv.net rate (period 4)                         0.3476  (   0.0515)
 5. rate:  constant dv.net rate (period 5)                         0.3250  (   0.0588)
 6. rate:  constant dv.net rate (period 6)                         0.3208  (   0.0579)
 7. rate:  constant dv.net rate (period 7)                         0.3967  (   0.0647)
 8. rate:  constant dv.net rate (period 8)                         0.3074  (   0.0538)
 9. rate:  constant dv.net rate (period 9)                         0.3287  (   0.0543)
10. rate:  constant dv.net rate (period 10)                        0.2760  (   0.0489)
11. rate:  constant dv.net rate (period 11)                        0.3217  (   0.0529)
12. rate:  constant dv.net rate (period 12)                        0.4457  (   0.0663)
13. rate:  constant dv.net rate (period 13)                        0.3531  (   0.0536)
14. rate:  constant dv.net rate (period 14)                        0.3229  (   0.0491)
15. rate:  constant dv.net rate (period 15)                        0.2891  (   0.0473)
16. rate:  constant dv.net rate (period 16)                        0.5158  (   0.0658)
17. rate:  constant dv.net rate (period 17)                        0.3417  (   0.0515)
18. rate:  constant dv.net rate (period 18)                        0.3967  (   0.0552)
19. eval:  degree (density)                                       -5.5374  (   0.2277)
20. eval:  transitive triads                                       0.1578  (   0.0517)
21. eval:  degree act+pop                                          0.0570  (   0.0051)
22. eval:  nets.lndistance_d                                      -0.8552  (   0.0718)
23. eval:  nets.ATOP_d                                             1.0976  (   0.1372)
24. eval:  nets.absidealdiff_d                                    -0.6057  (   0.0710)
25. eval:  nets.lntrade_d                                          0.0708  (   0.0299)
26. eval:  nets.NATO_d                                            -3.3757  (   0.3525)
27. eval:  milex.beh alter                                        -0.0585  (   0.0565)
28. eval:  beh.democracy_1 alter                                   1.4643  (   0.2441)
29. eval:  beh.lncinc_1 alter                                      0.7991  (   0.0688)
Behavior Dynamics

30. rate:  rate milex.beh (period 1)                               0.9398  (   0.1813)
31. rate:  rate milex.beh (period 2)                               1.3010  (   0.2570)
32. rate:  rate milex.beh (period 3)                               1.3508  (   0.2368)
33. rate:  rate milex.beh (period 4)                               1.1891  (   0.2325)
34. rate:  rate milex.beh (period 5)                               0.6938  (   0.1372)
35. rate:  rate milex.beh (period 6)                               0.5687  (   0.1108)
36. rate:  rate milex.beh (period 7)                               0.4747  (   0.0971)
37. rate:  rate milex.beh (period 8)                               0.5197  (   0.1097)
38. rate:  rate milex.beh (period 9)                               0.3740  (   0.0861)
39. rate:  rate milex.beh (period 10)                              1.7108  (   0.3220)
40. rate:  rate milex.beh (period 11)                              0.5872  (   0.1124)
41. rate:  rate milex.beh (period 12)                              1.3212  (   0.2887)
42. rate:  rate milex.beh (period 13)                              0.3236  (   0.0874)
43. rate:  rate milex.beh (period 14)                              0.3021  (   0.0779)
44. rate:  rate milex.beh (period 15)                              1.0880  (   0.2013)
45. rate:  rate milex.beh (period 16)                              0.4102  (   0.1071)
46. rate:  rate milex.beh (period 17)                              0.3568  (   0.0920)
47. rate:  rate milex.beh (period 18)                              0.4041  (   0.0985)
48. eval:  milex.beh linear shape                                 -1.1736  (   0.0790)
49. eval:  milex.beh quadratic shape                              -0.0280  (   0.0238)
50. eval:  milex.beh degree                                        0.0894  (   0.0235)
51. eval:  milex.beh dense triads                                 -0.0208  (   0.0073)
52. eval:  milex.beh: effect from beh.democracy_1                 -0.4473  (   0.1343)
53. eval:  milex.beh: effect from beh.GDPgrowth_1                 -2.2413  (   0.8700)
54. eval:  milex.beh: effect from beh.nato_1                       0.8752  (   0.1650)
55. eval:  milex.beh: effect from beh.allies_1                    -0.0111  (   0.0034)
56. eval:  milex.beh: effect from beh.military_1                   0.2614  (   0.1907)
57. eval:  milex.beh: effect from beh.lnmids_1                     0.1356  (   0.0911)
58. eval:  milex.beh: effect from beh.milexSpLag_1                 7.2256  (   2.7226)


@3
Covariance matrices
                   
Covariance matrix of estimates (correlations below diagonal):
     0.000      0.000      0.000      0.000      0.000      0.000      0.000      0.000      0.000      0.000      0.000      0.000      0.000      0.000      0.000      0.000      0.000      0.000      0.000      0.000      0.000      0.000      0.000      0.000      0.000      0.000      0.000      0.000      0.000      0.000      0.000      0.000      0.000      0.000      0.000      0.000      0.000      0.000      0.000      0.000      0.000      0.000      0.000      0.000      0.000      0.000      0.000      0.000      0.000      0.000      0.000      0.000     -0.001      0.000      0.000      0.000      0.000      0.000
    -0.006      0.001      0.000      0.000      0.000      0.000      0.000      0.000      0.000      0.000      0.000      0.000      0.000      0.000      0.000      0.000      0.000      0.000     -0.001      0.000      0.000      0.000      0.000      0.000      0.000      0.000      0.000      0.000      0.000      0.000      0.000      0.000      0.000      0.000      0.000      0.000      0.000      0.000      0.000      0.000      0.000      0.000      0.000      0.000      0.000      0.000      0.000      0.000      0.000      0.000      0.000      0.000      0.000      0.000      0.000      0.000      0.000      0.001
     0.008      0.025      0.007      0.000      0.000      0.000      0.000      0.000      0.000      0.000      0.000      0.000      0.000      0.000      0.000      0.000      0.000      0.000      0.000      0.000      0.000      0.000     -0.001      0.000      0.000      0.002      0.000     -0.003     -0.001      0.000      0.000      0.001      0.000      0.000      0.000      0.000      0.000      0.000      0.001      0.000      0.000      0.000      0.000      0.000      0.000      0.000      0.000      0.000      0.000      0.000      0.000      0.000      0.003      0.000      0.000     -0.001      0.000      0.006
     0.020     -0.007      0.009      0.003      0.000      0.000      0.000      0.000      0.000      0.000      0.000      0.000      0.000      0.000      0.000      0.000      0.000      0.000     -0.001      0.000      0.000      0.000      0.000      0.000      0.000      0.000      0.000     -0.001      0.000      0.000      0.000      0.000      0.000      0.000      0.000      0.000      0.000      0.000      0.000      0.000      0.000      0.000      0.000      0.000      0.000      0.000      0.000      0.000      0.000      0.000      0.000      0.000      0.001      0.000      0.000      0.000      0.000     -0.002
    -0.010      0.002      0.045      0.034      0.003      0.000      0.000      0.000      0.000      0.000      0.000      0.000      0.000      0.000      0.000      0.000      0.000      0.000      0.000      0.000      0.000      0.000      0.000      0.000      0.000      0.000      0.000     -0.001      0.000      0.000      0.000      0.000      0.000      0.000      0.000      0.000      0.000      0.000      0.000      0.000      0.000      0.000      0.000      0.000      0.000      0.000      0.000      0.000      0.000      0.000      0.000      0.000      0.001      0.000      0.000      0.000      0.000     -0.001
     0.000      0.021      0.038      0.057      0.022      0.003      0.000      0.000      0.000      0.000      0.000      0.000      0.000      0.000      0.000      0.000      0.000      0.000     -0.001      0.000      0.000      0.000      0.000      0.000      0.000      0.000      0.000     -0.001      0.000      0.000      0.000      0.000      0.000      0.000      0.000      0.000      0.000      0.000      0.000      0.000      0.000      0.000      0.000      0.000      0.000      0.000      0.000      0.000      0.000      0.000      0.000      0.000      0.000      0.000      0.000      0.000      0.000      0.000
     0.008      0.022      0.055      0.044      0.026      0.030      0.004      0.000      0.000      0.000      0.000      0.000      0.000      0.000      0.000      0.000      0.000      0.000     -0.001      0.000      0.000      0.000      0.000      0.000      0.000      0.000      0.000     -0.001      0.000      0.000      0.000      0.000      0.000      0.000      0.000      0.000      0.000      0.000      0.001      0.000      0.000      0.000      0.000      0.000      0.000      0.000      0.000      0.000      0.000      0.000      0.000      0.000      0.002      0.000      0.000      0.000      0.000     -0.003
     0.009      0.006      0.004     -0.002      0.009      0.027      0.034      0.003      0.000      0.000      0.000      0.000      0.000      0.000      0.000      0.000      0.000      0.000      0.000      0.000      0.000      0.000      0.000      0.000      0.000      0.000      0.000     -0.001      0.000      0.000      0.000      0.000      0.000      0.000      0.000      0.000      0.000      0.000      0.000      0.000      0.000      0.000      0.000      0.000      0.000      0.000      0.000      0.000      0.000      0.000      0.000      0.000      0.001      0.000      0.000      0.000      0.000     -0.001
     0.024     -0.025      0.023      0.048      0.069     -0.001      0.044      0.027      0.003      0.000      0.000      0.000      0.000      0.000      0.000      0.000      0.000      0.000      0.000      0.000      0.000      0.000      0.000      0.000      0.000      0.000      0.000      0.000      0.000      0.000      0.000      0.000     -0.001      0.000      0.000      0.000      0.000      0.000      0.000      0.000      0.000      0.000      0.000      0.000      0.000      0.000      0.000      0.000      0.000      0.000      0.000      0.000     -0.001      0.000      0.000      0.000      0.000     -0.002
     0.032      0.000     -0.002      0.031      0.008      0.040     -0.005      0.009      0.014      0.002      0.000      0.000      0.000      0.000      0.000      0.000      0.000      0.000      0.000      0.000      0.000      0.000      0.000      0.000      0.000      0.000      0.000     -0.001      0.000      0.000      0.000      0.000      0.000      0.000      0.000      0.000      0.000      0.000      0.000      0.000      0.000      0.000      0.000      0.000      0.000      0.000      0.000      0.000      0.000      0.000      0.000      0.000     -0.001      0.000      0.000      0.000      0.000     -0.001
     0.002      0.007      0.018      0.047      0.014      0.012     -0.015     -0.011      0.023      0.009      0.003      0.000      0.000      0.000      0.000      0.000      0.000      0.000      0.000      0.000      0.000      0.000      0.000      0.000      0.000      0.000      0.000     -0.001      0.000      0.000      0.000      0.000      0.000      0.000      0.000      0.000      0.000      0.000      0.000      0.000      0.000      0.000      0.000      0.000      0.000      0.000      0.000      0.000      0.000      0.000      0.000      0.000      0.000      0.000      0.000      0.000      0.000     -0.001
    -0.018      0.004      0.004      0.019      0.006     -0.009      0.019      0.027     -0.016      0.010      0.023      0.004      0.000      0.000      0.000      0.000      0.000      0.000      0.000      0.000      0.000      0.000      0.000      0.000      0.000      0.000      0.000     -0.001      0.000      0.000      0.000      0.000      0.000      0.000      0.000      0.000      0.000      0.000      0.001      0.000      0.001      0.000      0.000      0.001      0.000      0.000      0.000      0.000      0.000      0.000      0.000      0.000      0.002      0.000      0.000      0.000      0.000     -0.001
    -0.032      0.037      0.017      0.018      0.004      0.023      0.025      0.022      0.005     -0.022      0.008      0.002      0.003      0.000      0.000      0.000      0.000      0.000      0.000      0.000      0.000      0.000      0.000      0.000      0.000      0.000      0.000      0.000      0.000      0.000      0.000      0.000      0.000      0.000      0.000      0.000      0.000      0.000     -0.001      0.000      0.000      0.000      0.000      0.000      0.000      0.000      0.000      0.000      0.000      0.000      0.000      0.000     -0.001      0.000      0.000      0.000      0.000     -0.002
     0.005      0.021      0.042     -0.017      0.022      0.017      0.010      0.027     -0.002      0.010      0.017     -0.010      0.007      0.002      0.000      0.000      0.000      0.000      0.000      0.000      0.000      0.000      0.000      0.000      0.000      0.000      0.000      0.000      0.000      0.000      0.000      0.000      0.000      0.000      0.000      0.000      0.000      0.000      0.000      0.000      0.001      0.000      0.000      0.000      0.000      0.000      0.000      0.000      0.000      0.000      0.000      0.000      0.000      0.000      0.000      0.000      0.000     -0.002
    -0.017      0.002      0.011     -0.007      0.022      0.004      0.003     -0.019     -0.028      0.012     -0.020      0.001      0.007     -0.004      0.002      0.000      0.000      0.000      0.000      0.000      0.000      0.000      0.000      0.000      0.000      0.000      0.000      0.000      0.000      0.000      0.000      0.000      0.000      0.000      0.000      0.000      0.000      0.000      0.000      0.000      0.000      0.000      0.000      0.000      0.000      0.000      0.000      0.000      0.000      0.000      0.000      0.000      0.000      0.000      0.000      0.000      0.000      0.001
     0.007      0.002      0.010      0.001      0.005      0.015     -0.033      0.011      0.034     -0.007     -0.036      0.004     -0.007      0.016     -0.005      0.004      0.000      0.000      0.000      0.000      0.000      0.000      0.000      0.000      0.000      0.000      0.000      0.000      0.000      0.000      0.000      0.001      0.000      0.000      0.000      0.000      0.000      0.000      0.000      0.000     -0.001      0.000      0.000      0.000      0.000      0.000      0.000      0.000      0.000      0.000      0.000      0.000     -0.001      0.000      0.000      0.000      0.000      0.004
     0.019      0.000      0.040     -0.041      0.027      0.022      0.016     -0.003     -0.023      0.018      0.009      0.003     -0.010     -0.019      0.010      0.029      0.003      0.000      0.000      0.000      0.000      0.000      0.000      0.000      0.000      0.000      0.000     -0.001      0.000      0.000      0.000      0.000      0.000      0.000      0.000      0.000      0.000      0.000      0.000      0.000      0.000      0.000      0.000      0.000      0.000      0.000      0.000      0.000      0.000      0.000      0.000      0.000      0.001      0.000      0.000      0.000      0.000     -0.003
     0.010      0.039     -0.019      0.003      0.028     -0.021     -0.020     -0.034     -0.004      0.030      0.048      0.003      0.005      0.004     -0.015      0.031      0.041      0.003      0.000      0.000      0.000      0.000      0.000      0.000      0.000      0.000      0.000      0.000      0.000      0.000      0.000      0.000      0.000      0.000      0.000      0.000      0.000      0.000      0.000      0.000      0.000      0.000      0.000      0.000      0.000      0.000      0.000      0.000      0.000      0.000      0.000      0.000     -0.001      0.000      0.000      0.000      0.000      0.000
    -0.041     -0.068     -0.003     -0.071     -0.014     -0.052     -0.061      0.003     -0.040     -0.004     -0.004     -0.005     -0.012      0.023     -0.016      0.026      0.023      0.003      0.052     -0.003      0.000      0.007     -0.007      0.006      0.000      0.026      0.002     -0.021     -0.009      0.000      0.002     -0.001      0.000      0.001      0.000     -0.001      0.000     -0.001     -0.002      0.000     -0.001      0.000      0.000      0.002      0.000      0.001      0.000      0.000      0.000      0.000      0.000      0.001     -0.009     -0.001      0.000      0.001     -0.001     -0.007
     0.009     -0.012     -0.027     -0.007     -0.053     -0.001     -0.002     -0.003      0.012      0.000      0.011      0.015     -0.023     -0.009      0.010      0.000      0.010      0.024     -0.295      0.003      0.000     -0.001      0.000     -0.001      0.000     -0.008      0.000      0.004      0.001      0.000      0.000      0.000      0.000      0.000      0.000      0.000      0.000      0.000      0.001      0.000      0.000      0.000      0.000      0.000      0.000      0.000      0.000      0.000      0.000      0.000      0.000      0.000      0.001      0.000      0.000      0.000      0.000      0.001
     0.061      0.091      0.114      0.118      0.092      0.063      0.093      0.031      0.039      0.041      0.042      0.005      0.013      0.024     -0.021     -0.037     -0.010     -0.059     -0.292     -0.541      0.000      0.000      0.000      0.000      0.000      0.000      0.000      0.000      0.000      0.000      0.000      0.000      0.000      0.000      0.000      0.000      0.000      0.000      0.000      0.000      0.000      0.000      0.000      0.000      0.000      0.000      0.000      0.000      0.000      0.000      0.000      0.000      0.000      0.000      0.000      0.000      0.000      0.000
    -0.007      0.025      0.081      0.059      0.086      0.065      0.060      0.042      0.058      0.070      0.024      0.019      0.046      0.033      0.017      0.028      0.005      0.013      0.411     -0.168      0.067      0.005      0.001      0.000      0.001      0.004      0.000     -0.004     -0.003      0.000      0.000      0.000      0.000      0.000      0.000      0.000      0.000      0.000      0.000      0.000     -0.001      0.000      0.000      0.000      0.000      0.000      0.000      0.000      0.000      0.000      0.000      0.000     -0.002      0.000      0.000      0.000      0.000      0.003
    -0.013     -0.015     -0.082     -0.018     -0.023      0.007     -0.028     -0.001     -0.009     -0.022     -0.065     -0.033     -0.006     -0.064      0.026     -0.030     -0.018     -0.024     -0.240      0.042     -0.053      0.148      0.019      0.001     -0.001     -0.008     -0.001      0.010      0.002      0.000      0.000      0.000      0.000      0.000      0.000      0.000      0.000      0.000      0.002      0.000     -0.001      0.000      0.000     -0.001      0.000      0.000      0.000      0.000      0.000      0.000      0.000      0.000     -0.002      0.000      0.000      0.000      0.000     -0.003
     0.021      0.003      0.016     -0.008      0.022      0.006      0.010      0.038      0.000     -0.001      0.000      0.004     -0.038     -0.024      0.009      0.011      0.032      0.019      0.367     -0.172     -0.029      0.086      0.088      0.005      0.000      0.006     -0.001     -0.005     -0.001      0.000      0.000      0.000     -0.001      0.000      0.000      0.000      0.000      0.000      0.000      0.000     -0.001      0.000      0.000      0.000      0.000      0.000      0.000      0.000      0.000      0.000      0.000      0.000     -0.002      0.000      0.000      0.000      0.000      0.005
     0.029      0.057      0.093      0.077      0.099      0.062      0.065      0.035      0.089      0.078      0.046      0.028      0.049      0.057     -0.005      0.006      0.020      0.014      0.009     -0.130      0.214      0.458     -0.207     -0.099      0.001     -0.001      0.000     -0.001     -0.001      0.000      0.000      0.000      0.000      0.000      0.000      0.000      0.000      0.000      0.000      0.000      0.000      0.000      0.000      0.000      0.000      0.000      0.000      0.000      0.000      0.000      0.000      0.000      0.000      0.000      0.000      0.000      0.000      0.001
    -0.031     -0.027      0.056      0.005      0.021      0.019      0.012      0.009     -0.008     -0.016      0.021      0.019      0.013     -0.006      0.014      0.018      0.005      0.011      0.327     -0.450      0.057      0.142     -0.168      0.240     -0.101      0.124     -0.002     -0.032     -0.004     -0.001      0.002     -0.002     -0.002      0.001      0.000      0.001      0.001      0.000     -0.002      0.000      0.002      0.000      0.000      0.001      0.000      0.000     -0.001      0.000      0.000      0.000      0.000      0.002     -0.002     -0.001      0.000      0.001      0.001     -0.007
    -0.028      0.002     -0.043     -0.022     -0.005     -0.044     -0.033     -0.018     -0.026     -0.017      0.031     -0.013      0.020      0.038     -0.020      0.028     -0.005      0.020      0.120      0.145     -0.200     -0.002     -0.164     -0.351      0.032     -0.100      0.003      0.003     -0.001      0.000      0.001      0.000      0.000      0.000      0.000      0.000      0.000      0.000      0.000      0.000      0.000      0.000      0.000      0.000      0.000      0.000      0.000      0.000      0.000      0.000      0.000      0.000      0.000      0.000      0.000      0.000      0.000     -0.005
    -0.034     -0.007     -0.142     -0.054     -0.081     -0.051     -0.069     -0.065     -0.009     -0.050     -0.050     -0.062      0.010     -0.020      0.018      0.015     -0.065      0.005     -0.379      0.354     -0.311     -0.216      0.302     -0.279     -0.136     -0.370      0.190      0.060      0.005      0.001     -0.001      0.001      0.001     -0.001      0.001      0.000     -0.001      0.001      0.004     -0.001      0.002      0.001      0.000      0.000      0.000      0.000      0.001      0.000      0.000      0.000      0.000     -0.001     -0.001      0.001      0.000     -0.001      0.000     -0.006
    -0.021     -0.042     -0.121     -0.071     -0.105     -0.047     -0.059     -0.038     -0.066     -0.066     -0.066     -0.028     -0.036     -0.079      0.015     -0.038     -0.035     -0.023     -0.566      0.356     -0.247     -0.614      0.213     -0.276     -0.568     -0.161     -0.137      0.287      0.005      0.000      0.000      0.000      0.000      0.000      0.000      0.000      0.000      0.000      0.000      0.000      0.000      0.000      0.000      0.000      0.000      0.000      0.000      0.000      0.000      0.000      0.000      0.000      0.001      0.000      0.000      0.000      0.000     -0.004
     0.054      0.024      0.006      0.000     -0.028      0.007     -0.018     -0.032     -0.018      0.018      0.007      0.023     -0.007     -0.023     -0.012     -0.008      0.006      0.008      0.006      0.004      0.008      0.005     -0.009      0.003     -0.003     -0.009      0.003      0.013     -0.014      0.033      0.001      0.001      0.000      0.000      0.000      0.000      0.001      0.000      0.001     -0.001      0.001      0.000      0.000      0.000      0.000      0.000      0.000      0.000      0.001      0.000      0.000      0.001      0.005     -0.001      0.000      0.001      0.000      0.010
     0.018     -0.052     -0.016      0.012     -0.018     -0.003     -0.012      0.012      0.010      0.017     -0.004     -0.012     -0.001      0.003     -0.006      0.007      0.000     -0.023      0.040     -0.013     -0.009      0.018     -0.003     -0.012      0.002      0.017      0.046     -0.018     -0.016      0.021      0.066      0.001      0.002      0.000      0.000     -0.001      0.001      0.000     -0.001      0.000      0.001      0.000      0.000      0.001      0.000     -0.001      0.000      0.001      0.001      0.000      0.000      0.002      0.003     -0.003      0.000     -0.002     -0.001     -0.023
     0.046      0.004      0.056     -0.001      0.028      0.000      0.023      0.011     -0.037     -0.004      0.005     -0.006     -0.008      0.015     -0.012      0.038      0.023      0.006     -0.026      0.034     -0.011     -0.010      0.004      0.008     -0.018     -0.020      0.003      0.011      0.019      0.020      0.019      0.056      0.001      0.001      0.001      0.000      0.000      0.000      0.002      0.000     -0.002      0.000      0.000      0.002      0.000      0.000      0.000      0.000      0.001      0.000      0.000      0.002      0.013      0.000      0.000     -0.002      0.000      0.043
    -0.004     -0.027     -0.003      0.020     -0.008     -0.002      0.022     -0.011     -0.041     -0.011     -0.003      0.028      0.009     -0.001     -0.038     -0.008     -0.019     -0.003      0.008      0.006      0.011      0.030     -0.012     -0.031      0.034     -0.022      0.029      0.010     -0.016      0.007      0.027      0.026      0.054      0.001      0.001      0.001     -0.001      0.000      0.004      0.001      0.001      0.000      0.000      0.000      0.000      0.000      0.000      0.000      0.001      0.000      0.000      0.000      0.019     -0.002      0.000     -0.003      0.000      0.008
    -0.012      0.010     -0.004     -0.009     -0.033     -0.004     -0.006      0.006     -0.017     -0.026      0.002      0.010     -0.012     -0.013     -0.002      0.008      0.017      0.001      0.018     -0.021      0.023     -0.011     -0.020      0.040     -0.033      0.013     -0.008     -0.042      0.001     -0.004     -0.014      0.016      0.025      0.019      0.000      0.000      0.000      0.000     -0.001      0.000     -0.001      0.000      0.000      0.000      0.000      0.000      0.000      0.000      0.000      0.000      0.000      0.000      0.007      0.000      0.000      0.001      0.000      0.001
    -0.026     -0.003     -0.006      0.004     -0.017     -0.064     -0.012     -0.006     -0.040     -0.017     -0.007      0.004     -0.003      0.017     -0.014     -0.022      0.005     -0.011     -0.012      0.001     -0.003     -0.008     -0.013     -0.001      0.004     -0.008     -0.023      0.030      0.017      0.020     -0.006      0.034      0.038      0.001      0.012      0.000      0.000      0.000      0.000      0.000      0.000      0.000      0.000      0.000      0.000      0.000      0.000      0.000      0.000      0.000      0.000      0.000      0.003      0.000      0.000     -0.001      0.000     -0.004
     0.024      0.003     -0.006     -0.009      0.008      0.004      0.021      0.012     -0.008      0.004      0.004      0.030      0.015      0.000      0.007      0.013     -0.003     -0.058     -0.025     -0.001     -0.004     -0.007      0.000     -0.002      0.004      0.015     -0.025      0.006      0.020     -0.025     -0.031     -0.001      0.022      0.000      0.018      0.009      0.000      0.000      0.000      0.000      0.000      0.000      0.000      0.000      0.000      0.000      0.000      0.000      0.000      0.000      0.000      0.000      0.000      0.001      0.000      0.000      0.000     -0.001
     0.017      0.024      0.025      0.003     -0.001      0.018     -0.018      0.045      0.025      0.006     -0.001      0.003     -0.008      0.006      0.021      0.004      0.012     -0.004      0.015     -0.002     -0.002     -0.009     -0.011      0.026      0.017      0.015     -0.033     -0.033     -0.015      0.038      0.024      0.001     -0.021     -0.003      0.036     -0.025      0.012      0.000      0.000      0.000      0.000      0.000      0.000      0.000      0.000      0.000      0.000      0.000      0.000      0.000      0.000      0.000      0.002      0.000      0.000      0.000      0.000      0.006
    -0.018     -0.010     -0.019     -0.013      0.011      0.037      0.006      0.007     -0.034      0.005     -0.023     -0.043      0.009      0.019      0.002      0.001      0.031      0.010     -0.036     -0.016      0.018     -0.018      0.028     -0.016      0.007     -0.014      0.002      0.035      0.021     -0.005     -0.011      0.021      0.015      0.020     -0.005     -0.003      0.022      0.007      0.001      0.000      0.000      0.000      0.000      0.000      0.000      0.000      0.000      0.000      0.000      0.000      0.000      0.000      0.002      0.000      0.000      0.000      0.000      0.000
    -0.009     -0.030      0.020     -0.019     -0.012     -0.019      0.029      0.021     -0.014     -0.024     -0.029      0.024     -0.037     -0.004     -0.020     -0.011      0.007     -0.007     -0.021      0.035      0.006      0.022      0.038     -0.013     -0.029     -0.021     -0.002      0.046      0.008      0.012     -0.008      0.028      0.050     -0.025     -0.003      0.001      0.002      0.019      0.104      0.000      0.002      0.000     -0.001     -0.002      0.000      0.000      0.001      0.001      0.000      0.000      0.000     -0.002      0.011      0.000      0.000     -0.002      0.000      0.050
     0.004      0.006      0.006      0.012      0.038     -0.022     -0.010      0.009     -0.016     -0.011     -0.008     -0.008     -0.016      0.008      0.009     -0.022     -0.010      0.004     -0.005     -0.014      0.029      0.022      0.000     -0.007      0.038     -0.004     -0.018     -0.031     -0.022     -0.025     -0.002     -0.018      0.025     -0.003      0.019     -0.026     -0.016     -0.029      0.011      0.013      0.000      0.000      0.000      0.000      0.000      0.000      0.000      0.000      0.000      0.000      0.000      0.000      0.002     -0.001      0.000      0.000      0.000      0.002
     0.005     -0.011     -0.005      0.007      0.027     -0.011     -0.002     -0.007     -0.012     -0.024     -0.017      0.050     -0.003      0.041      0.004     -0.028      0.001     -0.009     -0.016     -0.004     -0.002     -0.030     -0.013     -0.026      0.003      0.023      0.017      0.024      0.012      0.013      0.009     -0.036      0.016     -0.018      0.007      0.011     -0.014     -0.006      0.018     -0.009      0.083      0.000      0.000      0.000      0.000      0.000     -0.001     -0.001      0.000      0.000      0.000     -0.003      0.002      0.000      0.000     -0.001      0.000      0.008
    -0.006      0.002     -0.034     -0.016     -0.023     -0.035      0.000     -0.027      0.018     -0.004      0.001     -0.013     -0.083     -0.013     -0.005     -0.046     -0.018     -0.018      0.020      0.000     -0.031     -0.022      0.012     -0.015     -0.017     -0.012      0.023      0.024      0.016      0.001      0.021      0.024     -0.007      0.006      0.007     -0.002      0.012     -0.017     -0.006      0.001     -0.016      0.008      0.000      0.000      0.000      0.000      0.000      0.000      0.000      0.000      0.000      0.000      0.001      0.000      0.000      0.000      0.000      0.003
    -0.021      0.015      0.024     -0.016      0.039      0.006      0.003      0.019      0.031     -0.007     -0.017     -0.004     -0.025     -0.060     -0.002     -0.012     -0.003     -0.028     -0.026      0.013      0.022      0.027      0.017     -0.064      0.021     -0.017      0.019      0.011     -0.004     -0.017     -0.008      0.027      0.012     -0.013      0.007     -0.010      0.009      0.010     -0.020      0.009     -0.020     -0.019      0.006      0.000      0.000      0.000      0.000      0.000      0.000      0.000      0.000      0.000      0.002      0.000      0.000      0.000      0.000     -0.001
    -0.021      0.000      0.024     -0.011     -0.009     -0.001      0.007     -0.005     -0.020      0.027      0.004      0.042     -0.009      0.002      0.043      0.017      0.003     -0.014      0.040      0.005     -0.038     -0.029     -0.032      0.013     -0.012      0.011      0.036     -0.006     -0.006      0.002      0.013      0.035     -0.001      0.001      0.006     -0.005      0.006      0.010     -0.024      0.008      0.000      0.020     -0.012      0.041      0.000      0.000     -0.001     -0.001      0.000      0.000      0.000     -0.002      0.007     -0.001      0.000      0.000      0.000     -0.010
     0.002     -0.007     -0.021     -0.006     -0.020     -0.007      0.016     -0.009      0.000     -0.009      0.005      0.005     -0.017      0.022      0.020      0.002      0.002      0.029      0.000     -0.005     -0.006     -0.011     -0.009      0.010      0.000      0.006      0.016      0.015     -0.001     -0.006     -0.003     -0.007     -0.002     -0.005      0.022     -0.006      0.006      0.017      0.011     -0.015     -0.002      0.017      0.007      0.016      0.011      0.000      0.000     -0.001      0.000      0.000      0.000      0.000      0.001      0.000      0.000      0.000      0.000     -0.006
     0.004      0.027      0.018      0.003      0.007      0.017      0.006      0.005     -0.003     -0.023     -0.005     -0.009     -0.016      0.002     -0.015     -0.006      0.064     -0.014      0.030      0.005     -0.022     -0.014     -0.017      0.022     -0.031      0.000      0.016     -0.022     -0.001      0.007     -0.036     -0.008     -0.021      0.019     -0.005      0.031      0.037     -0.002      0.004     -0.007      0.015      0.026     -0.002     -0.027      0.000      0.008      0.000     -0.001      0.000      0.000      0.000      0.000     -0.002      0.000      0.000      0.001      0.000      0.007
     0.004     -0.007      0.012      0.008     -0.005      0.006      0.004      0.007      0.005      0.032      0.027      0.014      0.001      0.003      0.005     -0.007     -0.029      0.004     -0.018      0.050     -0.034      0.019      0.022     -0.021     -0.020     -0.029      0.023      0.032      0.017      0.004      0.006      0.013      0.016      0.012      0.022      0.040      0.022      0.029      0.033     -0.026     -0.037      0.026     -0.015     -0.043     -0.014      0.008      0.010     -0.001      0.000      0.000      0.000      0.000     -0.003      0.001      0.000      0.000      0.000      0.000
     0.001     -0.001     -0.006      0.026     -0.007     -0.009     -0.017     -0.026     -0.010     -0.012     -0.006      0.000     -0.024      0.005      0.008     -0.011      0.004      0.007      0.004     -0.009      0.001     -0.009      0.000      0.040     -0.001     -0.009     -0.020     -0.015      0.010      0.006      0.028      0.023     -0.016     -0.008     -0.014     -0.053     -0.038     -0.013      0.025     -0.020     -0.027     -0.052     -0.047     -0.037     -0.064     -0.071     -0.068      0.006      0.000     -0.001      0.000      0.002      0.011     -0.002      0.000     -0.001      0.001     -0.016
     0.014     -0.034      0.016      0.011      0.009     -0.013     -0.006     -0.018     -0.024     -0.010      0.021      0.008     -0.012     -0.007      0.007     -0.023      0.034     -0.016      0.034      0.002     -0.037     -0.007     -0.006     -0.006     -0.029      0.004      0.038      0.032      0.009      0.138      0.151      0.093      0.137      0.069      0.085      0.023      0.044      0.049     -0.011      0.018      0.062      0.029     -0.002      0.053      0.038     -0.011      0.001     -0.121      0.001      0.000      0.000      0.000      0.004      0.000      0.000      0.000      0.000     -0.021
    -0.007      0.028     -0.014     -0.019     -0.014      0.004      0.002      0.047      0.010      0.021      0.005     -0.007      0.001     -0.015     -0.020      0.013     -0.040     -0.014     -0.017      0.017      0.000     -0.001      0.017     -0.026     -0.020      0.010     -0.004      0.008      0.012     -0.064     -0.039     -0.011     -0.053     -0.037     -0.038      0.002      0.012     -0.001      0.005      0.050      0.052      0.016      0.026      0.021      0.021      0.043      0.002     -0.576     -0.124      0.001      0.000     -0.001     -0.001      0.000      0.000      0.000      0.000      0.006
     0.004     -0.022      0.000      0.015      0.007     -0.006      0.003     -0.051     -0.009     -0.013     -0.004     -0.006      0.003      0.015      0.013     -0.020      0.031      0.025      0.025     -0.018     -0.004      0.002     -0.021      0.017      0.028     -0.010      0.004     -0.010     -0.014      0.050      0.038     -0.007      0.051      0.041      0.030     -0.003     -0.009     -0.008     -0.032     -0.055     -0.059     -0.020     -0.024     -0.022     -0.025     -0.021      0.008      0.397      0.103     -0.908      0.000      0.000      0.000      0.000      0.000      0.000      0.000     -0.001
     0.014      0.010      0.027      0.011      0.025     -0.030     -0.014     -0.032     -0.026     -0.019     -0.024     -0.026     -0.015     -0.027     -0.001      0.004      0.003     -0.016      0.024     -0.051      0.032     -0.001      0.005      0.032     -0.030      0.037     -0.014     -0.045     -0.005      0.060      0.066      0.064      0.015      0.018      0.017     -0.035     -0.010      0.014     -0.045     -0.024     -0.084     -0.009     -0.045     -0.056     -0.029     -0.021     -0.015      0.223      0.111     -0.183      0.160      0.018      0.001     -0.010      0.000      0.004      0.001      0.051
    -0.032      0.016      0.038      0.026      0.012      0.002      0.028      0.013     -0.011     -0.018      0.005      0.028     -0.015      0.002     -0.002     -0.023      0.029     -0.015     -0.046      0.015      0.022     -0.033     -0.017     -0.028      0.017     -0.006      0.003     -0.003      0.016      0.032      0.012      0.062      0.093      0.058      0.029      0.002      0.020      0.030      0.039      0.021      0.007      0.011      0.030      0.038      0.006     -0.021     -0.040      0.154      0.216     -0.071      0.038      0.010      0.757      0.003      0.000     -0.011      0.000     -0.281
    -0.024     -0.014      0.013     -0.002     -0.012     -0.002      0.027      0.022      0.007      0.000     -0.007      0.005     -0.002      0.022     -0.010      0.014      0.008     -0.018     -0.014      0.035     -0.013     -0.022     -0.018     -0.015     -0.015     -0.015      0.018      0.013      0.017     -0.018     -0.068     -0.007     -0.041      0.005      0.001      0.034      0.020     -0.013      0.003     -0.029     -0.002      0.015      0.019     -0.023      0.025      0.021      0.044     -0.164     -0.018     -0.078      0.020     -0.440      0.018      0.027      0.000     -0.001     -0.003     -0.021
     0.026     -0.015     -0.002      0.002      0.008      0.033     -0.020     -0.010      0.012      0.028      0.003     -0.007      0.009     -0.006     -0.007      0.012      0.038     -0.011     -0.020      0.005      0.013      0.017      0.001     -0.006      0.031     -0.055      0.004      0.028     -0.004      0.025      0.039      0.038      0.063      0.016      0.001     -0.011     -0.007      0.018      0.022      0.030      0.003     -0.008     -0.005      0.032     -0.030     -0.068     -0.065      0.424      0.079     -0.381      0.231      0.001      0.036     -0.318      0.000      0.000      0.000      0.000
     0.006      0.012     -0.032     -0.014      0.000     -0.011      0.004     -0.002     -0.016      0.005     -0.019     -0.009      0.030      0.010     -0.004     -0.002      0.032      0.007      0.021     -0.027      0.028     -0.010     -0.007      0.034     -0.023      0.019     -0.026     -0.025     -0.017      0.020     -0.049     -0.034     -0.062      0.022     -0.024      0.019     -0.007      0.022     -0.036     -0.001     -0.015      0.003     -0.003      0.002     -0.022      0.030     -0.014     -0.072     -0.088      0.056     -0.039      0.174     -0.064     -0.021      0.060      0.036      0.000      0.039
    -0.010      0.035      0.012     -0.010      0.036     -0.002     -0.028      0.000     -0.006     -0.021      0.017      0.007      0.020      0.010     -0.013     -0.001      0.013      0.003     -0.031     -0.015      0.023     -0.020      0.020      0.009      0.003      0.017     -0.023     -0.013      0.013      0.006     -0.050     -0.018      0.008     -0.003      0.023      0.009      0.001      0.034     -0.017     -0.025     -0.017     -0.003      0.000      0.014     -0.017      0.006      0.024      0.079     -0.230     -0.225      0.191      0.085     -0.006     -0.177      0.040      0.006      0.008     -0.018
     0.005      0.009      0.027     -0.014     -0.004      0.000     -0.014     -0.010     -0.016     -0.010     -0.008     -0.003     -0.015     -0.012      0.011      0.021     -0.019      0.002     -0.012      0.005      0.032      0.015     -0.008      0.027      0.015     -0.007     -0.030     -0.009     -0.023      0.021     -0.033      0.066      0.013      0.002     -0.012     -0.006      0.021      0.001      0.057      0.005      0.010      0.012     -0.004     -0.018     -0.019      0.026      0.001     -0.073     -0.331      0.088     -0.070      0.140     -0.118     -0.046      0.000      0.076     -0.073      7.412

Derivative matrix of expected statistics X by parameters and
covariance/correlation matrix of X can be found using
summary(ans) within R, or by using the 'verbose' option in Siena07.
 
Total computation time 671.24 seconds.
