

-----------------------------------
New Analysis started.
Date and time: 21/09/2026 16:54:49
New results follow.
-----------------------------------

RSiena version 1.3.10 (28 Apr 22)


@1
Estimation by stochastic approximation algorithm.
=================================================

Current random number seed is 52020081.
Effects object used: bound$effects 
Model Type:
 Initiative model
Behavioral Model Type:
 Standard behavior actor-oriented model ('restrict')
Estimation method: unconditional moment estimation
.

Time duration for simulations in each period is 1.0.
Changing composition.
Joiners/leavers option: 1
Standard errors are estimated with the likelihood ratio method.
Dolby method (regression on scores) is used.
Initial value of gain parameter is  0.2000000.
Reduction factor for gain parameter is  0.5000000.
Number of subphases in Phase 2 is 0.

Initial parameter values are 
  1. rate:  constant dv.net rate (period 1)                 0.0595
  2. rate:  constant dv.net rate (period 2)                 0.1648
  3. rate:  constant dv.net rate (period 3)                 0.5605
  4. rate:  constant dv.net rate (period 4)                 0.4023
  5. rate:  constant dv.net rate (period 5)                 0.3889
  6. rate:  constant dv.net rate (period 6)                 0.3621
  7. rate:  constant dv.net rate (period 7)                 0.4637
  8. rate:  constant dv.net rate (period 8)                 0.3592
  9. rate:  constant dv.net rate (period 9)                 0.3773
 10. rate:  constant dv.net rate (period 10)                0.3162
 11. rate:  constant dv.net rate (period 11)                0.3633
 12. rate:  constant dv.net rate (period 12)                0.5025
 13. rate:  constant dv.net rate (period 13)                0.3875
 14. rate:  constant dv.net rate (period 14)                0.3605
 15. rate:  constant dv.net rate (period 15)                0.3155
 16. rate:  constant dv.net rate (period 16)                0.5697
 17. rate:  constant dv.net rate (period 17)                0.3707
 18. eval:  degree (density)                               -6.1740
 19. eval:  GWESP (69)                                      2.2843
 20. eval:  degree act+pop                                  0.0313
 21. eval:  nets.lndistance_d                              -0.8449
 22. eval:  nets.ATOP_d                                     0.9080
 23. eval:  nets.absidealdiff_d                            -0.5245
 24. eval:  nets.lntrade_d                                  0.0340
 25. eval:  nets.NATO_d                                    -3.9107
 26. eval:  milex.beh alter                                -0.0692
 27. eval:  beh.democracy_1 alter                           1.4392
 28. eval:  beh.lncinc_1 alter                              0.7952
 29. rate:  rate milex.beh (period 1)                       0.9341
 30. rate:  rate milex.beh (period 2)                       1.3086
 31. rate:  rate milex.beh (period 3)                       1.3574
 32. rate:  rate milex.beh (period 4)                       1.1951
 33. rate:  rate milex.beh (period 5)                       0.7022
 34. rate:  rate milex.beh (period 6)                       0.5675
 35. rate:  rate milex.beh (period 7)                       0.4740
 36. rate:  rate milex.beh (period 8)                       0.5260
 37. rate:  rate milex.beh (period 9)                       0.3788
 38. rate:  rate milex.beh (period 10)                      1.7466
 39. rate:  rate milex.beh (period 11)                      0.5947
 40. rate:  rate milex.beh (period 12)                      1.3329
 41. rate:  rate milex.beh (period 13)                      0.3301
 42. rate:  rate milex.beh (period 14)                      0.2979
 43. rate:  rate milex.beh (period 15)                      1.1028
 44. rate:  rate milex.beh (period 16)                      0.4163
 45. rate:  rate milex.beh (period 17)                      0.3619
 46. eval:  milex.beh linear shape                         -1.1891
 47. eval:  milex.beh quadratic shape                      -0.0341
 48. eval:  milex.beh degree                                0.0957
 49. eval:  milex.beh dense triads                         -0.0244
 50. eval:  milex.beh: effect from beh.democracy_1         -0.4918
 51. eval:  milex.beh: effect from beh.GDPgrowth_1         -2.3583
 52. eval:  milex.beh: effect from beh.nato_1               0.9101
 53. eval:  milex.beh: effect from beh.allies_1            -0.0109
 54. eval:  milex.beh: effect from beh.military_1           0.2616
 55. eval:  milex.beh: effect from beh.lnmids_1             0.1499
 56. eval:  milex.beh: effect from beh.milexSpLag_1         7.6927


Observed values of target statistics are
  1. Amount of network change in period 1                                10.0000
  2. Amount of network change in period 2                                34.0000
  3. Amount of network change in period 3                                86.0000
  4. Amount of network change in period 4                                94.0000
  5. Amount of network change in period 5                                76.0000
  6. Amount of network change in period 6                                76.0000
  7. Amount of network change in period 7                                94.0000
  8. Amount of network change in period 8                                78.0000
  9. Amount of network change in period 9                                84.0000
 10. Amount of network change in period 10                               72.0000
 11. Amount of network change in period 11                               84.0000
 12. Amount of network change in period 12                              114.0000
 13. Amount of network change in period 13                               94.0000
 14. Amount of network change in period 14                               88.0000
 15. Amount of network change in period 15                               80.0000
 16. Amount of network change in period 16                              138.0000
 17. Amount of network change in period 17                               96.0000
 18. Number of edges                                                   4749.0000
 19. Numb. edgew. shrd prtns.(69)                                      13708.3372
 20. Sum of squared degrees                                            295492.0000
 21. Sum of ties x nets.lndistance_d                                   -9747.6740
 22. Sum of ties x nets.ATOP_d                                         5448.6151
 23. Sum of ties x nets.absidealdiff_d                                 -2610.8800
 24. Sum of ties x nets.lntrade_d                                      33846.3182
 25. Sum of ties x nets.NATO_d                                         1074.4417
 26. Sum of degrees x milex.beh                                        -147.2762
 27. Sum of degrees x beh.democracy_1                                  2684.2037
 28. Sum of degrees x beh.lncinc_1                                     11911.5952
 29. Amount of behavioral change in period 1 on milex.beh                41.0000
 30. Amount of behavioral change in period 2 on milex.beh                50.0000
 31. Amount of behavioral change in period 3 on milex.beh                57.0000
 32. Amount of behavioral change in period 4 on milex.beh                52.0000
 33. Amount of behavioral change in period 5 on milex.beh                37.0000
 34. Amount of behavioral change in period 6 on milex.beh                32.0000
 35. Amount of behavioral change in period 7 on milex.beh                28.0000
 36. Amount of behavioral change in period 8 on milex.beh                31.0000
 37. Amount of behavioral change in period 9 on milex.beh                24.0000
 38. Amount of behavioral change in period 10 on milex.beh               71.0000
 39. Amount of behavioral change in period 11 on milex.beh               34.0000
 40. Amount of behavioral change in period 12 on milex.beh               55.0000
 41. Amount of behavioral change in period 13 on milex.beh               18.0000
 42. Amount of behavioral change in period 14 on milex.beh               17.0000
 43. Amount of behavioral change in period 15 on milex.beh               48.0000
 44. Amount of behavioral change in period 16 on milex.beh               20.0000
 45. Amount of behavioral change in period 17 on milex.beh               18.0000
 46. milex.beh centered sum                                             -67.9151
 47. milex.beh sum of cent. squares                                    5722.2550
 48. milex.beh outdegrees                                              -256.4846
 49. milex.beh dense triads                                            -2686.3147
 50. milex.beh x beh.democracy_1                                       -381.2796
 51. milex.beh x beh.GDPgrowth_1                                          0.3065
 52. milex.beh x beh.nato_1                                              47.2347
 53. milex.beh x beh.allies_1                                          -4376.9242
 54. milex.beh x beh.military_1                                         126.7983
 55. milex.beh x beh.lnmids_1                                           566.8675
 56. milex.beh x beh.milexSpLag_1                                        23.5793

 56 parameters, 56 statistics

Number of subphases is specified as 0.
Therefore the estimation phase is skipped
 and the program passes on immediately to phase 3
 for checking the current parameter values and calculating standard errors.
Estimation of derivatives by the LR method (type 1).


@2
End of stochastic approximation algorithm, phase 3.
---------------------------------------------------

Total of 3000 iterations.
Parameter estimates based on 0 iterations,
convergence diagnostics, covariance and derivative matrices based on 3000 iterations.

Information for convergence diagnosis.
Averages, standard deviations, and t-ratios for deviations from targets:
  1.   0.3587    4.3208   0.0830 
  2.  -0.5580    8.4444  -0.0661 
  3.   1.0927   12.1096   0.0902 
  4.   1.1567   14.0856   0.0821 
  5.   1.6660   11.9682   0.1392 
  6.  -1.9760   11.3724  -0.1738 
  7.   0.8273   12.9599   0.0638 
  8.   1.3327   12.0207   0.1109 
  9.   0.9747   12.4313   0.0784 
 10.   0.3427   11.5557   0.0297 
 11.  -0.1467   12.4402  -0.0118 
 12.   0.0467   14.7118   0.0032 
 13.  -0.3860   13.2404  -0.0292 
 14.   0.9900   13.1178   0.0755 
 15.   0.0247   12.1953   0.0020 
 16.   0.8800   16.3344   0.0539 
 17.   0.5713   13.5339   0.0422 
 18.   0.5927   26.2613   0.0226 
 19.   2.9650   99.0190   0.0299 
 20.  -4.1093 2523.9815  -0.0016 
 21.  -1.8369   67.8032  -0.0271 
 22.  -0.1168   32.9648  -0.0035 
 23.  -0.8019   43.8559  -0.0183 
 24.   4.9303  197.6987   0.0249 
 25.   0.0383    9.1015   0.0042 
 26.   0.3518   50.7345   0.0069 
 27.  -0.4240   19.2194  -0.0221 
 28.   2.0651   87.4870   0.0236 
 29.   0.1183    5.6120   0.0211 
 30.  -0.0953    6.1014  -0.0156 
 31.  -0.0057    6.4121  -0.0009 
 32.   0.2100    6.3547   0.0330 
 33.   0.2057    5.7164   0.0360 
 34.  -0.1310    5.2324  -0.0250 
 35.  -0.1447    4.9348  -0.0293 
 36.   0.0070    5.1035   0.0014 
 37.   0.0717    4.5878   0.0156 
 38.  -0.0763    7.0690  -0.0108 
 39.   0.2280    5.3939   0.0423 
 40.  -0.3497    6.1854  -0.0565 
 41.   0.2410    4.0608   0.0593 
 42.   0.0780    3.9592   0.0197 
 43.   0.2093    5.9698   0.0351 
 44.  -0.0057    4.1744  -0.0014 
 45.   0.1910    4.1031   0.0466 
 46.   0.4363   23.7016   0.0184 
 47.   3.8003   96.3236   0.0395 
 48.   1.1810  175.0827   0.0067 
 49.   1.2547  466.8462   0.0027 
 50.  -0.1989   12.0141  -0.0166 
 51.   0.1098    2.1745   0.0505 
 52.  -0.2286    9.3589  -0.0244 
 53.  -3.6664  480.1203  -0.0076 
 54.   0.0411    6.7562   0.0061 
 55.   0.1980   15.6429   0.0127 
 56.   0.0114    0.5086   0.0223 

Good convergence is indicated by the t-ratios being close to zero.

Overall maximum convergence ratio =  0.4072 .



@2
Estimation Results.
-------------------

Regular end of estimation algorithm.
Total of 3000 iteration steps.


@3
Estimates and standard errors
                             
Network Dynamics
 1. rate:  constant dv.net rate (period 1)                         0.0595  (   0.0279)
 2. rate:  constant dv.net rate (period 2)                         0.1648  (   0.0404)
 3. rate:  constant dv.net rate (period 3)                         0.5605  (   0.1073)
 4. rate:  constant dv.net rate (period 4)                         0.4023  (   0.0605)
 5. rate:  constant dv.net rate (period 5)                         0.3889  (   0.0705)
 6. rate:  constant dv.net rate (period 6)                         0.3621  (   0.0712)
 7. rate:  constant dv.net rate (period 7)                         0.4637  (   0.0784)
 8. rate:  constant dv.net rate (period 8)                         0.3592  (   0.0623)
 9. rate:  constant dv.net rate (period 9)                         0.3773  (   0.0630)
10. rate:  constant dv.net rate (period 10)                        0.3162  (   0.0585)
11. rate:  constant dv.net rate (period 11)                        0.3633  (   0.0612)
12. rate:  constant dv.net rate (period 12)                        0.5025  (   0.0742)
13. rate:  constant dv.net rate (period 13)                        0.3875  (   0.0603)
14. rate:  constant dv.net rate (period 14)                        0.3605  (   0.0577)
15. rate:  constant dv.net rate (period 15)                        0.3155  (   0.0533)
16. rate:  constant dv.net rate (period 16)                        0.5697  (   0.0765)
17. rate:  constant dv.net rate (period 17)                        0.3707  (   0.0565)
18. eval:  degree (density)                                       -6.1740  (   0.2570)
19. eval:  GWESP (69)                                              2.2843  (   0.2187)
20. eval:  degree act+pop                                          0.0313  (   0.0053)
21. eval:  nets.lndistance_d                                      -0.8449  (   0.0716)
22. eval:  nets.ATOP_d                                             0.9080  (   0.1487)
23. eval:  nets.absidealdiff_d                                    -0.5245  (   0.0757)
24. eval:  nets.lntrade_d                                          0.0340  (   0.0318)
25. eval:  nets.NATO_d                                            -3.9107  (   0.4140)
26. eval:  milex.beh alter                                        -0.0692  (   0.0640)
27. eval:  beh.democracy_1 alter                                   1.4392  (   0.2433)
28. eval:  beh.lncinc_1 alter                                      0.7952  (   0.0687)
Behavior Dynamics

29. rate:  rate milex.beh (period 1)                               0.9341  (   0.1868)
30. rate:  rate milex.beh (period 2)                               1.3086  (   0.2569)
31. rate:  rate milex.beh (period 3)                               1.3574  (   0.2466)
32. rate:  rate milex.beh (period 4)                               1.1951  (   0.2021)
33. rate:  rate milex.beh (period 5)                               0.7022  (   0.1281)
34. rate:  rate milex.beh (period 6)                               0.5675  (   0.1076)
35. rate:  rate milex.beh (period 7)                               0.4740  (   0.1010)
36. rate:  rate milex.beh (period 8)                               0.5260  (   0.1038)
37. rate:  rate milex.beh (period 9)                               0.3788  (   0.0803)
38. rate:  rate milex.beh (period 10)                              1.7466  (   0.3270)
39. rate:  rate milex.beh (period 11)                              0.5947  (   0.1104)
40. rate:  rate milex.beh (period 12)                              1.3329  (   0.2441)
41. rate:  rate milex.beh (period 13)                              0.3301  (   0.0806)
42. rate:  rate milex.beh (period 14)                              0.2979  (   0.0761)
43. rate:  rate milex.beh (period 15)                              1.1028  (   0.2182)
44. rate:  rate milex.beh (period 16)                              0.4163  (   0.1025)
45. rate:  rate milex.beh (period 17)                              0.3619  (   0.0875)
46. eval:  milex.beh linear shape                                 -1.1891  (   0.0783)
47. eval:  milex.beh quadratic shape                              -0.0341  (   0.0253)
48. eval:  milex.beh degree                                        0.0957  (   0.0265)
49. eval:  milex.beh dense triads                                 -0.0244  (   0.0086)
50. eval:  milex.beh: effect from beh.democracy_1                 -0.4918  (   0.1393)
51. eval:  milex.beh: effect from beh.GDPgrowth_1                 -2.3583  (   0.8825)
52. eval:  milex.beh: effect from beh.nato_1                       0.9101  (   0.1710)
53. eval:  milex.beh: effect from beh.allies_1                    -0.0109  (   0.0037)
54. eval:  milex.beh: effect from beh.military_1                   0.2616  (   0.1948)
55. eval:  milex.beh: effect from beh.lnmids_1                     0.1499  (   0.0934)
56. eval:  milex.beh: effect from beh.milexSpLag_1                 7.6927  (   2.9544)


@3
Covariance matrices
                   
Covariance matrix of estimates (correlations below diagonal):
     0.001      0.000      0.000      0.000      0.000      0.000      0.000      0.000      0.000      0.000      0.000      0.000      0.000      0.000      0.000      0.000      0.000      0.000      0.000      0.000      0.000      0.000      0.000      0.000      0.000      0.000      0.000      0.000      0.000      0.000      0.000      0.000      0.000      0.000      0.000      0.000      0.000      0.000      0.000      0.000      0.000      0.000      0.000      0.000      0.000      0.000      0.000      0.000      0.000      0.000     -0.001      0.000      0.000      0.000      0.000     -0.002
     0.012      0.002      0.000      0.000      0.000      0.000      0.000      0.000      0.000      0.000      0.000      0.000      0.000      0.000      0.000      0.000      0.000     -0.001      0.001      0.000      0.000      0.000      0.000      0.000     -0.001      0.000      0.000      0.000      0.000     -0.001      0.000      0.000      0.000      0.000      0.000      0.000      0.000      0.000      0.000      0.000      0.000      0.000      0.000      0.000      0.000      0.000      0.000      0.000      0.000      0.000      0.000      0.000      0.000      0.000      0.000      0.002
     0.039      0.040      0.012      0.000      0.000      0.000      0.000      0.000      0.000      0.000      0.000      0.000      0.000      0.000      0.000      0.000      0.000     -0.003      0.001      0.000      0.000     -0.001      0.000      0.000      0.000      0.000     -0.001     -0.001      0.000      0.000     -0.001     -0.001      0.000      0.000      0.000      0.000      0.000      0.001      0.000      0.000      0.000      0.000      0.000      0.000      0.000      0.000      0.000      0.000      0.000      0.000      0.000      0.000      0.000      0.000      0.000     -0.003
     0.009      0.048      0.050      0.004      0.000      0.000      0.000      0.000      0.000      0.000      0.000      0.000      0.000      0.000      0.000      0.000      0.000     -0.002      0.001      0.000      0.000      0.000      0.000      0.000     -0.002      0.000      0.000      0.000      0.000      0.000      0.000      0.000      0.000      0.000      0.000      0.000      0.000      0.000      0.000      0.000      0.000      0.000      0.000      0.000      0.000      0.000      0.000      0.000      0.000      0.000      0.003      0.000      0.000      0.000      0.000     -0.006
    -0.002     -0.005      0.054      0.035      0.005      0.000      0.000      0.000      0.000      0.000      0.000      0.000      0.000      0.000      0.000      0.000      0.000     -0.001      0.001      0.000      0.000      0.000      0.000      0.000      0.001      0.000      0.000      0.000      0.000      0.000      0.000      0.000      0.000      0.000      0.000      0.000      0.000      0.000      0.000      0.000      0.000      0.000      0.000      0.000      0.000      0.000      0.000      0.000      0.000      0.000      0.000      0.000      0.000      0.000      0.000     -0.007
    -0.015      0.025      0.041      0.041      0.058      0.005      0.000      0.000      0.000      0.000      0.000      0.000      0.000      0.000      0.000      0.000      0.000     -0.002      0.001      0.000      0.000      0.000      0.000      0.000     -0.001      0.000      0.000      0.000      0.000      0.000      0.000      0.000      0.000      0.000      0.000      0.000      0.000     -0.001      0.000      0.000      0.000      0.000      0.000      0.000      0.000      0.000      0.000      0.000      0.000      0.000      0.000      0.000      0.000      0.000      0.000      0.002
    -0.001      0.021      0.028      0.025      0.017      0.016      0.006      0.000      0.000      0.000      0.000      0.000      0.000      0.000      0.000      0.000      0.000     -0.001      0.001      0.000      0.000      0.000      0.000      0.000      0.000      0.000      0.000      0.000      0.000     -0.001      0.001      0.000      0.000      0.000      0.000      0.000      0.000      0.000      0.000      0.000      0.000      0.000      0.000      0.000      0.000      0.000      0.000      0.000      0.000      0.000      0.000      0.000      0.000      0.000      0.000      0.006
     0.015      0.027     -0.010      0.033      0.045      0.023      0.012      0.004      0.000      0.000      0.000      0.000      0.000      0.000      0.000      0.000      0.000     -0.001      0.000      0.000      0.000      0.000      0.000      0.000      0.000      0.000      0.000      0.000      0.000      0.001      0.000      0.000      0.000      0.000      0.000      0.001      0.000      0.000      0.000      0.000      0.000      0.000      0.000      0.000      0.000      0.000      0.000      0.000      0.000      0.000      0.000      0.000      0.000      0.000      0.000     -0.002
     0.012      0.034      0.041      0.064      0.011      0.009      0.036      0.016      0.004      0.000      0.000      0.000      0.000      0.000      0.000      0.000      0.000     -0.001      0.000      0.000      0.000      0.000      0.000      0.000      0.000      0.000      0.000      0.000      0.000      0.000      0.000      0.000      0.000      0.000      0.000      0.000      0.000      0.000      0.000      0.000      0.000      0.000      0.000      0.000      0.000      0.000      0.000      0.000      0.000      0.000     -0.001      0.000      0.000      0.000      0.000      0.000
     0.000      0.025      0.038      0.017      0.015      0.054     -0.008      0.024      0.036      0.003      0.000      0.000      0.000      0.000      0.000      0.000      0.000     -0.001      0.001      0.000      0.000      0.000      0.000      0.000     -0.001      0.000      0.001      0.000      0.000      0.000      0.000      0.000      0.000      0.000      0.000      0.000      0.000     -0.001      0.000      0.000      0.000      0.000      0.000      0.000      0.000      0.000      0.000      0.000      0.000      0.000      0.001      0.000      0.000      0.000      0.000     -0.002
    -0.021      0.018      0.038      0.051      0.036      0.027     -0.001      0.000      0.003      0.009      0.004      0.000      0.000      0.000      0.000      0.000      0.000     -0.001      0.000      0.000      0.000     -0.001      0.000      0.000      0.000      0.000      0.000      0.000      0.000      0.000      0.000      0.000      0.000      0.000      0.000      0.000      0.000     -0.001      0.000      0.000      0.000      0.000      0.000      0.000      0.000      0.000      0.000      0.000      0.000      0.000     -0.002      0.000      0.000      0.000      0.000      0.001
     0.011     -0.011      0.038     -0.007      0.024      0.030      0.041     -0.005      0.008      0.038      0.072      0.006      0.000      0.000      0.000      0.000      0.000     -0.001      0.001      0.000      0.000      0.000      0.000      0.000      0.000      0.000      0.000      0.000      0.000      0.000      0.000      0.000      0.000      0.000      0.000      0.000      0.000      0.000      0.000      0.001      0.000      0.000      0.000      0.000      0.000      0.000      0.000      0.000      0.000      0.000      0.000      0.000      0.000      0.000      0.000     -0.003
     0.038      0.013      0.027     -0.011      0.015     -0.024     -0.004      0.003      0.020      0.014      0.028     -0.014      0.004      0.000      0.000      0.000      0.000     -0.001      0.001      0.000      0.000      0.000      0.000      0.000      0.000      0.000      0.000      0.000      0.000      0.000      0.000      0.000      0.000      0.000      0.000      0.000      0.000      0.000      0.000      0.000      0.000      0.000      0.000      0.000      0.000      0.000      0.000      0.000      0.000      0.000      0.000      0.000      0.000      0.000      0.000      0.006
     0.018     -0.001      0.003      0.024     -0.009      0.025      0.040      0.028      0.010      0.039     -0.010      0.035     -0.006      0.003      0.000      0.000      0.000      0.000      0.001      0.000      0.000      0.000      0.000      0.000      0.000      0.000     -0.001      0.000      0.000      0.000      0.000      0.000      0.000      0.000      0.000      0.000      0.000      0.000      0.000      0.000      0.000      0.000      0.000      0.000      0.000      0.000      0.000      0.000      0.000      0.000      0.001      0.000      0.000      0.000      0.000     -0.001
     0.002      0.030      0.015      0.003      0.000      0.052      0.001      0.028      0.026      0.018     -0.016      0.004      0.005      0.014      0.003      0.000      0.000      0.000      0.000      0.000      0.000      0.000      0.000      0.000      0.000      0.000      0.000      0.000      0.000     -0.001      0.000      0.000      0.000      0.000      0.000      0.000      0.000      0.000      0.000      0.000      0.000      0.000      0.000      0.000      0.000      0.000      0.000      0.000      0.000      0.000     -0.001      0.000      0.000      0.000      0.000     -0.001
    -0.009      0.005      0.006      0.006      0.015      0.036      0.026      0.012      0.007     -0.005      0.014      0.048      0.005      0.026      0.007      0.006      0.000      0.000      0.000      0.000      0.000      0.000      0.000      0.000      0.000      0.000      0.000      0.000      0.000     -0.001      0.001      0.000      0.000      0.000      0.000      0.000      0.000      0.000      0.000     -0.001      0.000      0.000      0.000      0.000      0.000      0.000      0.000      0.000      0.000      0.000      0.000      0.000      0.000      0.000      0.000     -0.004
     0.018      0.006     -0.004      0.035      0.024      0.049      0.004      0.051      0.000      0.002     -0.001      0.004      0.002      0.013      0.027     -0.019      0.003      0.000      0.000      0.000      0.000      0.000      0.000      0.000      0.001      0.000      0.000      0.000      0.000      0.000      0.000      0.000      0.000      0.000      0.000      0.000      0.000      0.000      0.000      0.000      0.000      0.000      0.000      0.000      0.000      0.000      0.000      0.000      0.000      0.000      0.001      0.000      0.000      0.000      0.000     -0.004
    -0.068     -0.136     -0.104     -0.139     -0.067     -0.101     -0.068     -0.074     -0.069     -0.097     -0.032     -0.053     -0.040     -0.025     -0.006     -0.024     -0.012      0.066     -0.033      0.000      0.008     -0.008      0.007      0.001      0.036      0.002     -0.029     -0.011     -0.001      0.000     -0.001     -0.001      0.001     -0.001      0.000      0.000      0.000     -0.001      0.001     -0.001      0.000     -0.001      0.001      0.000      0.000      0.000      0.000      0.000      0.000      0.000     -0.001      0.001      0.000      0.000      0.000      0.008
     0.021      0.066      0.025      0.060      0.035      0.052      0.060      0.035      0.029      0.080      0.034      0.031      0.063      0.055      0.020      0.029      0.029     -0.581      0.048     -0.001     -0.005      0.003     -0.003     -0.002     -0.026      0.001      0.015      0.007      0.001      0.000      0.000      0.000      0.000      0.000      0.000      0.001      0.000      0.001      0.000      0.001      0.000      0.000      0.000      0.000      0.000      0.000      0.000      0.000      0.000      0.000      0.006      0.000      0.000     -0.001      0.000     -0.008
     0.044      0.082      0.100      0.081      0.023      0.039     -0.001      0.023      0.025      0.004      0.001     -0.021     -0.032     -0.048     -0.019     -0.037     -0.026     -0.099     -0.493      0.000      0.000      0.000      0.000      0.000      0.000      0.000      0.000      0.000      0.000      0.000      0.000      0.000      0.000      0.000      0.000      0.000      0.000      0.000      0.000      0.000      0.000      0.000      0.000      0.000      0.000      0.000      0.000      0.000      0.000      0.000      0.000      0.000      0.000      0.000      0.000      0.000
     0.023     -0.003      0.039     -0.015      0.042      0.035      0.022      0.005      0.026      0.004      0.019      0.025     -0.005     -0.008      0.009      0.014      0.031      0.422     -0.306      0.101      0.005      0.002      0.001      0.001      0.005      0.000     -0.004     -0.003      0.000      0.000      0.001      0.000      0.000      0.000      0.000      0.000      0.000     -0.001      0.000      0.001      0.000      0.000      0.000      0.000      0.000      0.000      0.000      0.000      0.000      0.000     -0.001      0.000      0.000      0.000      0.000      0.006
     0.020      0.023     -0.064     -0.033     -0.026     -0.004     -0.034      0.010      0.011     -0.024     -0.064     -0.041     -0.029     -0.056     -0.024     -0.016     -0.009     -0.201      0.077     -0.007      0.198      0.022      0.001     -0.001     -0.008     -0.002      0.007      0.002      0.000      0.000      0.001      0.001      0.000      0.000      0.000      0.000      0.000     -0.001      0.000      0.000      0.000      0.000      0.000      0.000      0.000      0.000      0.000      0.000      0.000      0.000     -0.002      0.000      0.000      0.000      0.000      0.006
    -0.016      0.001     -0.003     -0.026      0.023     -0.023      0.002      0.020      0.014     -0.029     -0.028     -0.030     -0.004     -0.017      0.011      0.030      0.036      0.356     -0.182     -0.056      0.119      0.096      0.006      0.000      0.008     -0.002     -0.007     -0.001      0.000      0.000      0.001      0.000      0.000      0.000      0.000      0.000      0.000     -0.001      0.000     -0.001      0.000      0.000      0.000      0.000      0.000      0.000      0.000      0.000      0.000      0.000     -0.002      0.000      0.000      0.000      0.000     -0.002
     0.015      0.037      0.101      0.056      0.047      0.028      0.028     -0.021      0.024      0.041      0.022      0.020      0.002      0.025     -0.002      0.002     -0.028      0.183     -0.321      0.212      0.396     -0.247     -0.039      0.001      0.000      0.000     -0.001     -0.001      0.000      0.000      0.000      0.000      0.000      0.000      0.000      0.000      0.000      0.000      0.000      0.000      0.000      0.000      0.000      0.000      0.000      0.000      0.000      0.000      0.000      0.000      0.000      0.000      0.000      0.000      0.000     -0.002
    -0.034     -0.031      0.006     -0.085      0.024     -0.018     -0.009      0.014     -0.014     -0.038      0.003      0.016      0.005      0.003      0.001     -0.002      0.027      0.334     -0.292     -0.054      0.159     -0.130      0.263     -0.033      0.171     -0.002     -0.028     -0.003     -0.001      0.001     -0.003     -0.002      0.000      0.000     -0.001     -0.001      0.000     -0.004      0.001     -0.001      0.000     -0.001      0.002      0.000      0.000      0.000      0.000      0.000      0.000     -0.001      0.002      0.001      0.000     -0.001     -0.001      0.001
    -0.003     -0.046     -0.035     -0.020     -0.047      0.007     -0.031     -0.048     -0.052      0.004      0.039      0.038      0.027      0.008      0.005      0.007      0.001      0.095      0.090     -0.158     -0.046     -0.180     -0.368      0.053     -0.085      0.004      0.003     -0.001      0.000      0.000      0.000      0.000      0.000      0.000      0.000      0.000      0.000     -0.001      0.000      0.001      0.000      0.000      0.000      0.000      0.000      0.000      0.000      0.000      0.000      0.000      0.000      0.000      0.000      0.000      0.000      0.000
     0.039     -0.003     -0.042      0.006     -0.020     -0.005     -0.014     -0.014     -0.011      0.040      0.001     -0.003      0.009     -0.037     -0.018     -0.007      0.011     -0.464      0.277     -0.135     -0.247      0.199     -0.353     -0.120     -0.275      0.208      0.059      0.004      0.001      0.000      0.000      0.002      0.000      0.000      0.000      0.000      0.000     -0.001      0.000      0.002      0.000     -0.001     -0.001      0.001      0.000      0.000      0.000      0.000      0.000      0.000      0.005     -0.002      0.000     -0.002      0.000      0.010
    -0.020      0.009     -0.069     -0.013     -0.027     -0.011     -0.010      0.008      0.000      0.000     -0.031     -0.007     -0.002     -0.012     -0.016     -0.019     -0.027     -0.625      0.463     -0.275     -0.531      0.196     -0.252     -0.606     -0.117     -0.169      0.210      0.005      0.000      0.000      0.000      0.000      0.000      0.000      0.000      0.000      0.000      0.001      0.000      0.000      0.000      0.000      0.000      0.000      0.000      0.000      0.000      0.000      0.000      0.000      0.001      0.000      0.000      0.000      0.000      0.001
     0.015     -0.009     -0.008      0.019     -0.004     -0.025      0.022     -0.006     -0.020      0.026     -0.014      0.024      0.019      0.042     -0.015     -0.007      0.009     -0.021      0.017     -0.011     -0.004      0.005     -0.026      0.000     -0.015     -0.010      0.018      0.020      0.035      0.000      0.001      0.001      0.000      0.000      0.000      0.000      0.000      0.002      0.000      0.001      0.000      0.000      0.000      0.001      0.000      0.000      0.001      0.000      0.000      0.002      0.014     -0.001      0.000      0.000      0.000      0.003
     0.013     -0.104      0.015      0.021     -0.013     -0.008     -0.028      0.035      0.003     -0.012     -0.005      0.001      0.004     -0.017     -0.041     -0.030     -0.015     -0.004      0.007     -0.004      0.014     -0.005     -0.018      0.029      0.010     -0.011      0.002     -0.001     -0.006      0.066      0.001      0.000      0.000      0.000      0.000      0.000      0.000      0.002      0.000      0.002      0.000      0.000      0.001      0.000      0.001      0.001      0.001      0.000      0.000      0.003      0.003     -0.002      0.000      0.000      0.000      0.004
    -0.002      0.028     -0.024     -0.006      0.026      0.002      0.031      0.010     -0.013      0.018     -0.015     -0.001     -0.006     -0.020     -0.007      0.035      0.014     -0.020      0.005      0.016      0.029      0.026      0.054      0.005     -0.031     -0.031     -0.003      0.000      0.022      0.011      0.061      0.000      0.000      0.000      0.001      0.000      0.000      0.001      0.001      0.000      0.000      0.000      0.000      0.000      0.000      0.001      0.001      0.000      0.000      0.003      0.014      0.000      0.000     -0.002      0.000      0.027
    -0.008      0.018     -0.035     -0.024      0.015      0.010     -0.008      0.021     -0.007     -0.007      0.018      0.013      0.001      0.005     -0.035      0.010     -0.004     -0.014      0.008     -0.006     -0.013      0.024     -0.027     -0.001     -0.024      0.018      0.039      0.004      0.024      0.007      0.009      0.041      0.000      0.001      0.001      0.000      0.001      0.000      0.000     -0.001      0.000      0.000      0.000      0.000      0.000      0.001      0.000      0.000      0.000      0.002      0.013     -0.001      0.000     -0.003      0.000      0.008
    -0.051     -0.004     -0.026     -0.004      0.038     -0.009      0.002      0.008     -0.022     -0.035      0.000     -0.010      0.017     -0.001     -0.002      0.006     -0.005      0.039     -0.016     -0.007      0.008      0.002     -0.007     -0.031      0.004      0.011     -0.001     -0.015      0.008      0.009     -0.005      0.010      0.016      0.000      0.000      0.000      0.000      0.000      0.000     -0.001      0.000      0.000      0.000      0.000      0.000      0.000      0.000      0.000      0.000      0.001      0.004      0.000      0.000      0.000      0.000      0.002
    -0.023      0.006     -0.002      0.003      0.041     -0.014     -0.015     -0.004     -0.008      0.013      0.019      0.011     -0.001     -0.018      0.012      0.001      0.011     -0.026      0.006      0.006     -0.017      0.029      0.009     -0.018      0.001      0.004     -0.001      0.014     -0.011     -0.009     -0.002      0.039     -0.015      0.012      0.000      0.001      0.000      0.000      0.000     -0.001      0.000      0.000      0.000      0.000      0.000      0.000      0.000      0.000      0.000      0.000      0.000      0.000      0.000      0.000      0.000     -0.003
    -0.018      0.009     -0.023     -0.016     -0.011      0.009     -0.002      0.015     -0.018     -0.029      0.012     -0.007     -0.025     -0.026     -0.006     -0.013      0.042      0.006     -0.018      0.046      0.015      0.017      0.031     -0.010     -0.022     -0.021     -0.016     -0.022      0.005     -0.003      0.049      0.044      0.012      0.022      0.010      0.000      0.000      0.001      0.000      0.000      0.000      0.000     -0.001      0.000      0.000      0.000      0.000      0.000      0.000      0.000      0.000      0.000      0.000      0.000      0.000      0.001
    -0.013      0.003      0.021      0.007      0.042      0.019     -0.016      0.092      0.019     -0.008     -0.008      0.022      0.007     -0.022     -0.003      0.018      0.001     -0.009      0.032     -0.022     -0.001      0.014     -0.012     -0.034     -0.024     -0.003     -0.012      0.022      0.024     -0.010      0.008      0.021      0.008      0.052      0.017      0.011      0.000     -0.001      0.000      0.000      0.000      0.000      0.000      0.000      0.000      0.000      0.000      0.000      0.000      0.000      0.002      0.000      0.000      0.000      0.000     -0.001
    -0.024     -0.010     -0.025      0.034     -0.013     -0.021      0.002      0.058     -0.032     -0.013      0.014      0.011     -0.044      0.022     -0.005      0.021     -0.010      0.023      0.023     -0.055     -0.022     -0.009      0.003     -0.042      0.006      0.025      0.022      0.008      0.012      0.015      0.011      0.034      0.008     -0.011      0.000     -0.011      0.006      0.000      0.000      0.000      0.000      0.000      0.000      0.000      0.000      0.000      0.000      0.000      0.000      0.000      0.000      0.000      0.000      0.000      0.000     -0.001
     0.006     -0.023      0.017      0.021     -0.004     -0.041      0.008      0.003      0.007     -0.065     -0.032      0.015     -0.013      0.011      0.003      0.004      0.016     -0.009      0.008     -0.009     -0.035     -0.028     -0.052     -0.010     -0.027     -0.030     -0.008      0.051      0.034      0.027      0.007     -0.004      0.000     -0.011      0.021     -0.041     -0.009      0.107     -0.001     -0.002      0.000      0.000     -0.001      0.000      0.000      0.000      0.001      0.000      0.000      0.001      0.011     -0.003      0.000     -0.002      0.000      0.012
    -0.031     -0.020      0.005     -0.025     -0.014     -0.003      0.009     -0.035      0.029      0.000     -0.012     -0.024      0.016     -0.012      0.005      0.013      0.011      0.037      0.000     -0.042      0.025      0.006      0.013      0.005      0.011      0.008      0.004     -0.025      0.003     -0.011      0.022      0.008      0.007     -0.028     -0.022     -0.013     -0.005     -0.015      0.012      0.001      0.000      0.000      0.000      0.000      0.000     -0.001      0.000      0.000      0.000     -0.001      0.000      0.000      0.000      0.000      0.000     -0.004
    -0.013     -0.004     -0.007     -0.031      0.016      0.012     -0.011      0.019      0.000      0.001      0.031      0.059      0.002     -0.003      0.013     -0.046     -0.017     -0.011      0.020     -0.006      0.037      0.006     -0.038      0.007     -0.011      0.034      0.027     -0.011      0.019      0.034      0.002     -0.013     -0.027     -0.024     -0.011      0.007      0.024     -0.025      0.050      0.060      0.000      0.000     -0.001      0.000      0.000      0.000      0.000      0.000      0.000     -0.002      0.008     -0.002      0.000      0.001      0.000      0.009
     0.004     -0.009      0.027     -0.024     -0.010      0.026      0.006     -0.026     -0.007      0.033      0.013     -0.010     -0.029     -0.005     -0.025     -0.034      0.021      0.016     -0.001     -0.022      0.034     -0.012      0.013      0.029      0.000      0.007     -0.004     -0.008      0.002      0.006      0.014      0.010     -0.005     -0.006      0.048     -0.003      0.014      0.017     -0.010      0.015      0.006      0.000      0.000      0.000      0.000     -0.001      0.000      0.000      0.000      0.000     -0.002      0.000      0.000      0.000      0.000      0.001
     0.011      0.026      0.007      0.002      0.035      0.009      0.034     -0.016      0.024     -0.019      0.022      0.016      0.003     -0.004      0.030     -0.011     -0.001     -0.052      0.018      0.072     -0.001      0.028      0.007     -0.026     -0.017     -0.038     -0.027      0.022     -0.011     -0.004     -0.015      0.016      0.025      0.009      0.033     -0.025      0.010      0.010     -0.031      0.013     -0.051      0.006      0.000      0.000      0.000      0.000      0.000      0.000      0.000      0.000      0.000      0.000      0.000      0.000      0.000      0.001
    -0.008      0.011     -0.014     -0.002     -0.014     -0.004      0.014     -0.021      0.023      0.006      0.009     -0.010      0.009      0.029     -0.025     -0.002      0.006      0.012     -0.003     -0.012     -0.016     -0.009     -0.013      0.004      0.019      0.021     -0.015      0.011      0.007      0.014     -0.007     -0.007     -0.015      0.004     -0.048     -0.011      0.002     -0.011     -0.015     -0.021      0.011      0.002      0.048      0.000      0.000      0.000      0.000      0.000      0.000      0.000      0.004      0.000      0.000     -0.001      0.000     -0.004
    -0.005     -0.010      0.016      0.018     -0.018      0.020     -0.007      0.023      0.004     -0.019      0.017     -0.001      0.015      0.032     -0.030     -0.019      0.013     -0.015      0.004      0.036      0.022     -0.004      0.004      0.033     -0.003      0.019      0.026     -0.028      0.034      0.017      0.000      0.008     -0.016     -0.002      0.013      0.012      0.020      0.008      0.016     -0.019      0.009      0.000     -0.021      0.011      0.000      0.000      0.000      0.000      0.000      0.000      0.001      0.001      0.000      0.000      0.000      0.001
    -0.015      0.010      0.028      0.003      0.005     -0.027     -0.013      0.004     -0.016     -0.014      0.000      0.002     -0.009      0.001     -0.015      0.018     -0.010      0.019     -0.003      0.015     -0.021     -0.026      0.020      0.016      0.003      0.015     -0.003     -0.029     -0.009      0.025     -0.001     -0.002     -0.002     -0.001     -0.015     -0.036     -0.005     -0.009      0.018      0.008     -0.013      0.003     -0.026      0.011      0.008      0.000      0.000      0.000      0.000      0.000     -0.001      0.001      0.000      0.000      0.000      0.004
     0.007     -0.023     -0.015      0.010     -0.014     -0.006     -0.003     -0.034     -0.008      0.024      0.003     -0.002     -0.002     -0.008     -0.007      0.042      0.011     -0.008     -0.009     -0.001     -0.010     -0.008     -0.017     -0.011      0.014      0.043      0.010      0.008     -0.013      0.030      0.034      0.032     -0.006     -0.047     -0.033      0.009      0.008     -0.001     -0.066     -0.010     -0.085     -0.008     -0.014     -0.056     -0.068      0.006      0.000     -0.001      0.000      0.002      0.012     -0.002      0.000     -0.001      0.001     -0.028
     0.025     -0.018      0.025     -0.007      0.036     -0.001      0.034      0.023      0.018      0.026     -0.025     -0.009     -0.003      0.013     -0.045     -0.003      0.006      0.005     -0.004      0.003     -0.002      0.002      0.019      0.027     -0.004      0.007     -0.002     -0.015      0.150      0.092      0.156      0.095      0.085      0.078      0.079      0.041      0.022      0.095      0.027      0.045      0.052      0.006      0.047      0.043      0.033     -0.080      0.001      0.000      0.000      0.001      0.005      0.000      0.000      0.000      0.000     -0.024
    -0.046      0.021      0.015      0.020      0.011      0.005     -0.014      0.004     -0.001     -0.011     -0.002      0.002     -0.002      0.019      0.014     -0.017     -0.004     -0.007     -0.004      0.011      0.002      0.001      0.008     -0.001     -0.016     -0.015      0.015      0.007     -0.027     -0.048     -0.064     -0.091     -0.055     -0.011     -0.012     -0.051     -0.009     -0.005      0.010      0.013      0.043      0.000     -0.009      0.057     -0.004     -0.558     -0.174      0.001      0.000     -0.001     -0.002      0.000      0.000      0.000     -0.001      0.011
     0.052     -0.020     -0.010     -0.027     -0.006     -0.017      0.013     -0.001     -0.010      0.014     -0.013      0.008      0.008     -0.016      0.002      0.009     -0.008      0.009      0.007     -0.024     -0.009     -0.005     -0.012      0.002      0.015      0.012     -0.017     -0.006      0.009      0.029      0.046      0.077      0.050      0.019      0.001      0.041     -0.006     -0.014      0.000     -0.038     -0.041     -0.013      0.011     -0.070      0.006      0.378      0.138     -0.914      0.000      0.000      0.000      0.000      0.000      0.000      0.000     -0.003
    -0.019     -0.005      0.001      0.027     -0.013      0.001      0.014      0.005     -0.021      0.017     -0.005     -0.005     -0.005      0.003     -0.005      0.028      0.014      0.004      0.014     -0.035      0.021      0.022      0.009     -0.019     -0.016     -0.005      0.013      0.009      0.096      0.082      0.084      0.058      0.038     -0.021      0.025      0.020     -0.005      0.023     -0.042     -0.045     -0.004     -0.036     -0.008     -0.002     -0.019      0.214      0.196     -0.181      0.130      0.019      0.009     -0.010      0.000      0.005      0.001      0.033
    -0.021     -0.001      0.000      0.058      0.006      0.006     -0.001      0.008     -0.014      0.020     -0.028      0.001      0.002      0.011     -0.022     -0.006      0.026     -0.004      0.030     -0.042     -0.014     -0.013     -0.024     -0.002      0.007      0.003      0.024      0.012      0.084      0.015      0.064      0.070      0.031     -0.003      0.001      0.019     -0.005      0.038      0.000      0.035     -0.022     -0.006      0.021      0.011     -0.013      0.179      0.236     -0.102      0.052      0.069      0.779     -0.005      0.000     -0.016     -0.001     -0.223
     0.029      0.026      0.027     -0.016     -0.032      0.019     -0.005      0.003      0.014      0.000      0.042     -0.014     -0.015      0.009     -0.023     -0.003      0.001      0.030     -0.008      0.030      0.022     -0.014      0.032      0.019      0.016     -0.012     -0.055     -0.033     -0.033     -0.035     -0.004     -0.036      0.000     -0.002      0.023     -0.021      0.026     -0.059      0.019     -0.038      0.018      0.031      0.013      0.033      0.082     -0.152     -0.071     -0.095      0.049     -0.429     -0.032      0.029      0.000     -0.001     -0.002     -0.013
    -0.007     -0.021     -0.051      0.013     -0.001      0.017      0.012      0.014      0.021     -0.009     -0.015     -0.018      0.006     -0.005     -0.020      0.012     -0.007     -0.019     -0.008     -0.004     -0.017      0.008     -0.022     -0.004     -0.012      0.022      0.035      0.007      0.045      0.001      0.021      0.049      0.016     -0.010     -0.019      0.048     -0.004      0.037     -0.042      0.038     -0.037      0.006     -0.003     -0.038     -0.050      0.430      0.078     -0.366      0.221      0.008      0.074     -0.319      0.000      0.000      0.000      0.000
    -0.001      0.007     -0.007     -0.001     -0.032      0.011     -0.019      0.010      0.009      0.013     -0.021      0.021      0.022      0.019      0.044     -0.007     -0.018      0.007     -0.026      0.011     -0.010     -0.002      0.028      0.012     -0.010      0.003     -0.032     -0.025      0.009     -0.005     -0.037     -0.069     -0.009     -0.014      0.008      0.020      0.021     -0.038     -0.013      0.020     -0.005     -0.013     -0.024     -0.003     -0.024     -0.079     -0.069      0.045     -0.030      0.169     -0.092     -0.017      0.052      0.038      0.000      0.030
     0.013      0.019     -0.003      0.019      0.021      0.021     -0.009      0.000     -0.016      0.006      0.011     -0.007     -0.009     -0.008      0.017      0.028      0.034     -0.010      0.018     -0.001      0.014      0.018     -0.012      0.009     -0.014     -0.011      0.007     -0.015      0.000      0.007     -0.017      0.015      0.009      0.022     -0.001      0.034      0.005     -0.007     -0.010     -0.010     -0.022      0.001      0.004     -0.023     -0.021      0.071     -0.185     -0.248      0.207      0.086     -0.011     -0.131      0.004     -0.003      0.009     -0.026
    -0.026      0.020     -0.010     -0.032     -0.036      0.010      0.028     -0.010      0.001     -0.010      0.007     -0.012      0.033     -0.005     -0.006     -0.016     -0.025      0.011     -0.013      0.009      0.026      0.014     -0.010     -0.018      0.001     -0.001      0.014      0.003      0.005      0.005      0.037      0.013      0.006     -0.011      0.003     -0.002     -0.006      0.012     -0.011      0.012      0.005      0.005     -0.006      0.003      0.014     -0.120     -0.326      0.135     -0.105      0.081     -0.086     -0.025     -0.024      0.052     -0.093      8.728

Derivative matrix of expected statistics X by parameters and
covariance/correlation matrix of X can be found using
summary(ans) within R, or by using the 'verbose' option in Siena07.
 
Total computation time 772.7 seconds.
