

-----------------------------------
New Analysis started.
Date and time: 21/09/2026 16:51:06
New results follow.
-----------------------------------

RSiena version 1.3.10 (28 Apr 22)


@1
Estimation by stochastic approximation algorithm.
=================================================

Current random number seed is 52020062.
Effects object used: bound$effects 
Model Type:
 Initiative model
Behavioral Model Type:
 Standard behavior actor-oriented model ('restrict')
Estimation method: unconditional moment estimation
.

Time duration for simulations in each period is 1.0.
Changing composition.
Joiners/leavers option: 1
Standard errors are estimated with the likelihood ratio method.
Dolby method (regression on scores) is used.
Initial value of gain parameter is  0.2000000.
Reduction factor for gain parameter is  0.5000000.
Number of subphases in Phase 2 is 0.

Initial parameter values are 
  1. rate:  constant dv.net rate (period 1)                 0.0504
  2. rate:  constant dv.net rate (period 2)                 0.1475
  3. rate:  constant dv.net rate (period 3)                 0.4469
  4. rate:  constant dv.net rate (period 4)                 0.3590
  5. rate:  constant dv.net rate (period 5)                 0.3285
  6. rate:  constant dv.net rate (period 6)                 0.3234
  7. rate:  constant dv.net rate (period 7)                 0.4003
  8. rate:  constant dv.net rate (period 8)                 0.3079
  9. rate:  constant dv.net rate (period 9)                 0.3267
 10. rate:  constant dv.net rate (period 10)                0.2768
 11. rate:  constant dv.net rate (period 11)                0.3216
 12. rate:  constant dv.net rate (period 12)                0.4419
 13. rate:  constant dv.net rate (period 13)                0.3489
 14. rate:  constant dv.net rate (period 14)                0.3201
 15. rate:  constant dv.net rate (period 15)                0.2869
 16. eval:  degree (density)                               -6.1002
 17. eval:  transitive triads                               0.2432
 18. eval:  degree act+pop                                  0.0684
 19. eval:  nets.lndistance_d                              -1.0164
 20. eval:  nets.ATOP_d                                     1.1736
 21. eval:  nets.absidealdiff_d                            -0.6650
 22. eval:  nets.lntrade_d                                  0.0549
 23. eval:  nets.NATO_d                                    -3.5828
 24. eval:  milex.beh alter                                -0.0613
 25. eval:  beh.democracy_1 alter                           1.6535
 26. eval:  beh.lncinc_1 alter                              0.8395
 27. rate:  rate milex.beh (period 1)                       0.9305
 28. rate:  rate milex.beh (period 2)                       1.3141
 29. rate:  rate milex.beh (period 3)                       1.3562
 30. rate:  rate milex.beh (period 4)                       1.1890
 31. rate:  rate milex.beh (period 5)                       0.7019
 32. rate:  rate milex.beh (period 6)                       0.5782
 33. rate:  rate milex.beh (period 7)                       0.4801
 34. rate:  rate milex.beh (period 8)                       0.5359
 35. rate:  rate milex.beh (period 9)                       0.3797
 36. rate:  rate milex.beh (period 10)                      1.8233
 37. rate:  rate milex.beh (period 11)                      0.5932
 38. rate:  rate milex.beh (period 12)                      1.3722
 39. rate:  rate milex.beh (period 13)                      0.3316
 40. rate:  rate milex.beh (period 14)                      0.3031
 41. rate:  rate milex.beh (period 15)                      1.1053
 42. eval:  milex.beh linear shape                         -1.1846
 43. eval:  milex.beh quadratic shape                      -0.0295
 44. eval:  milex.beh degree                                0.0955
 45. eval:  milex.beh dense triads                         -0.0289
 46. eval:  milex.beh: effect from beh.democracy_1         -0.4986
 47. eval:  milex.beh: effect from beh.GDPgrowth_1         -2.6783
 48. eval:  milex.beh: effect from beh.nato_1               0.9208
 49. eval:  milex.beh: effect from beh.allies_1            -0.0117
 50. eval:  milex.beh: effect from beh.military_1           0.2590
 51. eval:  milex.beh: effect from beh.lnmids_1             0.1860
 52. eval:  milex.beh: effect from beh.milexSpLag_1         7.6082


Observed values of target statistics are
  1. Amount of network change in period 1                                10.0000
  2. Amount of network change in period 2                                34.0000
  3. Amount of network change in period 3                                86.0000
  4. Amount of network change in period 4                                94.0000
  5. Amount of network change in period 5                                76.0000
  6. Amount of network change in period 6                                76.0000
  7. Amount of network change in period 7                                94.0000
  8. Amount of network change in period 8                                78.0000
  9. Amount of network change in period 9                                84.0000
 10. Amount of network change in period 10                               72.0000
 11. Amount of network change in period 11                               84.0000
 12. Amount of network change in period 12                              114.0000
 13. Amount of network change in period 13                               94.0000
 14. Amount of network change in period 14                               88.0000
 15. Amount of network change in period 15                               80.0000
 16. Number of edges                                                   3807.0000
 17. Number of transitive triads                                       5072.0000
 18. Sum of squared degrees                                            226964.0000
 19. Sum of ties x nets.lndistance_d                                   -8010.2838
 20. Sum of ties x nets.ATOP_d                                         4481.4695
 21. Sum of ties x nets.absidealdiff_d                                 -2131.1065
 22. Sum of ties x nets.lntrade_d                                      27161.2288
 23. Sum of ties x nets.NATO_d                                          722.5164
 24. Sum of degrees x milex.beh                                         140.6170
 25. Sum of degrees x beh.democracy_1                                  2231.9215
 26. Sum of degrees x beh.lncinc_1                                     9867.9263
 27. Amount of behavioral change in period 1 on milex.beh                41.0000
 28. Amount of behavioral change in period 2 on milex.beh                50.0000
 29. Amount of behavioral change in period 3 on milex.beh                57.0000
 30. Amount of behavioral change in period 4 on milex.beh                52.0000
 31. Amount of behavioral change in period 5 on milex.beh                37.0000
 32. Amount of behavioral change in period 6 on milex.beh                32.0000
 33. Amount of behavioral change in period 7 on milex.beh                28.0000
 34. Amount of behavioral change in period 8 on milex.beh                31.0000
 35. Amount of behavioral change in period 9 on milex.beh                24.0000
 36. Amount of behavioral change in period 10 on milex.beh               71.0000
 37. Amount of behavioral change in period 11 on milex.beh               34.0000
 38. Amount of behavioral change in period 12 on milex.beh               55.0000
 39. Amount of behavioral change in period 13 on milex.beh               18.0000
 40. Amount of behavioral change in period 14 on milex.beh               17.0000
 41. Amount of behavioral change in period 15 on milex.beh               48.0000
 42. milex.beh centered sum                                             -61.3312
 43. milex.beh sum of cent. squares                                    5434.8003
 44. milex.beh outdegrees                                              -248.5092
 45. milex.beh dense triads                                            -2289.8418
 46. milex.beh x beh.democracy_1                                       -368.4695
 47. milex.beh x beh.GDPgrowth_1                                          1.9322
 48. milex.beh x beh.nato_1                                              32.8368
 49. milex.beh x beh.allies_1                                          -2822.0961
 50. milex.beh x beh.military_1                                         116.6277
 51. milex.beh x beh.lnmids_1                                           538.3189
 52. milex.beh x beh.milexSpLag_1                                        22.7209

 52 parameters, 52 statistics

Number of subphases is specified as 0.
Therefore the estimation phase is skipped
 and the program passes on immediately to phase 3
 for checking the current parameter values and calculating standard errors.
Estimation of derivatives by the LR method (type 1).


@2
End of stochastic approximation algorithm, phase 3.
---------------------------------------------------

Total of 3000 iterations.
Parameter estimates based on 0 iterations,
convergence diagnostics, covariance and derivative matrices based on 3000 iterations.

Information for convergence diagnosis.
Averages, standard deviations, and t-ratios for deviations from targets:
  1.   -0.0273    4.3345  -0.0063 
  2.    0.1373    8.3920   0.0164 
  3.   -0.3153   12.1068  -0.0260 
  4.   -0.2540   13.6531  -0.0186 
  5.    0.0200   11.7978   0.0017 
  6.   -0.2647   11.9081  -0.0222 
  7.    0.2933   13.4023   0.0219 
  8.   -0.1680   11.9106  -0.0141 
  9.    0.0707   12.5918   0.0056 
 10.    0.1320   11.5147   0.0115 
 11.    0.3020   12.5411   0.0241 
 12.    0.1800   14.5015   0.0124 
 13.   -0.1860   13.2324  -0.0141 
 14.    0.0060   12.9934   0.0005 
 15.   -0.0767   12.4761  -0.0061 
 16.   -1.8000   24.4404  -0.0736 
 17.   -4.0200   78.5970  -0.0511 
 18. -194.3760 2355.6952  -0.0825 
 19.    2.1230   62.0709   0.0342 
 20.   -0.9698   30.3150  -0.0320 
 21.   -0.3335   41.2158  -0.0081 
 22.  -13.6683  182.6944  -0.0748 
 23.   -0.5636    8.4234  -0.0669 
 24.   -1.6325   51.6180  -0.0316 
 25.   -1.0445   17.5973  -0.0594 
 26.   -6.2048   81.0366  -0.0766 
 27.   -0.4280    5.8161  -0.0736 
 28.    0.1523    6.0319   0.0253 
 29.    0.3273    6.5747   0.0498 
 30.   -0.1387    6.3062  -0.0220 
 31.    0.0787    5.5920   0.0141 
 32.    0.0693    5.3841   0.0129 
 33.   -0.0993    5.0703  -0.0196 
 34.    0.1377    5.1425   0.0268 
 35.   -0.1660    4.5831  -0.0362 
 36.    0.2697    6.9522   0.0388 
 37.   -0.2360    5.1682  -0.0457 
 38.    0.1590    6.1932   0.0257 
 39.    0.1723    3.9475   0.0437 
 40.    0.0653    3.8867   0.0168 
 41.   -0.3910    5.9521  -0.0657 
 42.   -1.5247   23.1742  -0.0658 
 43.   -5.5091   94.7315  -0.0582 
 44.   -6.5867  156.7131  -0.0420 
 45.  -12.5830  413.3415  -0.0304 
 46.    0.2329   11.8294   0.0197 
 47.   -0.0487    2.1559  -0.0226 
 48.   -0.0252    8.7754  -0.0029 
 49.   -1.7102  448.2904  -0.0038 
 50.   -0.3228    6.5895  -0.0490 
 51.   -1.0200   15.3588  -0.0664 
 52.   -0.0274    0.4900  -0.0558 

Good convergence is indicated by the t-ratios being close to zero.

Overall maximum convergence ratio =  0.2375 .



@2
Estimation Results.
-------------------

Regular end of estimation algorithm.
Total of 3000 iteration steps.


@3
Estimates and standard errors
                             
Network Dynamics
 1. rate:  constant dv.net rate (period 1)                         0.0504  (   0.0238)
 2. rate:  constant dv.net rate (period 2)                         0.1475  (   0.0357)
 3. rate:  constant dv.net rate (period 3)                         0.4469  (   0.0887)
 4. rate:  constant dv.net rate (period 4)                         0.3590  (   0.0537)
 5. rate:  constant dv.net rate (period 5)                         0.3285  (   0.0595)
 6. rate:  constant dv.net rate (period 6)                         0.3234  (   0.0575)
 7. rate:  constant dv.net rate (period 7)                         0.4003  (   0.0658)
 8. rate:  constant dv.net rate (period 8)                         0.3079  (   0.0537)
 9. rate:  constant dv.net rate (period 9)                         0.3267  (   0.0532)
10. rate:  constant dv.net rate (period 10)                        0.2768  (   0.0502)
11. rate:  constant dv.net rate (period 11)                        0.3216  (   0.0530)
12. rate:  constant dv.net rate (period 12)                        0.4419  (   0.0653)
13. rate:  constant dv.net rate (period 13)                        0.3489  (   0.0542)
14. rate:  constant dv.net rate (period 14)                        0.3201  (   0.0512)
15. rate:  constant dv.net rate (period 15)                        0.2869  (   0.0475)
16. eval:  degree (density)                                       -6.1002  (   0.2942)
17. eval:  transitive triads                                       0.2432  (   0.0812)
18. eval:  degree act+pop                                          0.0684  (   0.0067)
19. eval:  nets.lndistance_d                                      -1.0164  (   0.0863)
20. eval:  nets.ATOP_d                                             1.1736  (   0.1687)
21. eval:  nets.absidealdiff_d                                    -0.6650  (   0.0857)
22. eval:  nets.lntrade_d                                          0.0549  (   0.0357)
23. eval:  nets.NATO_d                                            -3.5828  (   0.4601)
24. eval:  milex.beh alter                                        -0.0613  (   0.0635)
25. eval:  beh.democracy_1 alter                                   1.6535  (   0.3312)
26. eval:  beh.lncinc_1 alter                                      0.8395  (   0.0810)
Behavior Dynamics

27. rate:  rate milex.beh (period 1)                               0.9305  (   0.1596)
28. rate:  rate milex.beh (period 2)                               1.3141  (   0.2437)
29. rate:  rate milex.beh (period 3)                               1.3562  (   0.2403)
30. rate:  rate milex.beh (period 4)                               1.1890  (   0.2271)
31. rate:  rate milex.beh (period 5)                               0.7019  (   0.1312)
32. rate:  rate milex.beh (period 6)                               0.5782  (   0.1111)
33. rate:  rate milex.beh (period 7)                               0.4801  (   0.0977)
34. rate:  rate milex.beh (period 8)                               0.5359  (   0.1115)
35. rate:  rate milex.beh (period 9)                               0.3797  (   0.0843)
36. rate:  rate milex.beh (period 10)                              1.8233  (   0.3725)
37. rate:  rate milex.beh (period 11)                              0.5932  (   0.1224)
38. rate:  rate milex.beh (period 12)                              1.3722  (   0.2539)
39. rate:  rate milex.beh (period 13)                              0.3316  (   0.0928)
40. rate:  rate milex.beh (period 14)                              0.3031  (   0.0758)
41. rate:  rate milex.beh (period 15)                              1.1053  (   0.1950)
42. eval:  milex.beh linear shape                                 -1.1846  (   0.0810)
43. eval:  milex.beh quadratic shape                              -0.0295  (   0.0247)
44. eval:  milex.beh degree                                        0.0955  (   0.0284)
45. eval:  milex.beh dense triads                                 -0.0289  (   0.0104)
46. eval:  milex.beh: effect from beh.democracy_1                 -0.4986  (   0.1457)
47. eval:  milex.beh: effect from beh.GDPgrowth_1                 -2.6783  (   0.9757)
48. eval:  milex.beh: effect from beh.nato_1                       0.9208  (   0.1785)
49. eval:  milex.beh: effect from beh.allies_1                    -0.0117  (   0.0038)
50. eval:  milex.beh: effect from beh.military_1                   0.2590  (   0.2012)
51. eval:  milex.beh: effect from beh.lnmids_1                     0.1860  (   0.0945)
52. eval:  milex.beh: effect from beh.milexSpLag_1                 7.6082  (   2.8681)


@3
Covariance matrices
                   
Covariance matrix of estimates (correlations below diagonal):
     0.001      0.000      0.000      0.000      0.000      0.000      0.000      0.000      0.000      0.000      0.000      0.000      0.000      0.000      0.000      0.000      0.000      0.000      0.000      0.000      0.000      0.000      0.000      0.000      0.000      0.000      0.000      0.000      0.000      0.000      0.000      0.000      0.000      0.000      0.000      0.000      0.000      0.000      0.000      0.000      0.000      0.000      0.000      0.000      0.000      0.000      0.000      0.000      0.000      0.000      0.000      0.000
     0.048      0.001      0.000      0.000      0.000      0.000      0.000      0.000      0.000      0.000      0.000      0.000      0.000      0.000      0.000     -0.001      0.000      0.000      0.000      0.000      0.000      0.000     -0.001      0.000      0.000      0.000      0.000      0.000      0.000      0.000      0.000      0.000      0.000      0.000      0.000      0.000      0.000      0.000      0.000      0.000      0.000      0.000      0.000      0.000      0.000      0.000      0.001      0.000      0.000      0.000      0.000     -0.004
     0.007      0.037      0.008      0.000      0.000      0.000      0.000      0.000      0.000      0.000      0.000      0.000      0.000      0.000      0.000     -0.001      0.000      0.000      0.001     -0.001      0.000      0.001      0.002      0.000     -0.004     -0.001      0.000      0.000     -0.001      0.000      0.000      0.000      0.000      0.000      0.000      0.000      0.000     -0.001      0.000      0.000      0.000      0.000      0.000      0.000      0.000      0.001     -0.001     -0.001      0.000      0.000      0.000     -0.006
     0.034      0.034      0.057      0.003      0.000      0.000      0.000      0.000      0.000      0.000      0.000      0.000      0.000      0.000      0.000     -0.001      0.000      0.000      0.000      0.000      0.000      0.000      0.000      0.000     -0.001      0.000      0.000      0.000      0.000      0.000      0.000      0.000      0.000      0.000      0.000      0.000      0.000      0.000      0.000      0.000      0.000      0.000      0.000      0.000      0.000      0.000      0.000      0.000      0.000      0.000      0.000      0.002
     0.034      0.047      0.049      0.036      0.004      0.000      0.000      0.000      0.000      0.000      0.000      0.000      0.000      0.000      0.000     -0.001      0.000      0.000      0.000     -0.001      0.000      0.000      0.000      0.000     -0.001      0.000      0.000      0.000      0.000      0.000      0.000      0.000      0.000      0.000      0.000      0.000      0.000      0.000      0.000      0.000      0.000      0.000      0.000      0.000      0.000      0.000      0.001      0.000      0.000      0.000      0.000      0.002
     0.002      0.016      0.001      0.039      0.012      0.003      0.000      0.000      0.000      0.000      0.000      0.000      0.000      0.000      0.000     -0.001      0.000      0.000      0.000      0.000      0.000      0.000      0.000      0.000     -0.001      0.000      0.000      0.000      0.000      0.000      0.000      0.000      0.000      0.000      0.000      0.000      0.000     -0.001      0.000      0.000      0.000      0.000      0.000      0.000      0.000      0.000     -0.001      0.000      0.000      0.000      0.000      0.000
     0.042      0.005      0.004      0.023      0.030      0.024      0.004      0.000      0.000      0.000      0.000      0.000      0.000      0.000      0.000      0.000      0.000      0.000      0.000      0.000      0.000      0.000      0.001      0.000     -0.002      0.000      0.000      0.000      0.000      0.000      0.000      0.000      0.000      0.000      0.000      0.000      0.000      0.000      0.000      0.000      0.000      0.000      0.000      0.000      0.000      0.000      0.001      0.000      0.000      0.000      0.000      0.002
     0.018      0.038      0.018      0.020      0.027      0.026      0.024      0.003      0.000      0.000      0.000      0.000      0.000      0.000      0.000      0.000      0.000      0.000      0.000      0.000      0.000      0.000      0.001      0.000     -0.001      0.000      0.000      0.000      0.000      0.000      0.000      0.000      0.000      0.000      0.000      0.000      0.000      0.000      0.000      0.000      0.000      0.000      0.000      0.000      0.000      0.000      0.001      0.000      0.000      0.000      0.000      0.002
     0.012      0.034      0.042      0.019      0.040     -0.001      0.006      0.048      0.003      0.000      0.000      0.000      0.000      0.000      0.000     -0.001      0.000      0.000      0.000      0.000      0.000      0.000      0.000      0.000      0.000      0.000      0.000     -0.001      0.000      0.000      0.000      0.000      0.000      0.000      0.000      0.000      0.000      0.000      0.000      0.000      0.000      0.000      0.000      0.000      0.000      0.000      0.000      0.000      0.000      0.000      0.000      0.000
     0.035      0.037      0.010      0.047     -0.018      0.048      0.010      0.024      0.002      0.003      0.000      0.000      0.000      0.000      0.000      0.000      0.000      0.000      0.000      0.000      0.000      0.000      0.000      0.000     -0.001      0.000      0.000      0.000      0.000      0.000      0.000      0.000      0.000      0.000      0.000      0.001      0.000      0.000      0.000      0.000      0.000      0.000      0.000      0.000      0.000      0.000      0.000      0.000      0.000      0.000      0.000     -0.002
     0.010      0.004      0.006      0.050      0.053      0.017      0.013      0.053      0.050     -0.004      0.003      0.000      0.000      0.000      0.000      0.000      0.000      0.000      0.000      0.000      0.000      0.000      0.000      0.000      0.000      0.000      0.000      0.000      0.000      0.000      0.000      0.000      0.000      0.000      0.000      0.000      0.000      0.000      0.000      0.000      0.000      0.000      0.000      0.000      0.000      0.000     -0.001      0.000      0.000      0.000      0.000      0.002
     0.028      0.025      0.020     -0.002      0.020     -0.015      0.020      0.022      0.008      0.009     -0.015      0.004      0.000      0.000      0.000     -0.001      0.000      0.000      0.000      0.000      0.000      0.000      0.001      0.000     -0.001      0.000      0.000      0.000      0.000      0.000      0.000      0.000      0.000      0.000      0.000      0.000      0.000      0.000      0.000      0.000      0.000      0.000      0.000      0.000      0.000      0.000     -0.001      0.000      0.000      0.000      0.000     -0.001
     0.017     -0.008      0.044      0.007      0.035      0.012      0.008      0.008     -0.003      0.007      0.027      0.037      0.003      0.000      0.000     -0.001      0.000      0.000      0.000     -0.001      0.000      0.000      0.000      0.000     -0.001      0.000      0.000     -0.001      0.000      0.000      0.000      0.000      0.000      0.000      0.000      0.000      0.000      0.000      0.000      0.000      0.000      0.000      0.000      0.000      0.000      0.000      0.001      0.000      0.000      0.000      0.000      0.001
    -0.037      0.004      0.036      0.021      0.067      0.027     -0.012      0.029      0.015      0.008      0.014      0.013     -0.021      0.003      0.000      0.000      0.000      0.000      0.000      0.000      0.000      0.000      0.000      0.000     -0.001      0.000      0.000      0.000      0.000      0.000      0.000      0.000      0.000      0.000      0.000      0.000      0.000      0.000      0.000      0.000      0.000      0.000      0.000      0.000      0.000      0.000      0.000      0.000      0.000      0.000      0.000      0.001
     0.008      0.002     -0.014      0.027      0.054      0.050      0.003     -0.023      0.016     -0.011      0.004      0.040      0.023      0.028      0.002     -0.001      0.000      0.000      0.000      0.000      0.000      0.000      0.000      0.000      0.000      0.000      0.000      0.000      0.000      0.000      0.000      0.000      0.000      0.000      0.000      0.000      0.000      0.000      0.000      0.000      0.001      0.000      0.000      0.000      0.000      0.000      0.000      0.000      0.000      0.000      0.000      0.001
    -0.025     -0.078     -0.039     -0.075     -0.037     -0.062     -0.017      0.010     -0.047     -0.003     -0.025     -0.030     -0.039     -0.016     -0.045      0.087     -0.009     -0.001      0.012     -0.014      0.011      0.000      0.046      0.002     -0.041     -0.014     -0.002      0.002      0.001      0.001      0.001     -0.001      0.000      0.000      0.001     -0.002     -0.001      0.001      0.001      0.000      0.001      0.000      0.000      0.000      0.000      0.000      0.001      0.000      0.000      0.000      0.000      0.002
    -0.009      0.017     -0.006      0.015      0.007     -0.019     -0.042     -0.026      0.016      0.012      0.020      0.001      0.022     -0.007      0.013     -0.378      0.007      0.000     -0.002      0.001     -0.001      0.000     -0.017      0.001      0.010      0.002      0.000      0.000      0.000      0.000      0.000      0.000      0.000      0.000      0.000      0.000      0.000      0.000      0.000      0.000     -0.001      0.000      0.000      0.000      0.000      0.000      0.000      0.000      0.000      0.000      0.000      0.003
     0.023      0.101      0.171      0.099      0.048      0.080      0.053      0.025      0.017      0.004      0.002      0.007      0.023      0.016     -0.010     -0.261     -0.455      0.000      0.000      0.000      0.000      0.000      0.000      0.000     -0.001      0.000      0.000      0.000      0.000      0.000      0.000      0.000      0.000      0.000      0.000      0.000      0.000      0.000      0.000      0.000      0.000      0.000      0.000      0.000      0.000      0.000      0.000      0.000      0.000      0.000      0.000      0.000
     0.041      0.023      0.149      0.056      0.060      0.045      0.082      0.079      0.029      0.026      0.037      0.039      0.045      0.015     -0.011      0.458     -0.248      0.114      0.007      0.001      0.001      0.001      0.007      0.000     -0.009     -0.004      0.000      0.000      0.001      0.000      0.000      0.000      0.000      0.000      0.000      0.001      0.000     -0.001      0.000      0.000      0.000      0.000      0.000      0.000      0.000      0.000      0.000      0.000      0.000      0.000      0.000     -0.002
    -0.004     -0.020     -0.053     -0.023     -0.067     -0.029     -0.038      0.008     -0.008     -0.044     -0.038     -0.033     -0.056     -0.008     -0.056     -0.275      0.077      0.010      0.093      0.028      0.000     -0.001     -0.016     -0.001      0.020      0.002      0.000      0.000      0.001      0.000      0.000      0.001      0.000      0.000      0.000      0.000      0.000      0.000      0.001      0.000     -0.003     -0.001      0.000      0.000      0.000      0.000     -0.002      0.000      0.000      0.000      0.000      0.017
     0.012     -0.028      0.035     -0.023     -0.001     -0.015      0.017      0.013     -0.030     -0.004     -0.008      0.003      0.023      0.012      0.036      0.435     -0.210     -0.056      0.157      0.018      0.007      0.000      0.010     -0.001     -0.009     -0.002      0.000      0.000      0.000      0.000      0.000      0.000      0.000      0.000      0.000     -0.001      0.000      0.000      0.000      0.000      0.000      0.000      0.000      0.000      0.000      0.000     -0.002      0.000      0.000      0.000      0.000      0.004
     0.044      0.048      0.158      0.091      0.096      0.081      0.085      0.060      0.024      0.040      0.057      0.054      0.086      0.017      0.028      0.036     -0.134      0.237      0.473     -0.176     -0.096      0.001     -0.001      0.000     -0.002     -0.002      0.000      0.000      0.000      0.000      0.000      0.000      0.000      0.000      0.000      0.000      0.000      0.000      0.000      0.000      0.000      0.000      0.000      0.000      0.000      0.000      0.000      0.000      0.000      0.000      0.000     -0.004
     0.008     -0.031      0.056     -0.017      0.018     -0.012      0.023      0.020     -0.005      0.002      0.002      0.041      0.009      0.017      0.014      0.339     -0.465      0.071      0.183     -0.204      0.264     -0.061      0.212     -0.003     -0.056     -0.007      0.001      0.000      0.000     -0.002     -0.002      0.000      0.000      0.000      0.000     -0.003      0.000      0.000      0.000      0.001      0.002      0.000      0.000      0.000      0.000     -0.001     -0.003     -0.001      0.000     -0.001     -0.001     -0.007
    -0.022     -0.008     -0.041      0.008     -0.005     -0.029     -0.058      0.010     -0.030      0.038     -0.024     -0.028     -0.008     -0.022      0.016      0.120      0.173     -0.318     -0.067     -0.121     -0.268      0.001     -0.115      0.004      0.006     -0.001      0.000      0.000      0.000      0.000      0.000      0.000      0.000      0.000      0.000      0.000      0.000      0.000      0.000      0.000      0.000      0.000      0.000      0.000      0.000      0.000     -0.001      0.000      0.000      0.000      0.000      0.001
    -0.048     -0.020     -0.130     -0.048     -0.071     -0.045     -0.090     -0.042     -0.020     -0.031     -0.024     -0.064     -0.047     -0.048     -0.017     -0.418      0.368     -0.297     -0.312      0.350     -0.311     -0.138     -0.367      0.285      0.110      0.007      0.000      0.000      0.000     -0.001      0.000      0.000      0.000      0.000      0.000     -0.004      0.001      0.003      0.000      0.000     -0.004      0.000      0.000      0.000      0.000     -0.001     -0.007      0.002      0.000      0.000      0.000     -0.004
    -0.028     -0.041     -0.170     -0.059     -0.069     -0.049     -0.055     -0.075      0.003     -0.043     -0.037     -0.019     -0.043     -0.009      0.002     -0.598      0.361     -0.222     -0.631      0.163     -0.346     -0.537     -0.190     -0.136      0.243      0.007      0.000      0.001      0.000      0.000      0.000      0.000      0.000      0.000      0.000      0.001      0.000      0.000      0.000      0.000      0.000      0.000      0.000      0.000      0.000      0.000      0.000      0.000      0.000      0.000      0.000      0.010
     0.005     -0.018     -0.005     -0.011      0.005      0.003      0.001     -0.005     -0.005      0.007      0.016      0.022     -0.007     -0.023      0.028     -0.047      0.001      0.034     -0.004     -0.005     -0.019      0.047      0.019     -0.005     -0.005      0.002      0.025     -0.001      0.001      0.000      0.000      0.000      0.000      0.000      0.001      0.001      0.000      0.000      0.000      0.000     -0.001      0.000      0.000      0.000      0.000      0.001      0.001      0.000      0.000     -0.001      0.000      0.003
     0.001      0.015     -0.011      0.004     -0.024      0.021      0.010      0.021     -0.041      0.015     -0.006     -0.013     -0.048     -0.034      0.002      0.023      0.004     -0.033     -0.011      0.007      0.007     -0.039      0.004     -0.005      0.006      0.029     -0.020      0.059      0.002      0.002      0.001      0.001      0.000     -0.001      0.000     -0.003      0.001      0.000      0.000      0.001      0.000      0.001      0.001     -0.001      0.000      0.003      0.004     -0.002      0.000     -0.002      0.000     -0.008
    -0.021     -0.002     -0.043      0.011      0.021     -0.012      0.009     -0.010     -0.014     -0.024     -0.007      0.005     -0.009     -0.032      0.005      0.013     -0.006      0.005      0.033      0.021      0.024      0.005     -0.003     -0.010      0.003     -0.016      0.031      0.040      0.058      0.001      0.001      0.000     -0.001      0.000      0.001      0.000      0.000     -0.001      0.000      0.000      0.000      0.001      0.001     -0.001      0.000      0.002      0.041      0.000      0.000      0.000      0.000      0.012
    -0.001      0.002     -0.009      0.001     -0.003     -0.021     -0.011     -0.010     -0.009     -0.013      0.003     -0.009     -0.018      0.003      0.036      0.016      0.006     -0.002      0.001     -0.013      0.011     -0.017     -0.014      0.005     -0.019      0.000      0.000      0.044      0.018      0.052      0.001      0.000      0.001      0.000      0.000      0.000      0.000      0.000      0.000      0.000      0.001      0.001      0.001      0.000      0.000      0.001      0.006      0.000      0.000     -0.002      0.000      0.010
     0.017      0.009      0.010      0.008      0.037     -0.011     -0.001     -0.008      0.004     -0.045      0.013     -0.006      0.031     -0.017     -0.015      0.023      0.008     -0.008     -0.014     -0.014      0.009      0.014     -0.035     -0.010     -0.002     -0.016      0.008      0.036      0.021      0.033      0.017      0.000      0.000      0.000      0.000      0.000      0.000      0.000      0.000      0.000      0.000      0.000      0.000      0.000      0.000      0.000      0.012      0.001      0.000     -0.001      0.000      0.008
     0.011      0.019      0.016      0.048     -0.025      0.003      0.012      0.013      0.024      0.025      0.013     -0.001      0.000      0.001      0.021     -0.030      0.004      0.034      0.041      0.034     -0.008      0.028     -0.010     -0.044      0.001      0.018      0.017      0.020     -0.014     -0.017      0.004      0.012      0.000      0.000      0.000     -0.001      0.000      0.000      0.000      0.000      0.000      0.000      0.000      0.000      0.000      0.000      0.000      0.000      0.000      0.001      0.000     -0.003
    -0.039      0.006     -0.021     -0.001      0.030     -0.023      0.025      0.004     -0.027      0.025      0.008      0.012      0.008      0.010     -0.014      0.013     -0.026      0.001     -0.001     -0.017     -0.020     -0.001      0.001     -0.008     -0.008     -0.008     -0.012      0.013     -0.029      0.023      0.032      0.013      0.010      0.000      0.000      0.000      0.000      0.000      0.000      0.000      0.000      0.000      0.000      0.000      0.000      0.000      0.001      0.000      0.000      0.001      0.000     -0.004
    -0.013     -0.022      0.002     -0.043      0.015     -0.008     -0.010      0.026     -0.010     -0.018      0.039     -0.016      0.017     -0.038     -0.013     -0.002      0.000      0.002     -0.016      0.022      0.011     -0.057      0.000      0.006      0.007      0.021      0.004     -0.024      0.002     -0.009     -0.024     -0.001     -0.021      0.012      0.000      0.000      0.000     -0.001      0.000      0.000      0.000      0.000      0.000      0.000      0.000     -0.001      0.000      0.001      0.000      0.001      0.000      0.003
     0.018     -0.008     -0.016     -0.025     -0.001     -0.041     -0.008      0.056     -0.008     -0.010     -0.007      0.015     -0.030     -0.009      0.012      0.021      0.008     -0.002      0.029      0.018      0.002      0.003     -0.008      0.007      0.000     -0.015      0.047      0.012      0.027     -0.017     -0.020      0.022      0.003     -0.004      0.007      0.000      0.000      0.000      0.000      0.000      0.000      0.000      0.000      0.000      0.000      0.000      0.003      0.000      0.000      0.000      0.000      0.007
    -0.026      0.012      0.013     -0.005      0.003     -0.016      0.011      0.016     -0.004      0.036     -0.003     -0.004      0.006      0.010      0.008     -0.018      0.009      0.014      0.016      0.008     -0.021      0.002     -0.019      0.000     -0.033      0.018      0.012     -0.033     -0.003      0.004      0.005     -0.030      0.003      0.006      0.007      0.139      0.001     -0.001      0.000      0.000     -0.003      0.000      0.000      0.001      0.000     -0.002      0.014      0.000      0.000      0.003      0.001     -0.024
    -0.028     -0.008      0.009      0.026      0.025      0.009      0.025      0.019     -0.010     -0.009     -0.023     -0.016     -0.039     -0.012     -0.010     -0.020      0.024     -0.024      0.015      0.017     -0.003     -0.015      0.005     -0.004      0.022      0.009     -0.017      0.033      0.006      0.007     -0.022     -0.019      0.003      0.007     -0.004      0.023      0.015      0.000     -0.001      0.000      0.000      0.000      0.000      0.000      0.000      0.000      0.004     -0.001      0.000      0.001      0.000      0.006
     0.025      0.002     -0.033      0.017      0.003     -0.038      0.000      0.021     -0.011     -0.011     -0.007     -0.010     -0.020     -0.016     -0.031      0.009      0.000     -0.033     -0.026      0.000     -0.005     -0.004      0.003      0.030      0.036      0.004      0.010      0.005     -0.019      0.007      0.014     -0.003      0.001     -0.019      0.002     -0.009      0.010      0.064      0.001      0.000      0.000      0.000      0.000      0.000      0.000     -0.002      0.000     -0.001      0.000      0.000      0.001      0.004
     0.007     -0.005     -0.034     -0.020     -0.008      0.005     -0.047      0.003     -0.006     -0.004      0.007      0.008      0.024      0.000      0.026      0.019      0.006     -0.033     -0.013      0.045      0.043     -0.001     -0.004      0.025     -0.008     -0.006      0.003     -0.011     -0.003      0.010      0.019      0.026     -0.042     -0.004      0.037     -0.014     -0.057      0.024      0.009      0.000      0.000      0.000      0.000      0.000      0.000     -0.001     -0.002      0.001      0.000      0.000      0.000      0.006
    -0.009      0.055     -0.010      0.024      0.000      0.005     -0.025      0.004      0.016      0.001      0.002      0.003     -0.016      0.020      0.029     -0.008      0.005      0.000     -0.010     -0.012     -0.014     -0.010      0.020      0.000     -0.007      0.027     -0.004      0.027     -0.015     -0.009      0.003      0.002     -0.017     -0.026      0.001     -0.013     -0.019      0.022     -0.009      0.006      0.000     -0.001      0.000      0.000      0.000     -0.001     -0.001      0.001      0.000      0.000      0.000      0.000
    -0.027      0.047      0.007      0.022      0.023     -0.017     -0.014     -0.017      0.001      0.002      0.023      0.039      0.004      0.015      0.097      0.015     -0.046      0.063      0.014     -0.085     -0.005      0.031      0.018      0.032     -0.058     -0.025     -0.024      0.003      0.009      0.016     -0.006      0.022     -0.010      0.002      0.011     -0.038     -0.012     -0.007      0.016      0.033      0.038      0.000      0.000      0.000      0.000     -0.001     -0.001      0.000      0.000      0.000     -0.001     -0.005
     0.012      0.030      0.017     -0.026     -0.026      0.043      0.018      0.036      0.000     -0.012     -0.014      0.010      0.008     -0.013      0.009     -0.013     -0.016      0.040     -0.019     -0.039     -0.025      0.023      0.006     -0.011     -0.013     -0.017     -0.002      0.032      0.029      0.028     -0.031     -0.025     -0.027     -0.014     -0.014     -0.002      0.018      0.000     -0.031     -0.084     -0.021      0.007      0.000     -0.001      0.000      0.003      0.014     -0.003      0.000     -0.002      0.001     -0.025
     0.015      0.012     -0.009      0.030      0.031     -0.015     -0.021      0.004     -0.006      0.018      0.010      0.042     -0.004     -0.026      0.046      0.003     -0.001     -0.020      0.002     -0.007     -0.013      0.023     -0.024     -0.019      0.017     -0.013      0.116      0.115      0.121      0.110      0.081      0.060      0.063      0.000      0.016      0.041      0.041      0.054     -0.004      0.012      0.042     -0.093      0.001      0.000      0.000      0.001      0.006      0.000      0.000     -0.001      0.000     -0.025
    -0.007      0.002     -0.011      0.006      0.025     -0.040     -0.003     -0.006     -0.017     -0.007      0.033     -0.009     -0.007      0.028     -0.020      0.015      0.006     -0.007      0.023      0.012      0.052     -0.018      0.019     -0.022     -0.022      0.004     -0.055     -0.091     -0.081     -0.047     -0.044     -0.005      0.008     -0.013     -0.008      0.052     -0.042     -0.012      0.011      0.036      0.020     -0.565     -0.173      0.001      0.000     -0.001     -0.003      0.000      0.000      0.000     -0.001      0.008
     0.011     -0.012      0.006      0.001     -0.026      0.032     -0.005     -0.003      0.012      0.011     -0.041      0.014      0.007     -0.024      0.021     -0.004     -0.014      0.000     -0.019     -0.012     -0.045      0.016     -0.017      0.026      0.025     -0.006      0.040      0.078      0.068      0.016      0.040      0.015     -0.014      0.004     -0.002     -0.079      0.042      0.036     -0.008     -0.019     -0.016      0.379      0.152     -0.902      0.000      0.000      0.001      0.000      0.000      0.000      0.000     -0.001
    -0.050     -0.001      0.043      0.025     -0.018      0.012      0.009      0.033      0.026     -0.012      0.001      0.013     -0.006      0.007     -0.010     -0.011      0.004      0.022     -0.001      0.000     -0.017      0.015     -0.008     -0.026     -0.022     -0.001      0.028      0.088      0.071      0.017     -0.003      0.021      0.015     -0.047     -0.014     -0.046      0.016     -0.057     -0.049     -0.068     -0.047      0.242      0.161     -0.222      0.180      0.021      0.005     -0.011      0.000      0.005      0.001      0.039
    -0.020      0.020     -0.017      0.002      0.016     -0.020      0.010      0.029      0.000     -0.002     -0.029     -0.011      0.024      0.010      0.008      0.003     -0.003      0.016      0.006     -0.014     -0.022      0.005     -0.007     -0.022     -0.021      0.004      0.009      0.018      0.173      0.028      0.097      0.003      0.013      0.004      0.040      0.039      0.036      0.000     -0.018     -0.020     -0.004      0.173      0.234     -0.117      0.097      0.038      0.952     -0.009      0.000     -0.023      0.003     -0.463
     0.002     -0.011     -0.044     -0.006      0.000     -0.018      0.001     -0.019      0.033      0.000      0.020     -0.029     -0.002     -0.017      0.008     -0.001      0.015     -0.014      0.026      0.016     -0.028     -0.001     -0.011      0.032      0.033     -0.004     -0.011     -0.046      0.006      0.002      0.022     -0.002      0.021      0.032      0.011      0.005     -0.030     -0.012      0.032      0.044     -0.001     -0.219     -0.038     -0.030     -0.028     -0.420     -0.051      0.032      0.000      0.001     -0.003     -0.009
     0.045      0.013      0.030     -0.009      0.004      0.016     -0.002      0.014      0.014      0.012     -0.010      0.020     -0.010      0.012      0.039     -0.007      0.016      0.006     -0.020     -0.010     -0.019      0.012     -0.017      0.035      0.001     -0.021      0.063      0.054      0.020      0.086      0.016     -0.004     -0.016     -0.020      0.033      0.022      0.039      0.020     -0.025     -0.031      0.060      0.408      0.061     -0.363      0.218     -0.014      0.046     -0.354      0.000      0.000      0.000      0.000
     0.003     -0.026     -0.012     -0.019      0.023     -0.017     -0.012      0.010      0.027      0.036      0.020     -0.030      0.005      0.014     -0.005     -0.006      0.013      0.005      0.010      0.003      0.002      0.023     -0.016     -0.014     -0.001     -0.003     -0.018     -0.035      0.002     -0.038     -0.051      0.028      0.039      0.028     -0.012      0.037      0.029     -0.008     -0.005      0.007     -0.004     -0.095     -0.103      0.049     -0.039      0.156     -0.119      0.014      0.051      0.040      0.000      0.065
    -0.034     -0.029     -0.010     -0.067     -0.024      0.020     -0.017     -0.015     -0.003     -0.004     -0.015     -0.024      0.012      0.003     -0.016     -0.012      0.026     -0.026     -0.022      0.018     -0.003     -0.008     -0.024      0.009      0.003      0.032      0.027      0.018      0.002     -0.004      0.032      0.001     -0.013      0.039      0.029      0.025      0.003      0.024      0.036     -0.002     -0.067      0.137     -0.160     -0.239      0.151      0.102      0.028     -0.174      0.037      0.022      0.009     -0.025
    -0.006     -0.036     -0.023      0.010      0.010      0.001      0.013      0.012     -0.002     -0.017      0.015     -0.007      0.009      0.004      0.005      0.002      0.014     -0.014     -0.010      0.035      0.017     -0.042     -0.005      0.006     -0.004      0.041      0.007     -0.011      0.018      0.015      0.022     -0.009     -0.015      0.009      0.028     -0.022      0.017      0.005      0.022     -0.001     -0.009     -0.108     -0.348      0.093     -0.046      0.094     -0.166     -0.018     -0.036      0.112     -0.091      8.226

Derivative matrix of expected statistics X by parameters and
covariance/correlation matrix of X can be found using
summary(ans) within R, or by using the 'verbose' option in Siena07.
 
Total computation time 650 seconds.
