

-----------------------------------
New Analysis started.
Date and time: 20/09/2026 20:45:37
New results follow.
-----------------------------------

RSiena version 1.3.10 (28 Apr 22)


@1
Estimation by stochastic approximation algorithm.
=================================================

Current random number seed is 12347.
Effects object used: effs 
Model Type:
 Initiative model
Behavioral Model Type:
 Standard behavior actor-oriented model ('restrict')
Estimation method: unconditional moment estimation
.

Time duration for simulations in each period is 1.0.
Changing composition.
Joiners/leavers option: 1
Standard errors are estimated with the likelihood ratio method.
Dolby method (regression on scores) is used.
Initial value of gain parameter is  0.2000000.
Reduction factor for gain parameter is  0.5000000.
Number of subphases in Phase 2 is 3.

Initial parameter values are 
  1. rate:  constant dv.net rate (period 1)                 0.0486
  2. rate:  constant dv.net rate (period 2)                 0.1423
  3. rate:  constant dv.net rate (period 3)                 0.4356
  4. rate:  constant dv.net rate (period 4)                 0.3524
  5. rate:  constant dv.net rate (period 5)                 0.3245
  6. rate:  constant dv.net rate (period 6)                 0.3208
  7. rate:  constant dv.net rate (period 7)                 0.3965
  8. rate:  constant dv.net rate (period 8)                 0.3059
  9. rate:  constant dv.net rate (period 9)                 0.3237
 10. rate:  constant dv.net rate (period 10)                0.2758
 11. rate:  constant dv.net rate (period 11)                0.3213
 12. rate:  constant dv.net rate (period 12)                0.4425
 13. rate:  constant dv.net rate (period 13)                0.3483
 14. rate:  constant dv.net rate (period 14)                0.3206
 15. rate:  constant dv.net rate (period 15)                0.2872
 16. rate:  constant dv.net rate (period 16)                0.5093
 17. eval:  degree (density)                               -5.9069
 18. eval:  transitive triads                               0.2239
 19. eval:  degree act+pop                                  0.0620
 20. eval:  nets.lndistance_d                              -0.9524
 21. eval:  nets.ATOP_d                                     1.1555
 22. eval:  nets.absidealdiff_d                            -0.6526
 23. eval:  nets.lntrade_d                                  0.0556
 24. eval:  nets.NATO_d                                    -3.8451
 25. eval:  milex.beh alter                                -0.0521
 26. eval:  beh.democracy_1 alter                           1.8030
 27. eval:  beh.lncinc_1 alter                              0.8249
 28. rate:  rate milex.beh (period 1)                       0.9355
 29. rate:  rate milex.beh (period 2)                       1.3043
 30. rate:  rate milex.beh (period 3)                       1.3522
 31. rate:  rate milex.beh (period 4)                       1.1946
 32. rate:  rate milex.beh (period 5)                       0.6933
 33. rate:  rate milex.beh (period 6)                       0.5702
 34. rate:  rate milex.beh (period 7)                       0.4788
 35. rate:  rate milex.beh (period 8)                       0.5300
 36. rate:  rate milex.beh (period 9)                       0.3769
 37. rate:  rate milex.beh (period 10)                      1.7707
 38. rate:  rate milex.beh (period 11)                      0.6003
 39. rate:  rate milex.beh (period 12)                      1.3641
 40. rate:  rate milex.beh (period 13)                      0.3304
 41. rate:  rate milex.beh (period 14)                      0.3028
 42. rate:  rate milex.beh (period 15)                      1.1057
 43. rate:  rate milex.beh (period 16)                      0.4261
 44. eval:  milex.beh linear shape                         -1.2018
 45. eval:  milex.beh quadratic shape                      -0.0366
 46. eval:  milex.beh degree                                0.0945
 47. eval:  milex.beh dense triads                         -0.0269
 48. eval:  milex.beh: effect from beh.democracy_1         -0.5141
 49. eval:  milex.beh: effect from beh.GDPgrowth_1         -2.6449
 50. eval:  milex.beh: effect from beh.nato_1               0.8961
 51. eval:  milex.beh: effect from beh.allies_1            -0.0113
 52. eval:  milex.beh: effect from beh.military_1           0.2503
 53. eval:  milex.beh: effect from beh.lnmids_1             0.2083
 54. eval:  milex.beh: effect from beh.milexSpLag_1         7.8159


Observed values of target statistics are
  1. Amount of network change in period 1                                10.0000
  2. Amount of network change in period 2                                34.0000
  3. Amount of network change in period 3                                86.0000
  4. Amount of network change in period 4                                94.0000
  5. Amount of network change in period 5                                76.0000
  6. Amount of network change in period 6                                76.0000
  7. Amount of network change in period 7                                94.0000
  8. Amount of network change in period 8                                78.0000
  9. Amount of network change in period 9                                84.0000
 10. Amount of network change in period 10                               72.0000
 11. Amount of network change in period 11                               84.0000
 12. Amount of network change in period 12                              114.0000
 13. Amount of network change in period 13                               94.0000
 14. Amount of network change in period 14                               88.0000
 15. Amount of network change in period 15                               80.0000
 16. Amount of network change in period 16                              138.0000
 17. Number of edges                                                   4265.0000
 18. Number of transitive triads                                       5799.0000
 19. Sum of squared degrees                                            260112.0000
 20. Sum of ties x nets.lndistance_d                                   -8870.7440
 21. Sum of ties x nets.ATOP_d                                         4953.4629
 22. Sum of ties x nets.absidealdiff_d                                 -2358.0283
 23. Sum of ties x nets.lntrade_d                                      30355.5071
 24. Sum of ties x nets.NATO_d                                          902.1365
 25. Sum of degrees x milex.beh                                         -18.6684
 26. Sum of degrees x beh.democracy_1                                  2457.4901
 27. Sum of degrees x beh.lncinc_1                                     10857.5339
 28. Amount of behavioral change in period 1 on milex.beh                41.0000
 29. Amount of behavioral change in period 2 on milex.beh                50.0000
 30. Amount of behavioral change in period 3 on milex.beh                57.0000
 31. Amount of behavioral change in period 4 on milex.beh                52.0000
 32. Amount of behavioral change in period 5 on milex.beh                37.0000
 33. Amount of behavioral change in period 6 on milex.beh                32.0000
 34. Amount of behavioral change in period 7 on milex.beh                28.0000
 35. Amount of behavioral change in period 8 on milex.beh                31.0000
 36. Amount of behavioral change in period 9 on milex.beh                24.0000
 37. Amount of behavioral change in period 10 on milex.beh               71.0000
 38. Amount of behavioral change in period 11 on milex.beh               34.0000
 39. Amount of behavioral change in period 12 on milex.beh               55.0000
 40. Amount of behavioral change in period 13 on milex.beh               18.0000
 41. Amount of behavioral change in period 14 on milex.beh               17.0000
 42. Amount of behavioral change in period 15 on milex.beh               48.0000
 43. Amount of behavioral change in period 16 on milex.beh               20.0000
 44. milex.beh centered sum                                             -65.8453
 45. milex.beh sum of cent. squares                                    5577.0824
 46. milex.beh outdegrees                                              -304.0788
 47. milex.beh dense triads                                            -2642.8490
 48. milex.beh x beh.democracy_1                                       -377.6470
 49. milex.beh x beh.GDPgrowth_1                                          1.0505
 50. milex.beh x beh.nato_1                                              36.7931
 51. milex.beh x beh.allies_1                                          -3748.6989
 52. milex.beh x beh.military_1                                         122.1105
 53. milex.beh x beh.lnmids_1                                           550.8479
 54. milex.beh x beh.milexSpLag_1                                        23.1712

 54 parameters, 54 statistics

Estimation of derivatives by the LR method (type 1).


@2
End of stochastic approximation algorithm, phase 3.
---------------------------------------------------

Total of 3108 iterations.
Parameter estimates based on 2108 iterations,
convergence diagnostics, covariance and derivative matrices based on 1000 iterations.

Information for convergence diagnosis.
Averages, standard deviations, and t-ratios for deviations from targets:
  1.  -0.0840    4.3262  -0.0194 
  2.   0.2380    8.4500   0.0282 
  3.   0.3140   12.1999   0.0257 
  4.   0.1480   14.1365   0.0105 
  5.  -0.9940   11.4956  -0.0865 
  6.   0.2480   11.5911   0.0214 
  7.   0.4860   13.0290   0.0373 
  8.   0.0900   12.4125   0.0073 
  9.   0.0320   12.2767   0.0026 
 10.  -0.2120   11.9523  -0.0177 
 11.   0.0520   12.4200   0.0042 
 12.  -0.1860   14.1770  -0.0131 
 13.   0.8380   13.5107   0.0620 
 14.  -0.2880   12.9016  -0.0223 
 15.  -0.1020   12.2445  -0.0083 
 16.  -1.0840   16.9013  -0.0641 
 17.  -0.0620   25.4936  -0.0024 
 18.  -1.2880   83.7210  -0.0154 
 19. -38.6200 2500.5907  -0.0154 
 20.  -1.1000   65.3637  -0.0168 
 21.   0.6224   30.9956   0.0201 
 22.  -2.0079   46.1715  -0.0435 
 23.   4.1449  181.4662   0.0228 
 24.   0.6188    9.4019   0.0658 
 25.   1.4293   53.1992   0.0269 
 26.   0.1972   18.0899   0.0109 
 27.   1.0265   81.0946   0.0127 
 28.   0.2760    5.5599   0.0496 
 29.  -0.2060    6.1037  -0.0338 
 30.  -0.1440    6.3223  -0.0228 
 31.   0.0570    6.1475   0.0093 
 32.  -0.2810    5.4814  -0.0513 
 33.  -0.0240    5.3526  -0.0045 
 34.   0.1550    4.9217   0.0315 
 35.   0.0780    5.0675   0.0154 
 36.  -0.1670    4.5077  -0.0370 
 37.   0.0610    6.9778   0.0087 
 38.  -0.0290    5.2788  -0.0055 
 39.  -0.3550    5.9255  -0.0599 
 40.   0.0620    3.9542   0.0157 
 41.   0.3420    4.0074   0.0853 
 42.  -0.3220    6.0702  -0.0530 
 43.   0.3250    4.2037   0.0773 
 44.  -0.8060   22.9973  -0.0350 
 45.  -6.0597   91.1346  -0.0665 
 46.   5.5670  158.6979   0.0351 
 47.  22.3820  420.5251   0.0532 
 48.   0.3039   11.9292   0.0255 
 49.   0.0777    2.1190   0.0367 
 50.  -0.0456    9.1655  -0.0050 
 51. -14.7738  458.3542  -0.0322 
 52.  -0.2356    6.3567  -0.0371 
 53.  -0.3764   15.2536  -0.0247 
 54.  -0.0453    0.5040  -0.0898 

Good convergence is indicated by the t-ratios being close to zero.

Overall maximum convergence ratio =  0.2943 .



@2
Estimation Results.
-------------------

Regular end of estimation algorithm.
Total of 3108 iteration steps.


@3
Estimates and standard errors
                             
Network Dynamics
 1. rate:  constant dv.net rate (period 1)                         0.0490  (   0.0225)
 2. rate:  constant dv.net rate (period 2)                         0.1443  (   0.0346)
 3. rate:  constant dv.net rate (period 3)                         0.4414  (   0.0829)
 4. rate:  constant dv.net rate (period 4)                         0.3541  (   0.0513)
 5. rate:  constant dv.net rate (period 5)                         0.3253  (   0.0585)
 6. rate:  constant dv.net rate (period 6)                         0.3224  (   0.0584)
 7. rate:  constant dv.net rate (period 7)                         0.3982  (   0.0632)
 8. rate:  constant dv.net rate (period 8)                         0.3095  (   0.0513)
 9. rate:  constant dv.net rate (period 9)                         0.3263  (   0.0539)
10. rate:  constant dv.net rate (period 10)                        0.2746  (   0.0463)
11. rate:  constant dv.net rate (period 11)                        0.3219  (   0.0544)
12. rate:  constant dv.net rate (period 12)                        0.4428  (   0.0648)
13. rate:  constant dv.net rate (period 13)                        0.3510  (   0.0521)
14. rate:  constant dv.net rate (period 14)                        0.3211  (   0.0511)
15. rate:  constant dv.net rate (period 15)                        0.2882  (   0.0499)
16. rate:  constant dv.net rate (period 16)                        0.5110  (   0.0635)
17. eval:  degree (density)                                       -5.8945  (   0.2583)
18. eval:  transitive triads                                       0.2205  (   0.0681)
19. eval:  degree act+pop                                          0.0623  (   0.0059)
20. eval:  nets.lndistance_d                                      -0.9501  (   0.0758)
21. eval:  nets.ATOP_d                                             1.1467  (   0.1518)
22. eval:  nets.absidealdiff_d                                    -0.6508  (   0.0787)
23. eval:  nets.lntrade_d                                          0.0578  (   0.0325)
24. eval:  nets.NATO_d                                            -3.8071  (   0.4488)
25. eval:  milex.beh alter                                        -0.0496  (   0.0594)
26. eval:  beh.democracy_1 alter                                   1.7660  (   0.3047)
27. eval:  beh.lncinc_1 alter                                      0.8175  (   0.0753)
Behavior Dynamics

28. rate:  rate milex.beh (period 1)                               0.9346  (   0.1772)
29. rate:  rate milex.beh (period 2)                               1.2932  (   0.2494)
30. rate:  rate milex.beh (period 3)                               1.3474  (   0.2468)
31. rate:  rate milex.beh (period 4)                               1.1916  (   0.2117)
32. rate:  rate milex.beh (period 5)                               0.6943  (   0.1357)
33. rate:  rate milex.beh (period 6)                               0.5720  (   0.1075)
34. rate:  rate milex.beh (period 7)                               0.4805  (   0.1016)
35. rate:  rate milex.beh (period 8)                               0.5255  (   0.1044)
36. rate:  rate milex.beh (period 9)                               0.3782  (   0.0842)
37. rate:  rate milex.beh (period 10)                              1.7715  (   0.3303)
38. rate:  rate milex.beh (period 11)                              0.5950  (   0.1208)
39. rate:  rate milex.beh (period 12)                              1.3554  (   0.2421)
40. rate:  rate milex.beh (period 13)                              0.3300  (   0.0826)
41. rate:  rate milex.beh (period 14)                              0.3035  (   0.0749)
42. rate:  rate milex.beh (period 15)                              1.1002  (   0.1897)
43. rate:  rate milex.beh (period 16)                              0.4307  (   0.1112)
44. eval:  milex.beh linear shape                                 -1.1991  (   0.0791)
45. eval:  milex.beh quadratic shape                              -0.0375  (   0.0258)
46. eval:  milex.beh degree                                        0.0947  (   0.0275)
47. eval:  milex.beh dense triads                                 -0.0267  (   0.0097)
48. eval:  milex.beh: effect from beh.democracy_1                 -0.5096  (   0.1441)
49. eval:  milex.beh: effect from beh.GDPgrowth_1                 -2.6433  (   0.9379)
50. eval:  milex.beh: effect from beh.nato_1                       0.8949  (   0.1802)
51. eval:  milex.beh: effect from beh.allies_1                    -0.0115  (   0.0037)
52. eval:  milex.beh: effect from beh.military_1                   0.2391  (   0.1972)
53. eval:  milex.beh: effect from beh.lnmids_1                     0.2043  (   0.0936)
54. eval:  milex.beh: effect from beh.milexSpLag_1                 7.8250  (   2.9068)


@3
Covariance matrices
                   
Covariance matrix of estimates (correlations below diagonal):
     0.001      0.000      0.000      0.000      0.000      0.000      0.000      0.000      0.000      0.000      0.000      0.000      0.000      0.000      0.000      0.000      0.000      0.000      0.000      0.000      0.000      0.000      0.000      0.000      0.000      0.000      0.000      0.000      0.000      0.000      0.000      0.000      0.000      0.000      0.000      0.000      0.000      0.000      0.000      0.000      0.000      0.000      0.000      0.000      0.000      0.000      0.000      0.000     -0.001      0.000      0.000      0.000      0.000     -0.001
    -0.008      0.001      0.000      0.000      0.000      0.000      0.000      0.000      0.000      0.000      0.000      0.000      0.000      0.000      0.000      0.000     -0.001      0.000      0.000      0.000      0.000      0.000      0.000     -0.001      0.000      0.000      0.000      0.000     -0.001      0.000      0.000      0.000      0.000      0.000      0.000      0.000      0.000      0.000      0.000      0.000      0.000      0.000      0.000      0.000      0.000      0.000      0.000      0.000      0.000      0.000      0.000      0.000      0.000      0.000
    -0.003      0.027      0.007      0.000      0.000      0.000      0.000      0.000      0.000      0.000      0.000      0.000      0.000      0.000      0.000      0.000      0.000      0.000      0.000      0.001     -0.001      0.001      0.000      0.000      0.000     -0.002     -0.001      0.000      0.000      0.000     -0.001      0.000      0.000      0.001      0.000      0.000      0.002      0.000      0.001      0.000      0.000      0.000      0.000      0.000      0.000      0.000      0.000      0.000      0.000      0.000      0.000      0.001      0.000     -0.012
    -0.017      0.001      0.081      0.003      0.000      0.000      0.000      0.000      0.000      0.000      0.000      0.000      0.000      0.000      0.000      0.000      0.000      0.000      0.000      0.000      0.000      0.000      0.000     -0.001      0.000     -0.001      0.000      0.000     -0.001      0.001      0.000      0.000      0.000      0.000      0.000      0.000      0.000      0.000      0.001      0.000      0.000     -0.001      0.000      0.000      0.000      0.000      0.000      0.000     -0.004      0.000      0.000      0.000      0.000      0.001
     0.051     -0.014     -0.030      0.053      0.003      0.000      0.000      0.000      0.000      0.000      0.000      0.000      0.000      0.000      0.000      0.000      0.001      0.000      0.000      0.000     -0.001      0.000      0.000      0.002      0.000     -0.002     -0.001      0.000      0.000      0.000      0.000      0.000      0.000      0.000      0.000      0.000      0.001      0.000      0.000      0.000      0.000      0.000      0.000      0.000      0.000      0.000      0.000      0.000     -0.003      0.000      0.000      0.000      0.000     -0.006
     0.070     -0.010     -0.007      0.000      0.076      0.003      0.000      0.000      0.000      0.000      0.000      0.000      0.000      0.000      0.000      0.000      0.000      0.000      0.000      0.000      0.000      0.000      0.000      0.000      0.000     -0.001      0.000      0.000     -0.001      0.000      0.000      0.000      0.000      0.000      0.000      0.000     -0.002      0.000      0.001      0.000      0.000      0.000      0.000      0.000      0.000      0.000      0.000      0.000      0.000      0.000      0.000      0.000      0.000     -0.008
     0.004      0.002     -0.007      0.014      0.050     -0.045      0.004      0.000      0.000      0.000      0.000      0.000      0.000      0.000      0.000      0.000      0.000      0.000      0.000      0.000      0.000      0.000      0.000      0.003      0.000     -0.001      0.000      0.000      0.000      0.000      0.000      0.000      0.000      0.000      0.000      0.000      0.000      0.000      0.000      0.000      0.000      0.000      0.000      0.000      0.000      0.000      0.000      0.000      0.001      0.000      0.000     -0.001      0.000      0.006
    -0.046      0.001      0.040      0.055      0.036     -0.014     -0.022      0.003      0.000      0.000      0.000      0.000      0.000      0.000      0.000      0.000      0.001      0.000      0.000      0.001      0.000      0.000      0.000      0.001      0.000     -0.001      0.000      0.000      0.000      0.000      0.000      0.000      0.000      0.000      0.000      0.000      0.000      0.000      0.000      0.000      0.000     -0.001      0.000      0.000      0.000      0.000      0.000      0.000     -0.005      0.000      0.000      0.000      0.000      0.007
     0.015     -0.024     -0.008      0.059      0.072      0.012      0.034     -0.001      0.003      0.000      0.000      0.000      0.000      0.000      0.000      0.000      0.001      0.000      0.000      0.000     -0.001      0.000      0.000      0.001      0.000     -0.001      0.000      0.000      0.000      0.001      0.000      0.000      0.000      0.000      0.000     -0.001      0.001      0.000      0.000      0.000      0.000      0.000      0.000      0.000      0.000      0.000      0.000      0.000      0.003      0.000      0.000      0.000      0.000     -0.007
    -0.004     -0.030     -0.021      0.075      0.015     -0.029      0.046     -0.002     -0.016      0.002      0.000      0.000      0.000      0.000      0.000      0.000      0.000      0.000      0.000      0.000      0.000      0.000      0.000      0.000      0.000      0.000      0.000      0.000     -0.001      0.000      0.000      0.000      0.000      0.000      0.000      0.000      0.000      0.000      0.000      0.000      0.000      0.000      0.000      0.000      0.000      0.000      0.000     -0.001     -0.002      0.000      0.000      0.000      0.000      0.007
     0.019     -0.011      0.025      0.034      0.035      0.016     -0.027      0.086      0.018      0.000      0.003      0.000      0.000      0.000      0.000      0.000      0.000      0.000      0.000      0.000      0.000      0.000      0.000      0.001      0.000     -0.001      0.000      0.000      0.000      0.000      0.000      0.000      0.000      0.000      0.000      0.000     -0.001      0.000      0.000      0.000      0.000     -0.001      0.000      0.000      0.000      0.000      0.000      0.000      0.000      0.000      0.000      0.000      0.000     -0.002
    -0.026     -0.024     -0.040      0.028      0.041     -0.013      0.072     -0.027     -0.042      0.016     -0.009      0.004      0.000      0.000      0.000      0.000      0.000      0.000      0.000      0.000      0.000      0.000      0.000      0.002      0.000     -0.001      0.000      0.000      0.000      0.000      0.001      0.000      0.000      0.000      0.000      0.000     -0.001      0.000      0.001      0.000      0.000      0.000      0.001      0.000      0.000      0.000      0.000      0.000     -0.002      0.000      0.000      0.000      0.000      0.008
    -0.013     -0.008     -0.007     -0.008      0.025      0.010      0.075      0.007     -0.034     -0.014     -0.009     -0.036      0.003      0.000      0.000      0.000      0.000      0.000      0.000      0.000      0.000      0.000      0.000      0.000      0.000      0.000      0.000      0.000      0.000      0.000      0.000      0.000      0.000      0.000      0.000      0.000     -0.001      0.000      0.000      0.000      0.000      0.000      0.000      0.000      0.000      0.000      0.000      0.000     -0.001      0.000      0.000      0.000      0.000      0.001
    -0.073     -0.006      0.012      0.058     -0.027     -0.011     -0.002      0.001     -0.039      0.039      0.045      0.038      0.050      0.003      0.000      0.000      0.001      0.000      0.000      0.000     -0.001      0.000      0.000      0.000      0.000     -0.001      0.000      0.000      0.000      0.000      0.000      0.000      0.000      0.000      0.000      0.000      0.001      0.000      0.000      0.000      0.000      0.000      0.000      0.000      0.000      0.000      0.000      0.000     -0.001      0.001      0.000      0.000      0.000      0.003
    -0.016      0.007     -0.010      0.016     -0.034     -0.056      0.047     -0.108      0.028      0.028     -0.010     -0.033     -0.020      0.002      0.002      0.000      0.000      0.000      0.000      0.000     -0.001      0.000      0.000      0.000      0.000      0.000      0.000      0.000      0.000      0.000      0.000      0.000      0.000      0.000      0.000      0.000      0.000      0.000      0.000      0.000      0.000      0.000      0.000      0.000      0.000      0.000      0.000      0.000      0.001      0.000      0.000      0.000      0.000      0.003
     0.012      0.002      0.058      0.061      0.013     -0.044      0.017      0.023      0.086     -0.017     -0.007      0.011     -0.015      0.058     -0.025      0.004      0.000      0.000      0.000      0.000      0.000      0.000      0.000     -0.001      0.000      0.000      0.000     -0.001      0.000      0.000      0.000      0.000      0.000      0.000      0.000      0.000      0.000      0.000      0.000      0.000      0.000      0.000      0.000      0.000      0.000      0.000      0.000      0.000      0.001      0.000      0.000      0.000      0.000     -0.003
    -0.028     -0.076     -0.003     -0.033      0.042      0.002      0.015      0.050      0.050     -0.026      0.029      0.008      0.010      0.067      0.010     -0.022      0.067     -0.006      0.000      0.009     -0.012      0.008      0.000      0.044      0.003     -0.034     -0.011      0.001      0.000      0.001     -0.002      0.003     -0.001      0.000     -0.002     -0.001     -0.001      0.003     -0.002      0.000      0.000     -0.001     -0.001      0.000      0.000      0.000      0.000      0.002      0.010      0.002      0.000      0.002      0.000      0.034
    -0.031      0.000      0.002      0.008     -0.078      0.007     -0.076     -0.024     -0.051     -0.031     -0.011      0.009     -0.011      0.004     -0.001      0.052     -0.366      0.005      0.000     -0.001      0.001     -0.001      0.000     -0.016      0.000      0.008      0.002      0.000      0.000      0.000      0.000      0.000      0.000      0.000      0.001      0.000      0.000      0.000      0.001      0.000      0.000      0.000      0.000      0.000      0.000      0.000      0.000      0.000     -0.001      0.000      0.000      0.000      0.000      0.000
     0.043      0.065      0.089      0.083      0.107      0.027      0.031      0.003      0.029      0.031      0.016     -0.019     -0.021     -0.002     -0.025     -0.041     -0.255     -0.481      0.000      0.000      0.000      0.000      0.000      0.000      0.000     -0.001      0.000      0.000      0.000      0.000      0.000      0.000      0.000      0.000      0.000      0.000      0.000      0.000      0.000      0.000      0.000      0.000      0.000      0.000      0.000      0.000      0.000      0.000      0.000      0.000      0.000      0.000      0.000     -0.001
     0.034      0.024      0.109      0.094      0.093      0.065      0.034      0.129      0.023      0.029      0.107      0.037     -0.005      0.043     -0.068     -0.033      0.440     -0.227      0.114      0.006      0.001      0.001      0.001      0.007      0.000     -0.007     -0.003      0.000     -0.001     -0.001      0.000      0.000      0.000      0.000      0.000      0.000      0.000      0.000      0.000      0.000      0.000      0.000      0.000      0.000      0.000      0.000      0.000      0.001     -0.002      0.000      0.000      0.001      0.000     -0.015
     0.050      0.003     -0.065     -0.009     -0.114     -0.042     -0.045      0.007     -0.111     -0.056      0.000     -0.030      0.006     -0.100     -0.080     -0.017     -0.304      0.101     -0.060      0.066      0.023      0.000     -0.001     -0.011     -0.002      0.016      0.003      0.001      0.000     -0.001      0.001     -0.001      0.001      0.000      0.000      0.000      0.001      0.001      0.001      0.000      0.000      0.001      0.000      0.001      0.000      0.000      0.000      0.001      0.002     -0.002      0.000      0.000      0.000      0.001
    -0.016     -0.019      0.090      0.007      0.015      0.026      0.041     -0.025     -0.030     -0.058      0.046      0.073     -0.018      0.033      0.038      0.019      0.383     -0.153     -0.051      0.164      0.032      0.006      0.000      0.010     -0.001     -0.007     -0.002      0.000      0.000      0.001     -0.001      0.000      0.000      0.000      0.000      0.000      0.001      0.001      0.000      0.000      0.000      0.000      0.000      0.000      0.000      0.000      0.000      0.000      0.003      0.000      0.000      0.000      0.000      0.015
     0.026      0.090      0.119      0.098      0.112      0.013      0.031      0.059      0.047      0.065      0.088      0.009     -0.043      0.070     -0.013     -0.023      0.008     -0.176      0.276      0.434     -0.204     -0.079      0.001     -0.001      0.000     -0.001     -0.001      0.000      0.000      0.000      0.000      0.000      0.000      0.000      0.000      0.000      0.000      0.000      0.000      0.000      0.000      0.000      0.000      0.000      0.000      0.000      0.000      0.000      0.000      0.000      0.000      0.000      0.000     -0.007
     0.032     -0.052      0.013     -0.027      0.079      0.008      0.099      0.037      0.053      0.003      0.049      0.054      0.015      0.000      0.000     -0.042      0.377     -0.513      0.060      0.193     -0.163      0.286     -0.062      0.201     -0.003     -0.055     -0.006      0.006      0.005      0.000     -0.002      0.003      0.000      0.001     -0.004     -0.001      0.006      0.001     -0.004      0.001      0.001      0.002      0.001      0.001      0.000      0.000      0.000      0.001     -0.010      0.000      0.000     -0.004      0.001      0.026
    -0.047     -0.087      0.039     -0.087     -0.036     -0.026     -0.025      0.008     -0.008     -0.005     -0.016     -0.021      0.018      0.036     -0.015     -0.006      0.168      0.081     -0.223      0.004     -0.177     -0.258      0.073     -0.104      0.004      0.004     -0.001      0.000     -0.001      0.000      0.000      0.000      0.000      0.000      0.000      0.000     -0.001      0.000      0.001      0.000      0.000      0.000      0.000      0.000      0.000      0.000      0.000      0.000      0.000      0.000      0.000      0.000      0.000     -0.005
     0.024     -0.040     -0.095     -0.065     -0.134     -0.056     -0.059     -0.046     -0.064     -0.020     -0.063     -0.070     -0.015     -0.093     -0.014      0.020     -0.436      0.372     -0.304     -0.318      0.344     -0.280     -0.126     -0.403      0.205      0.093      0.006      0.001      0.001      0.000      0.002     -0.001      0.000      0.002      0.002      0.000     -0.001      0.001     -0.001      0.001     -0.001      0.000     -0.001      0.000      0.000      0.000      0.000      0.001     -0.002     -0.002      0.000     -0.001      0.000     -0.031
    -0.050      0.011     -0.155     -0.110     -0.129     -0.036     -0.056     -0.102     -0.064     -0.020     -0.106     -0.023      0.023     -0.072     -0.013     -0.024     -0.566      0.381     -0.263     -0.596      0.252     -0.304     -0.570     -0.177     -0.202      0.249      0.006      0.000      0.001      0.000      0.001      0.000      0.000      0.000      0.001      0.000      0.001      0.000      0.001      0.000      0.000      0.001      0.000      0.000      0.000      0.000      0.000      0.000     -0.001     -0.001      0.000      0.000      0.000      0.006
    -0.056     -0.011     -0.003      0.020     -0.041     -0.003      0.024     -0.035      0.002     -0.029     -0.014     -0.001     -0.003     -0.027     -0.047     -0.058      0.017     -0.028     -0.013      0.034      0.048      0.025      0.000      0.079      0.034      0.016     -0.008      0.031      0.000      0.000      0.001      0.000      0.000      0.001     -0.001      0.000      0.002      0.001     -0.001      0.000     -0.001      0.002      0.000      0.000      0.000      0.000      0.000      0.000      0.012      0.001      0.000     -0.001     -0.001      0.011
     0.021     -0.117     -0.012     -0.082      0.018     -0.049      0.019     -0.023      0.003     -0.044     -0.035      0.000     -0.030      0.005      0.006      0.001     -0.004      0.014     -0.024     -0.043      0.007      0.004     -0.028      0.043     -0.035      0.019      0.057      0.010      0.062      0.000     -0.001     -0.001     -0.001      0.001     -0.001      0.000      0.000      0.000      0.002      0.001      0.000      0.001      0.001      0.000      0.000      0.000      0.000      0.002      0.023     -0.001      0.000      0.000      0.000      0.013
     0.012      0.033     -0.010      0.047     -0.005     -0.021     -0.023     -0.024      0.040      0.026     -0.024      0.004     -0.014     -0.004      0.032      0.003      0.012      0.009      0.004     -0.051     -0.028      0.034     -0.034     -0.003      0.011     -0.004     -0.007     -0.005      0.007      0.061     -0.001      0.000     -0.001     -0.001      0.003      0.000      0.000      0.001     -0.001      0.000      0.000      0.001      0.001      0.002      0.001      0.000      0.000      0.000      0.033      0.000      0.000     -0.005      0.002     -0.025
     0.018      0.051     -0.074     -0.016      0.003      0.000      0.029     -0.028     -0.004      0.037     -0.032      0.040      0.017      0.018     -0.010     -0.033     -0.041      0.023     -0.029     -0.012      0.038     -0.051      0.002     -0.021      0.034      0.030      0.059      0.018     -0.019     -0.013      0.045      0.002      0.000      0.000      0.000      0.000     -0.002      0.000      0.005      0.001     -0.001      0.000      0.000      0.000      0.001      0.000      0.000      0.001      0.020      0.001      0.000     -0.001      0.000      0.035
    -0.006     -0.011     -0.021     -0.028      0.042      0.036      0.029      0.025      0.019      0.034      0.009     -0.007      0.005      0.029     -0.016      0.011      0.085     -0.013     -0.072      0.038     -0.036      0.000     -0.025      0.042      0.041     -0.032     -0.015      0.005     -0.020      0.003      0.085      0.018      0.001      0.000      0.000      0.000      0.000     -0.001     -0.001      0.000      0.001      0.000      0.000     -0.001      0.000      0.000      0.000      0.000      0.004     -0.001      0.000      0.001      0.000      0.015
     0.002      0.017     -0.020     -0.031      0.003      0.018      0.042      0.007     -0.061     -0.051      0.051      0.030      0.047     -0.022     -0.048     -0.005     -0.028      0.025     -0.040      0.036      0.056     -0.018     -0.016      0.008     -0.004      0.012      0.059      0.000     -0.026     -0.039      0.020      0.038      0.012      0.000      0.000      0.000      0.000      0.000     -0.001      0.000      0.000      0.000      0.000      0.000      0.000      0.000      0.000      0.000      0.002      0.001      0.000      0.001     -0.001      0.020
     0.028     -0.031      0.060     -0.028     -0.032      0.006      0.024      0.023      0.017      0.026     -0.041     -0.033     -0.001     -0.045      0.000     -0.005      0.002      0.044     -0.063      0.025      0.015      0.004      0.018      0.027     -0.014      0.051     -0.022      0.036      0.025     -0.026      0.019     -0.011      0.031      0.010      0.000      0.000     -0.001     -0.001      0.001      0.000      0.000      0.001      0.000      0.000      0.000      0.000      0.000      0.001      0.003      0.000      0.000      0.001      0.000      0.003
    -0.025      0.052      0.009     -0.020     -0.029      0.011      0.034      0.013     -0.058     -0.020     -0.004     -0.033      0.024     -0.031     -0.027      0.028     -0.078      0.073     -0.010     -0.038      0.012     -0.057     -0.011     -0.076      0.046      0.061      0.064     -0.029     -0.035      0.098     -0.015     -0.010      0.030     -0.037      0.011      0.000     -0.001     -0.001      0.001      0.000      0.000      0.000      0.000      0.000      0.000      0.000      0.000      0.000     -0.001      0.000      0.000      0.000      0.001     -0.005
    -0.034      0.014      0.036     -0.005      0.004     -0.008     -0.015     -0.017     -0.127      0.038     -0.010      0.036      0.026     -0.009      0.023     -0.013     -0.026      0.019      0.001     -0.047      0.000      0.005     -0.023     -0.030      0.007      0.016      0.024     -0.016      0.013     -0.014     -0.010     -0.012      0.000     -0.041      0.035      0.007      0.000      0.000     -0.001      0.000      0.000      0.001      0.000      0.000      0.000      0.000      0.000      0.000      0.001      0.000      0.000      0.000      0.000      0.004
     0.035      0.004      0.059     -0.009      0.046     -0.094      0.002     -0.016      0.038      0.006     -0.034     -0.040     -0.039      0.054     -0.011      0.006     -0.016      0.016     -0.008     -0.015      0.026      0.041     -0.032      0.039     -0.048     -0.011      0.020      0.037     -0.004     -0.005     -0.027     -0.011     -0.012     -0.017     -0.029      0.018      0.109     -0.001      0.001      0.000      0.000      0.003     -0.001      0.000      0.001      0.000      0.000     -0.003     -0.007      0.002      0.000      0.004      0.000      0.051
    -0.051     -0.014     -0.007     -0.006     -0.032      0.021     -0.011      0.043      0.005     -0.012      0.065     -0.022      0.008     -0.019      0.022      0.011      0.085     -0.048     -0.036      0.006      0.033      0.076     -0.045      0.019     -0.010      0.020     -0.029      0.034      0.006      0.024      0.009     -0.038     -0.019     -0.062     -0.045      0.046     -0.015      0.015      0.000      0.000      0.001      0.000      0.000      0.000      0.000      0.000      0.000      0.000      0.006      0.000      0.000      0.000      0.000     -0.001
     0.001     -0.009      0.031      0.047      0.031      0.052      0.006      0.017      0.021      0.026      0.007      0.042      0.008     -0.032      0.003      0.003     -0.038      0.077     -0.002      0.018      0.033     -0.014     -0.010     -0.041      0.064     -0.019      0.032     -0.022      0.029     -0.010      0.089     -0.028     -0.040      0.038      0.031     -0.031      0.010     -0.011      0.059     -0.001      0.000      0.000      0.000      0.000      0.000      0.000      0.000     -0.001     -0.005     -0.001      0.000      0.000     -0.002      0.010
    -0.037     -0.017      0.027      0.006      0.000     -0.018     -0.003      0.068      0.056     -0.017     -0.061     -0.026     -0.019      0.031     -0.041      0.059      0.002      0.046     -0.044     -0.001     -0.008     -0.006     -0.068      0.018      0.012      0.056      0.012     -0.015      0.070     -0.017      0.051      0.012      0.037      0.016     -0.014     -0.024      0.018      0.044     -0.048      0.007      0.000      0.001      0.000      0.000      0.000      0.000      0.000     -0.001     -0.003      0.000      0.000      0.000      0.000     -0.003
     0.038     -0.015     -0.015     -0.009      0.002      0.001      0.027      0.035      0.034      0.027      0.012     -0.019      0.005     -0.029      0.014     -0.040      0.017      0.004      0.010      0.030     -0.016     -0.043     -0.034      0.019     -0.031     -0.051      0.047     -0.061      0.020      0.023     -0.045      0.078      0.032      0.012     -0.042     -0.003      0.013      0.056      0.004     -0.037      0.006      0.000      0.000     -0.001      0.000      0.000      0.000      0.000      0.002      0.000      0.000      0.000      0.000      0.004
    -0.002      0.020      0.016     -0.071      0.023     -0.025      0.011     -0.071      0.024     -0.007     -0.066      0.021     -0.045     -0.047      0.020     -0.027     -0.029      0.026     -0.019     -0.030      0.020      0.018     -0.014      0.020     -0.026      0.001      0.057      0.069      0.027      0.013     -0.001      0.009      0.020      0.055     -0.010      0.055      0.052      0.001     -0.002      0.047      0.017      0.036      0.001      0.000      0.000      0.000      0.000     -0.003      0.010      0.001      0.000      0.000     -0.001     -0.014
    -0.009      0.085      0.028     -0.011     -0.067     -0.021      0.032     -0.013     -0.033     -0.020     -0.013      0.077     -0.026      0.009      0.039      0.024     -0.031     -0.012      0.047      0.015      0.024      0.030      0.076      0.012     -0.043     -0.017     -0.050     -0.014      0.047      0.025      0.013      0.018      0.040      0.035      0.002      0.017     -0.037      0.018      0.006      0.042     -0.016      0.057      0.012     -0.001      0.000      0.000      0.000     -0.001     -0.002      0.002      0.000     -0.001     -0.001      0.028
    -0.025      0.022     -0.014      0.005      0.005      0.003     -0.024     -0.005      0.053     -0.013     -0.007     -0.012     -0.001      0.011      0.022     -0.032      0.016      0.014     -0.043      0.015      0.070      0.031     -0.010      0.027     -0.035      0.015     -0.001     -0.011     -0.024      0.085      0.017     -0.056     -0.050      0.047     -0.026     -0.044     -0.009      0.047     -0.013     -0.073     -0.100      0.000     -0.118      0.006      0.000     -0.001      0.000      0.003      0.012     -0.002      0.000     -0.001      0.001     -0.016
     0.007     -0.028      0.029     -0.065     -0.013      0.008     -0.023     -0.046     -0.033     -0.062     -0.010     -0.001     -0.035     -0.054     -0.039      0.005      0.003      0.018      0.018      0.026      0.043      0.011     -0.015      0.017      0.046      0.057     -0.030      0.081      0.066      0.110      0.112      0.081      0.113      0.078      0.052      0.056      0.071      0.004      0.065      0.019      0.005      0.064      0.053     -0.125      0.001      0.000      0.000      0.001      0.006      0.000      0.000      0.000     -0.001     -0.025
     0.010      0.016      0.031      0.030     -0.029     -0.036      0.005      0.001     -0.041     -0.029      0.013      0.028      0.050      0.017     -0.009     -0.022     -0.025      0.021      0.011      0.007     -0.049     -0.001      0.021     -0.039     -0.049     -0.041      0.020      0.042      0.053     -0.061     -0.068     -0.002      0.012     -0.035      0.001     -0.036      0.044     -0.073      0.021      0.005      0.034      0.011      0.072     -0.569     -0.145      0.001      0.000     -0.001     -0.002      0.000      0.000      0.000     -0.001      0.009
    -0.025     -0.040     -0.050     -0.049      0.020      0.041     -0.004      0.001      0.052      0.061     -0.019     -0.018     -0.046     -0.031     -0.004      0.028     -0.012      0.007     -0.020     -0.051      0.032     -0.013     -0.023      0.008      0.033      0.060      0.012     -0.052     -0.056      0.051      0.043      0.013     -0.018      0.015      0.011      0.037     -0.053      0.054     -0.025      0.011     -0.024     -0.021     -0.038      0.390      0.142     -0.911      0.000      0.000      0.000      0.000      0.000      0.000      0.000     -0.003
    -0.008     -0.032     -0.006     -0.016      0.028      0.045     -0.011     -0.029      0.000     -0.079      0.005     -0.050     -0.012     -0.025     -0.008      0.012      0.042      0.015     -0.036      0.047      0.029     -0.012     -0.024      0.022      0.000      0.019     -0.007      0.010      0.055     -0.008      0.047      0.019     -0.004      0.038      0.009     -0.029     -0.055     -0.019     -0.028     -0.078     -0.040     -0.095     -0.049      0.220      0.135     -0.211      0.158      0.021      0.003     -0.012      0.000      0.005      0.002      0.013
    -0.031     -0.001      0.001     -0.077     -0.046     -0.005      0.013     -0.098      0.050     -0.035     -0.006     -0.036     -0.011     -0.019      0.016      0.014      0.040     -0.014      0.013     -0.021      0.014      0.034     -0.012     -0.025      0.004     -0.007     -0.018      0.070      0.100      0.141      0.101      0.028      0.020      0.030     -0.012      0.008     -0.024      0.054     -0.022     -0.040      0.029      0.057     -0.019      0.164      0.235     -0.083      0.048      0.020      0.880     -0.008      0.000     -0.012      0.001     -0.219
    -0.008      0.022     -0.004      0.021      0.020     -0.019      0.020     -0.005      0.001      0.020      0.010      0.003     -0.024      0.078      0.029      0.007      0.038     -0.037      0.054      0.030     -0.063      0.015      0.064      0.000      0.044     -0.045     -0.074      0.040     -0.014     -0.011      0.036     -0.059      0.052     -0.017     -0.021      0.013      0.030      0.019     -0.027      0.014     -0.001      0.024      0.077     -0.129     -0.060     -0.054     -0.025     -0.445     -0.048      0.032      0.000      0.000     -0.003      0.010
     0.002     -0.002      0.025     -0.015     -0.020      0.010      0.032      0.017      0.006      0.046     -0.058      0.013     -0.041     -0.046      0.018      0.009      0.061     -0.021     -0.023      0.004      0.046      0.060     -0.053      0.027      0.003     -0.016     -0.025     -0.054     -0.001      0.007      0.015      0.013     -0.009      0.043      0.005      0.007     -0.001      0.046      0.016      0.016      0.001      0.045     -0.127      0.379      0.090     -0.386      0.251      0.021      0.078     -0.293      0.000      0.000      0.000      0.000
     0.002      0.035      0.033      0.019     -0.015     -0.043     -0.042     -0.014      0.033     -0.010      0.038     -0.036     -0.034     -0.016      0.036     -0.036      0.039      0.036     -0.008      0.044     -0.001      0.024      0.023     -0.046     -0.022     -0.019     -0.033     -0.027     -0.007     -0.096     -0.023      0.029      0.024      0.062      0.022     -0.013      0.061     -0.015     -0.006      0.013     -0.002      0.011     -0.026     -0.057     -0.084     -0.015      0.018      0.166     -0.066     -0.001      0.090      0.039      0.000      0.011
     0.037      0.015     -0.010      0.053      0.019      0.022      0.020     -0.026      0.020      0.010      0.030     -0.025      0.006     -0.049      0.000      0.028      0.012     -0.003     -0.040     -0.006     -0.009     -0.044     -0.033      0.015      0.072      0.004      0.031     -0.042     -0.021      0.066      0.004      0.038     -0.107     -0.045      0.054     -0.012     -0.015      0.009     -0.070     -0.018      0.047     -0.038     -0.093      0.127     -0.212     -0.243      0.188      0.145      0.006     -0.194      0.026      0.014      0.009     -0.033
    -0.021     -0.003     -0.050      0.006     -0.035     -0.050      0.035      0.045     -0.047      0.052     -0.015      0.043      0.009      0.022      0.021     -0.015      0.045      0.000     -0.038     -0.070      0.003      0.064     -0.078      0.020     -0.030     -0.035      0.029      0.021      0.019     -0.035      0.057      0.039      0.065      0.011     -0.017      0.014      0.053     -0.002      0.014     -0.012      0.019     -0.026      0.086     -0.070     -0.336      0.115     -0.099      0.031     -0.080      0.020     -0.022      0.019     -0.121      8.450

Derivative matrix of expected statistics X by parameters and
covariance/correlation matrix of X can be found using
summary(ans) within R, or by using the 'verbose' option in Siena07.
 
Total computation time 1033.41 seconds.
