

-----------------------------------
New Analysis started.
Date and time: 20/09/2026 20:07:22
New results follow.
-----------------------------------

RSiena version 1.3.10 (28 Apr 22)


@1
Estimation by stochastic approximation algorithm.
=================================================

Current random number seed is 12345.
Effects object used: effs 
Model Type:
 Initiative model
Behavioral Model Type:
 Standard behavior actor-oriented model ('restrict')
Estimation method: unconditional moment estimation
.

Time duration for simulations in each period is 1.0.
Changing composition.
Joiners/leavers option: 1
Standard errors are estimated with the likelihood ratio method.
Dolby method (regression on scores) is used.
Initial value of gain parameter is  0.2000000.
Reduction factor for gain parameter is  0.5000000.
Number of subphases in Phase 2 is 3.

Initial parameter values are 
  1. rate:  constant dv.net rate (period 1)                 0.1737
  2. rate:  constant dv.net rate (period 2)                 0.4673
  3. rate:  constant dv.net rate (period 3)                 0.8177
  4. rate:  constant dv.net rate (period 4)                 1.1922
  5. rate:  constant dv.net rate (period 5)                 0.9644
  6. rate:  constant dv.net rate (period 6)                 0.9644
  7. rate:  constant dv.net rate (period 7)                 1.1922
  8. rate:  constant dv.net rate (period 8)                 0.9897
  9. rate:  constant dv.net rate (period 9)                 1.0657
 10. rate:  constant dv.net rate (period 10)                0.9138
 11. rate:  constant dv.net rate (period 11)                1.0657
 12. rate:  constant dv.net rate (period 12)                1.4453
 13. rate:  constant dv.net rate (period 13)                1.1922
 14. rate:  constant dv.net rate (period 14)                1.1163
 15. rate:  constant dv.net rate (period 15)                1.0150
 16. rate:  constant dv.net rate (period 16)                1.7491
 17. eval:  degree (density)                               -0.2781
 18. eval:  transitive triads                               0.0000
 19. eval:  degree act+pop                                  0.0000
 20. eval:  nets.lndistance_d                               0.0000
 21. eval:  nets.ATOP_d                                     0.0000
 22. eval:  nets.absidealdiff_d                             0.0000
 23. eval:  nets.lntrade_d                                  0.0000
 24. eval:  nets.NATO_d                                     0.0000
 25. eval:  milex.beh alter                                 0.0000
 26. eval:  beh.democracy_1 alter                           0.0000
 27. eval:  beh.lncinc_1 alter                              0.0000
 28. rate:  rate milex.beh (period 1)                       0.7680
 29. rate:  rate milex.beh (period 2)                       0.9106
 30. rate:  rate milex.beh (period 3)                       1.2728
 31. rate:  rate milex.beh (period 4)                       0.8873
 32. rate:  rate milex.beh (period 5)                       0.3413
 33. rate:  rate milex.beh (period 6)                       0.5489
 34. rate:  rate milex.beh (period 7)                       0.3224
 35. rate:  rate milex.beh (period 8)                       0.3545
 36. rate:  rate milex.beh (period 9)                       0.2491
 37. rate:  rate milex.beh (period 10)                      0.9035
 38. rate:  rate milex.beh (period 11)                      0.3190
 39. rate:  rate milex.beh (period 12)                      0.9347
 40. rate:  rate milex.beh (period 13)                      0.2118
 41. rate:  rate milex.beh (period 14)                      0.2056
 42. rate:  rate milex.beh (period 15)                      0.6321
 43. rate:  rate milex.beh (period 16)                      0.2242
 44. eval:  milex.beh linear shape                         -0.0962
 45. eval:  milex.beh quadratic shape                       0.0000
 46. eval:  milex.beh degree                                0.0000
 47. eval:  milex.beh dense triads                          0.0000
 48. eval:  milex.beh: effect from beh.democracy_1          0.0000
 49. eval:  milex.beh: effect from beh.GDPgrowth_1          0.0000
 50. eval:  milex.beh: effect from beh.nato_1               0.0000
 51. eval:  milex.beh: effect from beh.allies_1             0.0000
 52. eval:  milex.beh: effect from beh.military_1           0.0000
 53. eval:  milex.beh: effect from beh.lnmids_1             0.0000
 54. eval:  milex.beh: effect from beh.milexSpLag_1         0.0000


Observed values of target statistics are
  1. Amount of network change in period 1                                10.0000
  2. Amount of network change in period 2                                34.0000
  3. Amount of network change in period 3                                86.0000
  4. Amount of network change in period 4                                94.0000
  5. Amount of network change in period 5                                76.0000
  6. Amount of network change in period 6                                76.0000
  7. Amount of network change in period 7                                94.0000
  8. Amount of network change in period 8                                78.0000
  9. Amount of network change in period 9                                84.0000
 10. Amount of network change in period 10                               72.0000
 11. Amount of network change in period 11                               84.0000
 12. Amount of network change in period 12                              114.0000
 13. Amount of network change in period 13                               94.0000
 14. Amount of network change in period 14                               88.0000
 15. Amount of network change in period 15                               80.0000
 16. Amount of network change in period 16                              138.0000
 17. Number of edges                                                   4265.0000
 18. Number of transitive triads                                       5799.0000
 19. Sum of squared degrees                                            260112.0000
 20. Sum of ties x nets.lndistance_d                                   -8870.7440
 21. Sum of ties x nets.ATOP_d                                         4953.4629
 22. Sum of ties x nets.absidealdiff_d                                 -2358.0283
 23. Sum of ties x nets.lntrade_d                                      30355.5071
 24. Sum of ties x nets.NATO_d                                          902.1365
 25. Sum of degrees x milex.beh                                         -18.6684
 26. Sum of degrees x beh.democracy_1                                  2457.4901
 27. Sum of degrees x beh.lncinc_1                                     10857.5339
 28. Amount of behavioral change in period 1 on milex.beh                41.0000
 29. Amount of behavioral change in period 2 on milex.beh                50.0000
 30. Amount of behavioral change in period 3 on milex.beh                57.0000
 31. Amount of behavioral change in period 4 on milex.beh                52.0000
 32. Amount of behavioral change in period 5 on milex.beh                37.0000
 33. Amount of behavioral change in period 6 on milex.beh                32.0000
 34. Amount of behavioral change in period 7 on milex.beh                28.0000
 35. Amount of behavioral change in period 8 on milex.beh                31.0000
 36. Amount of behavioral change in period 9 on milex.beh                24.0000
 37. Amount of behavioral change in period 10 on milex.beh               71.0000
 38. Amount of behavioral change in period 11 on milex.beh               34.0000
 39. Amount of behavioral change in period 12 on milex.beh               55.0000
 40. Amount of behavioral change in period 13 on milex.beh               18.0000
 41. Amount of behavioral change in period 14 on milex.beh               17.0000
 42. Amount of behavioral change in period 15 on milex.beh               48.0000
 43. Amount of behavioral change in period 16 on milex.beh               20.0000
 44. milex.beh centered sum                                             -65.8453
 45. milex.beh sum of cent. squares                                    5577.0824
 46. milex.beh outdegrees                                              -304.0788
 47. milex.beh dense triads                                            -2642.8490
 48. milex.beh x beh.democracy_1                                       -377.6470
 49. milex.beh x beh.GDPgrowth_1                                          1.0505
 50. milex.beh x beh.nato_1                                              36.7931
 51. milex.beh x beh.allies_1                                          -3748.6989
 52. milex.beh x beh.military_1                                         122.1105
 53. milex.beh x beh.lnmids_1                                           550.8479
 54. milex.beh x beh.milexSpLag_1                                        23.1712

 54 parameters, 54 statistics

Estimation of derivatives by the LR method (type 1).


@2
End of stochastic approximation algorithm, phase 3.
---------------------------------------------------

Total of 3277 iterations.
Parameter estimates based on 2277 iterations,
convergence diagnostics, covariance and derivative matrices based on 1000 iterations.

Information for convergence diagnosis.
Averages, standard deviations, and t-ratios for deviations from targets:
  1.   -0.1680    4.3990  -0.0382 
  2.   -0.9560    8.3299  -0.1148 
  3.    1.0260   12.5967   0.0814 
  4.   -1.7380   14.0757  -0.1235 
  5.   -0.5040   11.3371  -0.0445 
  6.    0.5560   12.1773   0.0457 
  7.    1.1680   13.2080   0.0884 
  8.   -1.9620   12.3396  -0.1590 
  9.   -0.1700   12.8370  -0.0132 
 10.    1.2180   11.6179   0.1048 
 11.    0.8840   12.9702   0.0682 
 12.   -0.5160   14.2402  -0.0362 
 13.    0.0120   13.8639   0.0009 
 14.   -1.2020   12.3742  -0.0971 
 15.   -1.1220   12.1989  -0.0920 
 16.    0.7680   16.9085   0.0454 
 17.    1.3290   26.0530   0.0510 
 18.   -3.9760   82.9692  -0.0479 
 19. -111.8440 2531.0837  -0.0442 
 20.   -4.3036   66.4702  -0.0647 
 21.    0.8872   32.3989   0.0274 
 22.   -0.5447   43.7203  -0.0125 
 23.    1.7720  187.0537   0.0095 
 24.   -0.2249    9.2989  -0.0242 
 25.   -0.2201   52.9645  -0.0042 
 26.    0.6121   18.4002   0.0333 
 27.    2.1525   83.8951   0.0257 
 28.   -0.0970    5.8390  -0.0166 
 29.   -0.1910    6.1018  -0.0313 
 30.   -0.1930    6.5032  -0.0297 
 31.    0.4770    6.5223   0.0731 
 32.   -0.2100    5.5971  -0.0375 
 33.   -0.0630    5.2090  -0.0121 
 34.   -0.1010    4.9410  -0.0204 
 35.   -0.0470    5.2345  -0.0090 
 36.    0.0650    4.7383   0.0137 
 37.    0.5730    7.0724   0.0810 
 38.   -0.0660    5.2788  -0.0125 
 39.   -0.2490    6.4239  -0.0388 
 40.    0.1280    3.9559   0.0324 
 41.   -0.1540    3.8496  -0.0400 
 42.    0.1470    6.0594   0.0243 
 43.    0.2560    4.1771   0.0613 
 44.   -0.6130   24.4946  -0.0250 
 45.    5.8816   93.9177   0.0626 
 46.   -9.6250  174.9046  -0.0550 
 47.  -25.4220  465.2172  -0.0546 
 48.    0.1657   11.6975   0.0142 
 49.    0.1275    2.2201   0.0574 
 50.    0.1633    8.9077   0.0183 
 51.  -18.9250  463.6485  -0.0408 
 52.    0.0256    6.6676   0.0038 
 53.    1.4355   15.5030   0.0926 
 54.    0.0335    0.4928   0.0679 

Good convergence is indicated by the t-ratios being close to zero.

Overall maximum convergence ratio =  0.5054 .



@2
Estimation Results.
-------------------

Regular end of estimation algorithm.
Total of 3277 iteration steps.


@3
Estimates and standard errors
                             
Network Dynamics
 1. rate:  constant dv.net rate (period 1)                         0.0466  (   0.0223)
 2. rate:  constant dv.net rate (period 2)                         0.1366  (   0.0330)
 3. rate:  constant dv.net rate (period 3)                         0.4319  (   0.0867)
 4. rate:  constant dv.net rate (period 4)                         0.3446  (   0.0506)
 5. rate:  constant dv.net rate (period 5)                         0.3212  (   0.0611)
 6. rate:  constant dv.net rate (period 6)                         0.3184  (   0.0548)
 7. rate:  constant dv.net rate (period 7)                         0.4009  (   0.0661)
 8. rate:  constant dv.net rate (period 8)                         0.3022  (   0.0504)
 9. rate:  constant dv.net rate (period 9)                         0.3268  (   0.0521)
10. rate:  constant dv.net rate (period 10)                        0.2809  (   0.0492)
11. rate:  constant dv.net rate (period 11)                        0.3245  (   0.0518)
12. rate:  constant dv.net rate (period 12)                        0.4391  (   0.0669)
13. rate:  constant dv.net rate (period 13)                        0.3524  (   0.0520)
14. rate:  constant dv.net rate (period 14)                        0.3179  (   0.0533)
15. rate:  constant dv.net rate (period 15)                        0.2854  (   0.0483)
16. rate:  constant dv.net rate (period 16)                        0.5122  (   0.0640)
17. eval:  degree (density)                                       -5.8739  (   0.2710)
18. eval:  transitive triads                                       0.2232  (   0.0670)
19. eval:  degree act+pop                                          0.0615  (   0.0059)
20. eval:  nets.lndistance_d                                      -0.9532  (   0.0842)
21. eval:  nets.ATOP_d                                             1.1559  (   0.1623)
22. eval:  nets.absidealdiff_d                                    -0.6527  (   0.0819)
23. eval:  nets.lntrade_d                                          0.0552  (   0.0338)
24. eval:  nets.NATO_d                                            -3.8405  (   0.4600)
25. eval:  milex.beh alter                                        -0.0495  (   0.0603)
26. eval:  beh.democracy_1 alter                                   1.8038  (   0.3154)
27. eval:  beh.lncinc_1 alter                                      0.8237  (   0.0775)
Behavior Dynamics

28. rate:  rate milex.beh (period 1)                               0.9363  (   0.1871)
29. rate:  rate milex.beh (period 2)                               1.3056  (   0.2293)
30. rate:  rate milex.beh (period 3)                               1.3557  (   0.2289)
31. rate:  rate milex.beh (period 4)                               1.2021  (   0.2067)
32. rate:  rate milex.beh (period 5)                               0.7029  (   0.1427)
33. rate:  rate milex.beh (period 6)                               0.5740  (   0.1040)
34. rate:  rate milex.beh (period 7)                               0.4826  (   0.1040)
35. rate:  rate milex.beh (period 8)                               0.5304  (   0.1073)
36. rate:  rate milex.beh (period 9)                               0.3786  (   0.0810)
37. rate:  rate milex.beh (period 10)                              1.7946  (   0.2989)
38. rate:  rate milex.beh (period 11)                              0.5949  (   0.1138)
39. rate:  rate milex.beh (period 12)                              1.3534  (   0.2796)
40. rate:  rate milex.beh (period 13)                              0.3306  (   0.0812)
41. rate:  rate milex.beh (period 14)                              0.3007  (   0.0742)
42. rate:  rate milex.beh (period 15)                              1.1076  (   0.1902)
43. rate:  rate milex.beh (period 16)                              0.4320  (   0.1115)
44. eval:  milex.beh linear shape                                 -1.1982  (   0.0799)
45. eval:  milex.beh quadratic shape                              -0.0346  (   0.0272)
46. eval:  milex.beh degree                                        0.0933  (   0.0272)
47. eval:  milex.beh dense triads                                 -0.0264  (   0.0096)
48. eval:  milex.beh: effect from beh.democracy_1                 -0.5068  (   0.1434)
49. eval:  milex.beh: effect from beh.GDPgrowth_1                 -2.5878  (   0.9965)
50. eval:  milex.beh: effect from beh.nato_1                       0.8948  (   0.1743)
51. eval:  milex.beh: effect from beh.allies_1                    -0.0113  (   0.0038)
52. eval:  milex.beh: effect from beh.military_1                   0.2412  (   0.2008)
53. eval:  milex.beh: effect from beh.lnmids_1                     0.2053  (   0.0940)
54. eval:  milex.beh: effect from beh.milexSpLag_1                 7.8630  (   2.9798)


@3
Covariance matrices
                   
Covariance matrix of estimates (correlations below diagonal):
     0.000      0.000      0.000      0.000      0.000      0.000      0.000      0.000      0.000      0.000      0.000      0.000      0.000      0.000      0.000      0.000      0.000      0.000      0.000      0.000      0.000      0.000      0.000      0.001      0.000     -0.001      0.000      0.000      0.000      0.000      0.000      0.000      0.000      0.000      0.000      0.000      0.000      0.000      0.000      0.000      0.000      0.000      0.000      0.000      0.000      0.000      0.000      0.000      0.000      0.000      0.000      0.000      0.000      0.000
    -0.009      0.001      0.000      0.000      0.000      0.000      0.000      0.000      0.000      0.000      0.000      0.000      0.000      0.000      0.000      0.000     -0.001      0.000      0.000      0.000      0.000      0.000      0.000     -0.001      0.000      0.000      0.000      0.000      0.000      0.000      0.000      0.000      0.000      0.000      0.000      0.000      0.000      0.000      0.000      0.000      0.000      0.000      0.000      0.000      0.000      0.000      0.000      0.000     -0.001      0.000      0.000      0.000      0.000      0.001
     0.028      0.040      0.008      0.000      0.001      0.000      0.000      0.000      0.000      0.000      0.000      0.000      0.000      0.000      0.000      0.000     -0.001      0.000      0.000      0.001     -0.002      0.001      0.000      0.005      0.000     -0.005     -0.001      0.000      0.000      0.001      0.000     -0.001      0.000      0.000      0.000      0.000      0.000      0.000     -0.001      0.000      0.000      0.000      0.000      0.000      0.000      0.000      0.000      0.000      0.006      0.000      0.000      0.000      0.000      0.009
    -0.012      0.071      0.063      0.003      0.000      0.000      0.000      0.000      0.000      0.000      0.000      0.000      0.000      0.000      0.000      0.000      0.000      0.000      0.000      0.000      0.000      0.000      0.000      0.001      0.000     -0.001      0.000      0.000      0.000      0.001      0.001      0.000      0.000      0.000      0.000      0.000      0.000      0.000     -0.001      0.000      0.000      0.000      0.000      0.000      0.000      0.000      0.000      0.001     -0.001      0.000      0.000      0.000      0.000     -0.004
     0.015      0.050      0.099      0.028      0.004      0.000      0.000      0.000      0.000      0.000      0.000      0.000      0.000      0.000      0.000      0.000      0.000      0.000      0.000      0.000      0.000      0.000      0.000      0.002      0.000     -0.002      0.000      0.000      0.000      0.000      0.001     -0.001      0.000      0.000      0.000      0.000      0.000      0.000      0.000      0.000      0.000      0.000      0.000      0.000      0.000      0.000      0.000      0.000      0.000     -0.001      0.000      0.000      0.000      0.000
    -0.029      0.005     -0.005      0.004      0.042      0.003      0.000      0.000      0.000      0.000      0.000      0.000      0.000      0.000      0.000      0.000     -0.001      0.000      0.000      0.000     -0.001      0.000      0.000      0.000      0.000     -0.001      0.000      0.000      0.000     -0.001      0.000      0.000      0.000      0.000      0.000      0.000      0.000      0.000      0.000      0.000      0.000      0.000      0.000      0.000      0.000      0.000      0.000      0.000     -0.002      0.000      0.000      0.000      0.000      0.004
     0.049      0.051      0.028      0.041      0.031      0.042      0.004      0.000      0.000      0.000      0.000      0.000      0.000      0.000      0.000      0.000      0.000      0.000      0.000      0.000     -0.001      0.000      0.000      0.002      0.000     -0.002      0.000      0.000      0.000      0.001      0.000      0.000      0.000      0.000      0.000      0.000      0.000      0.000      0.000      0.000      0.000      0.000      0.000      0.000      0.000      0.000      0.000      0.000     -0.002      0.000      0.000      0.000      0.000     -0.004
    -0.021      0.054      0.042      0.012      0.009      0.041     -0.012      0.003      0.000      0.000      0.000      0.000      0.000      0.000      0.000      0.000     -0.001      0.000      0.000      0.000      0.000      0.000      0.000      0.001      0.000     -0.001      0.000      0.000      0.000      0.000      0.001      0.000      0.000      0.000      0.000      0.000      0.000      0.000      0.000      0.000      0.000      0.000      0.000      0.000      0.000      0.000      0.000      0.000      0.001      0.000      0.000      0.000      0.000      0.001
     0.055      0.066     -0.011     -0.012      0.058      0.038     -0.013      0.013      0.003      0.000      0.000      0.000      0.000      0.000      0.000      0.000      0.000      0.000      0.000      0.000     -0.001      0.000      0.000      0.000      0.000     -0.002      0.000      0.000      0.000      0.000     -0.001      0.000      0.000      0.000      0.000      0.000     -0.001      0.000      0.000      0.000      0.000      0.000      0.000      0.000      0.000      0.000      0.000      0.000     -0.001      0.000      0.000      0.000      0.000     -0.001
    -0.001      0.026      0.037     -0.011      0.007      0.061      0.023      0.051      0.009      0.002      0.000      0.000      0.000      0.000      0.000      0.000      0.000      0.000      0.000      0.000      0.000      0.000      0.000     -0.001      0.000      0.001      0.000     -0.001      0.000      0.000      0.000      0.000      0.000      0.000      0.000      0.000      0.000      0.000      0.001      0.000      0.000      0.000      0.000      0.000      0.000      0.000      0.000      0.000      0.000      0.000      0.000      0.000      0.000     -0.004
    -0.015      0.020      0.043      0.006      0.019      0.062      0.050     -0.005      0.044      0.048      0.003      0.000      0.000      0.000      0.000      0.000      0.000      0.000      0.000      0.000      0.000      0.000      0.000      0.001      0.000     -0.001      0.000      0.000      0.001      0.000      0.000      0.000      0.000      0.000      0.000      0.000      0.000      0.000      0.000      0.000      0.000      0.000      0.000      0.000      0.000      0.000      0.000      0.000      0.000      0.000      0.000      0.000      0.000      0.002
     0.011      0.021      0.039      0.044     -0.011      0.039      0.034      0.080      0.015     -0.028      0.023      0.004      0.000      0.000      0.000      0.000      0.000      0.000      0.000      0.000      0.000      0.000      0.000      0.001      0.000     -0.001      0.000      0.000      0.000      0.001      0.000      0.000      0.000      0.000      0.000      0.000     -0.001      0.000     -0.004      0.000      0.000      0.000      0.000      0.000      0.000      0.000      0.000      0.000     -0.003      0.000      0.000     -0.001      0.000      0.004
     0.004     -0.034      0.007      0.030     -0.005      0.062      0.057     -0.008      0.065      0.042      0.064     -0.011      0.003      0.000      0.000      0.000      0.000      0.000      0.000      0.000      0.000      0.000      0.000      0.000      0.000      0.000      0.000      0.000     -0.001      0.000      0.000      0.000      0.000      0.000      0.000      0.000      0.000      0.000     -0.001      0.000      0.000      0.000      0.000      0.000      0.000      0.000      0.000      0.000      0.000      0.000      0.000      0.000      0.000     -0.004
     0.002      0.046      0.001      0.054     -0.046      0.027      0.014     -0.008      0.033      0.029      0.007      0.011      0.002      0.003      0.000      0.000      0.000      0.000      0.000      0.000      0.000      0.000      0.000      0.000      0.000      0.000      0.000      0.000     -0.001      0.000      0.000      0.000      0.000      0.000      0.000      0.000      0.000      0.000     -0.001      0.000      0.000      0.000      0.000      0.000      0.000      0.000      0.000      0.000     -0.001      0.000      0.000     -0.001      0.000     -0.004
    -0.018     -0.047      0.024     -0.008     -0.006      0.000      0.051     -0.035      0.096      0.009      0.053      0.009      0.019      0.053      0.002      0.000      0.001      0.000      0.000      0.000      0.000      0.000      0.000      0.000      0.000     -0.001      0.000      0.000      0.000      0.000      0.000      0.000      0.000      0.000      0.000      0.000      0.001      0.000     -0.001      0.000      0.000      0.000      0.000      0.000      0.000      0.000      0.000      0.000      0.000      0.000      0.000      0.000      0.000     -0.005
    -0.032     -0.002      0.054      0.024      0.022      0.025      0.060      0.023     -0.002     -0.007      0.012     -0.003     -0.002      0.042      0.011      0.004      0.001      0.000      0.000      0.000     -0.001      0.000      0.000      0.002      0.000     -0.001      0.000      0.000      0.001      0.000      0.000     -0.001      0.000      0.000      0.000      0.000      0.000      0.000      0.000      0.000      0.000      0.000      0.000      0.000      0.000      0.000      0.000      0.000      0.000      0.000      0.000      0.001      0.000      0.003
     0.023     -0.125     -0.028     -0.028     -0.018     -0.052      0.009     -0.054      0.019     -0.032     -0.013     -0.020      0.009      0.014      0.040      0.055      0.073     -0.007      0.000      0.010     -0.010      0.010      0.000      0.043      0.002     -0.037     -0.013     -0.001     -0.001      0.004      0.000      0.001      0.001     -0.001     -0.001      0.000      0.001      0.000      0.012      0.000      0.000      0.001      0.000     -0.001      0.000      0.000      0.000     -0.002     -0.005      0.002      0.000      0.004      0.000      0.021
    -0.013      0.094     -0.080     -0.062     -0.034      0.026     -0.024     -0.013     -0.012      0.016      0.009      0.008     -0.004     -0.008      0.017     -0.068     -0.369      0.004      0.000     -0.001      0.001     -0.001      0.000     -0.016      0.001      0.007      0.002      0.000     -0.001      0.000      0.000      0.000      0.000      0.000      0.000      0.000      0.000      0.000     -0.001      0.000      0.000      0.000      0.000      0.000      0.000      0.000      0.000      0.000      0.003      0.000      0.000      0.000      0.000      0.002
     0.038      0.083      0.162      0.122      0.116      0.048      0.015      0.062      0.023      0.023      0.021      0.007      0.000     -0.020     -0.053      0.001     -0.259     -0.474      0.000      0.000      0.000      0.000      0.000      0.000      0.000      0.000      0.000      0.000      0.000      0.000      0.000      0.000      0.000      0.000      0.000      0.000      0.000      0.000      0.000      0.000      0.000      0.000      0.000      0.000      0.000      0.000      0.000      0.000      0.000      0.000      0.000      0.000      0.000      0.000
     0.096      0.044      0.088      0.089      0.090      0.038      0.078      0.032      0.040     -0.003      0.034      0.064      0.046      0.016      0.015      0.066      0.448     -0.219      0.074      0.007      0.002      0.001      0.001      0.007      0.000     -0.007     -0.004      0.000      0.000      0.000      0.000      0.000      0.000      0.000      0.000      0.000      0.000      0.000      0.002      0.000      0.000      0.001      0.000      0.000      0.000      0.000      0.000      0.000     -0.004      0.001      0.000      0.002      0.000      0.006
     0.019      0.023     -0.118     -0.013     -0.036     -0.079     -0.076     -0.004     -0.069     -0.023     -0.028     -0.010     -0.055     -0.028     -0.029     -0.064     -0.228      0.067     -0.061      0.146      0.026      0.000     -0.001     -0.014     -0.001      0.020      0.002      0.000      0.001     -0.003     -0.003     -0.001      0.000      0.000      0.001     -0.001      0.002      0.001     -0.002      0.000      0.000      0.000      0.000     -0.001      0.000      0.000      0.000      0.000     -0.001      0.001      0.000      0.001      0.001     -0.013
     0.023     -0.084      0.073      0.017      0.035     -0.003     -0.032      0.042      0.052     -0.040      0.007      0.029     -0.047      0.010      0.044      0.067      0.454     -0.216     -0.086      0.121     -0.008      0.007      0.000      0.012     -0.001     -0.009     -0.002     -0.001      0.000      0.000      0.000      0.000      0.000      0.000      0.000      0.000      0.001      0.000      0.002      0.000      0.000      0.001      0.000     -0.001      0.000      0.000      0.000      0.000     -0.001      0.000      0.000      0.000      0.000      0.001
     0.059      0.117      0.166      0.102      0.095      0.025      0.088      0.071      0.063      0.045      0.020      0.038      0.025      0.065     -0.019      0.030      0.030     -0.106      0.202      0.459     -0.238     -0.084      0.001      0.000      0.000     -0.002     -0.001      0.000      0.000      0.001      0.000      0.000      0.000      0.000      0.000      0.000      0.000      0.000      0.000      0.000      0.000      0.000      0.000      0.000      0.000      0.000      0.000      0.000     -0.001      0.000      0.000      0.000      0.000      0.001
     0.052     -0.093      0.121      0.034      0.054      0.007      0.075      0.056     -0.003     -0.024      0.051      0.043     -0.019      0.006     -0.005      0.063      0.347     -0.507      0.068      0.187     -0.188      0.308     -0.011      0.212     -0.004     -0.059     -0.007     -0.004      0.006     -0.001      0.003     -0.002     -0.002     -0.001      0.001      0.001     -0.002     -0.001      0.004     -0.002      0.000      0.004     -0.001     -0.001      0.000      0.000      0.000     -0.001     -0.023     -0.002      0.000      0.006      0.001      0.023
     0.004      0.029     -0.074     -0.016     -0.058     -0.056      0.000     -0.091     -0.023      0.008     -0.026     -0.064     -0.005      0.050      0.042      0.029      0.117      0.176     -0.244     -0.025     -0.082     -0.246      0.063     -0.151      0.004      0.005     -0.001      0.000     -0.001      0.000     -0.001      0.000      0.000      0.000      0.000      0.000      0.000      0.000      0.001      0.000      0.000      0.000      0.000      0.000      0.000      0.000      0.000      0.000      0.001      0.000      0.000      0.000      0.000      0.001
    -0.080     -0.002     -0.178     -0.090     -0.105     -0.061     -0.083     -0.058     -0.117      0.034     -0.050     -0.062     -0.023     -0.019     -0.049     -0.057     -0.439      0.327     -0.259     -0.259      0.396     -0.352     -0.159     -0.404      0.248      0.099      0.007      0.001     -0.001     -0.003     -0.005     -0.002      0.002      0.002      0.003     -0.001     -0.002      0.001     -0.006     -0.001      0.001     -0.002      0.002      0.001      0.000      0.000      0.000     -0.001      0.011      0.002      0.000     -0.003      0.000     -0.028
    -0.074     -0.046     -0.148     -0.088     -0.082     -0.002     -0.073     -0.045     -0.044     -0.048     -0.034     -0.034     -0.015     -0.059     -0.010     -0.062     -0.598      0.356     -0.218     -0.628      0.177     -0.328     -0.558     -0.183     -0.187      0.278      0.006      0.000      0.000     -0.001      0.000      0.000      0.000      0.000      0.000      0.000      0.000      0.000     -0.002      0.000      0.000      0.000     -0.001      0.000      0.000      0.000      0.000      0.001      0.003      0.000      0.000      0.000      0.000     -0.005
     0.107      0.017     -0.029      0.018      0.029      0.026      0.040     -0.038      0.020     -0.066      0.031      0.016      0.005      0.044      0.009     -0.041     -0.017      0.020     -0.023      0.015     -0.003     -0.039      0.004     -0.052     -0.016      0.009      0.011      0.035      0.002      0.001      0.001      0.001      0.000     -0.001     -0.001     -0.001     -0.001     -0.001     -0.003      0.000      0.000      0.001      0.001     -0.001      0.001      0.000      0.000      0.000      0.004     -0.001      0.000      0.000     -0.001      0.026
    -0.003     -0.036      0.010      0.027      0.018      0.015      0.031     -0.002     -0.013      0.025      0.063     -0.025     -0.053     -0.054     -0.034      0.042     -0.009     -0.066      0.032     -0.012      0.018     -0.006      0.006      0.058     -0.061     -0.021      0.008      0.043      0.053      0.001      0.002      0.000     -0.001      0.000      0.001      0.001      0.002      0.001      0.004      0.000      0.000      0.001     -0.001     -0.001      0.001      0.000      0.000      0.002     -0.010     -0.005      0.000      0.003     -0.001      0.008
    -0.006     -0.013      0.073      0.099      0.019     -0.065      0.042     -0.032      0.027     -0.024     -0.008      0.053      0.011      0.028      0.029     -0.021      0.065     -0.005     -0.023      0.024     -0.084      0.005      0.075     -0.010     -0.032     -0.045     -0.038      0.029      0.012      0.052      0.002      0.001     -0.001      0.000      0.000      0.001     -0.001     -0.001      0.000      0.001      0.000      0.000      0.000      0.001      0.001     -0.001      0.000      0.003      0.030     -0.001      0.000     -0.002      0.000      0.031
     0.004     -0.064     -0.024      0.067      0.047     -0.015      0.019      0.051     -0.064      0.013     -0.029     -0.001     -0.012     -0.026      0.015     -0.008      0.007     -0.026      0.033     -0.004     -0.098      0.001      0.019      0.030     -0.082     -0.081      0.019      0.016      0.043      0.045      0.043     -0.001      0.000     -0.001      0.001      0.000      0.003     -0.001      0.001      0.000      0.000     -0.002     -0.001      0.001      0.001      0.000      0.000      0.001      0.015     -0.001      0.000     -0.002     -0.002     -0.035
     0.020     -0.010     -0.058     -0.001     -0.065     -0.029      0.050     -0.066      0.037      0.024     -0.007      0.027      0.061      0.029     -0.041     -0.121      0.015      0.052     -0.057     -0.038     -0.051      0.038      0.036     -0.027     -0.019     -0.052      0.018      0.055      0.007      0.043     -0.039      0.020      0.000      0.001      0.000      0.000      0.000      0.000     -0.001      0.000      0.000      0.000      0.000      0.000      0.000      0.000      0.000      0.000      0.006      0.001      0.000     -0.001      0.001      0.014
    -0.015     -0.033     -0.004     -0.023     -0.013      0.000      0.003     -0.003     -0.027      0.004     -0.044     -0.028     -0.018      0.001     -0.017     -0.061      0.029     -0.019     -0.055     -0.024      0.029      0.030     -0.017     -0.051      0.051      0.050      0.006      0.007     -0.023     -0.037      0.004      0.014      0.011      0.000      0.000      0.000      0.000      0.000      0.001      0.000      0.000      0.000      0.000      0.000      0.000      0.000      0.000      0.000      0.001      0.001      0.000      0.000      0.000      0.012
    -0.053      0.023     -0.037     -0.014     -0.015     -0.018      0.028      0.002     -0.025      0.025     -0.002     -0.037     -0.009      0.016      0.056     -0.005     -0.049      0.055     -0.071     -0.044     -0.007     -0.041     -0.029     -0.030      0.080      0.061      0.055     -0.028      0.002     -0.001     -0.024      0.064     -0.029      0.011      0.000      0.000      0.001      0.000      0.001      0.000      0.000      0.000      0.000      0.000      0.000      0.000      0.000      0.000      0.001      0.000      0.000      0.000      0.000     -0.001
    -0.056     -0.023     -0.002      0.000     -0.012     -0.014      0.005     -0.038     -0.017      0.031      0.009     -0.049      0.039     -0.017     -0.022     -0.012     -0.018      0.031     -0.011     -0.002      0.053     -0.023     -0.030      0.026      0.029      0.095      0.012     -0.046      0.023      0.020      0.059     -0.003     -0.030     -0.009      0.012      0.000      0.000      0.001      0.002      0.000      0.000      0.000      0.000      0.000      0.000      0.000      0.000      0.000      0.004     -0.001      0.000      0.001      0.000      0.006
    -0.038     -0.085     -0.009      0.016      0.025      0.054      0.026      0.014      0.068      0.020      0.028     -0.031      0.079      0.029     -0.003      0.023     -0.012     -0.024      0.038     -0.004     -0.056      0.038      0.046      0.014      0.027     -0.028     -0.022     -0.035      0.045      0.065      0.016     -0.004      0.005     -0.005     -0.015      0.007      0.000      0.000      0.001      0.000      0.000     -0.001      0.000      0.000      0.000      0.000      0.000      0.000      0.004      0.000      0.000      0.000      0.000      0.006
    -0.018      0.002     -0.007      0.002     -0.008      0.008     -0.013      0.016     -0.054     -0.024      0.011     -0.048     -0.011      0.009      0.041      0.008      0.017     -0.024      0.028      0.017      0.041      0.035      0.018     -0.014     -0.012     -0.020     -0.018     -0.019      0.029     -0.019      0.049     -0.006     -0.009      0.025     -0.003     -0.011      0.089      0.001      0.001     -0.001     -0.002      0.001     -0.001      0.002      0.000     -0.001      0.000     -0.001      0.005     -0.001      0.000     -0.003     -0.001      0.034
    -0.005     -0.005      0.021     -0.041      0.021      0.057     -0.009      0.013     -0.020     -0.022      0.064     -0.010      0.006     -0.027     -0.010      0.014     -0.014      0.008     -0.053      0.025      0.042     -0.038     -0.032     -0.028      0.003      0.039      0.036     -0.028      0.040     -0.052     -0.055     -0.028      0.004      0.005      0.061     -0.035      0.022      0.013      0.000      0.000      0.000      0.000      0.000      0.000      0.000      0.000      0.000      0.000     -0.001      0.000      0.000      0.000      0.000     -0.010
     0.010      0.005     -0.057     -0.048     -0.004     -0.005     -0.022      0.027     -0.027      0.043     -0.009     -0.203     -0.053     -0.052     -0.064      0.008      0.164     -0.030     -0.036      0.083     -0.037      0.079      0.023      0.031      0.049     -0.063     -0.108     -0.066      0.063      0.004      0.026     -0.015      0.047      0.033      0.058      0.048      0.014     -0.004      0.078      0.000      0.000      0.001      0.000     -0.001      0.001      0.000      0.000     -0.004     -0.005      0.000      0.000      0.001     -0.001      0.018
    -0.040     -0.034      0.033     -0.031      0.006      0.004     -0.050      0.011     -0.079     -0.012      0.042      0.048      0.019     -0.039      0.039     -0.038      0.005      0.055     -0.027     -0.024     -0.035      0.017     -0.007     -0.041     -0.027     -0.057      0.019      0.016      0.015      0.050      0.027     -0.015     -0.010      0.057     -0.047      0.012     -0.059     -0.051     -0.022      0.007      0.000      0.000      0.000      0.000      0.000      0.000      0.000     -0.001      0.000      0.001      0.000     -0.001     -0.001      0.012
    -0.047     -0.028     -0.011     -0.005     -0.023      0.010      0.031      0.036     -0.017     -0.024      0.015      0.048     -0.030      0.012     -0.007      0.000     -0.015      0.053     -0.008     -0.003      0.015      0.008      0.005      0.010      0.011      0.024     -0.007      0.012      0.014     -0.009     -0.017     -0.036     -0.016     -0.055      0.029     -0.042     -0.073     -0.031     -0.006      0.051      0.006      0.000      0.000      0.000      0.000      0.000      0.000      0.000     -0.001      0.000      0.000      0.000      0.000     -0.004
     0.016     -0.015     -0.026      0.000     -0.031     -0.032      0.013     -0.027      0.035     -0.026      0.008     -0.024      0.019      0.003     -0.006     -0.001      0.016     -0.026     -0.024      0.038      0.003      0.042      0.058      0.043      0.014     -0.031     -0.026      0.041      0.027      0.001     -0.042     -0.002      0.014      0.024      0.013     -0.037      0.015      0.020      0.012     -0.015      0.023      0.036      0.002     -0.001      0.000      0.000      0.000      0.000     -0.004     -0.001      0.000     -0.001      0.000     -0.001
    -0.025     -0.026     -0.006     -0.030     -0.008     -0.013      0.063      0.037      0.044      0.007     -0.019      0.048     -0.015      0.010     -0.003     -0.064      0.010     -0.044      0.024      0.013      0.001     -0.009      0.032     -0.026      0.038      0.067     -0.066      0.042     -0.029     -0.019     -0.031      0.001      0.038     -0.017     -0.033      0.017     -0.040     -0.027     -0.006     -0.028     -0.044      0.085      0.012     -0.001      0.000      0.000      0.000      0.000     -0.006      0.002      0.000      0.000      0.000     -0.007
    -0.046     -0.048     -0.008      0.042      0.002      0.020     -0.040      0.007      0.009      0.001      0.035     -0.020      0.016     -0.015      0.050      0.050     -0.043      0.026      0.008     -0.017     -0.056     -0.088      0.012     -0.024     -0.031      0.023      0.050     -0.056     -0.046      0.030      0.037     -0.023     -0.046      0.013      0.033     -0.013      0.098     -0.025     -0.041     -0.070     -0.068     -0.074     -0.127      0.006      0.000     -0.001      0.000      0.002      0.014     -0.003      0.000     -0.001      0.001     -0.020
     0.051     -0.019     -0.013      0.029      0.026     -0.038      0.026     -0.019     -0.001     -0.015      0.002     -0.001      0.025     -0.024     -0.028     -0.028     -0.032      0.014     -0.008      0.001      0.024      0.006     -0.014     -0.034     -0.059      0.041      0.046      0.100      0.173      0.174      0.168      0.036      0.038      0.056      0.090      0.042      0.048      0.012      0.080      0.005     -0.011      0.042      0.045     -0.074      0.001      0.000      0.000      0.001      0.008      0.000      0.000      0.000     -0.001     -0.031
     0.060      0.064      0.007     -0.057     -0.026     -0.061      0.034      0.019      0.004      0.004     -0.011      0.007     -0.017     -0.016     -0.024      0.004      0.001     -0.067      0.057      0.008      0.064      0.075     -0.015     -0.024      0.020      0.010     -0.045      0.040     -0.048     -0.094     -0.060     -0.045      0.004     -0.054     -0.049     -0.035     -0.071      0.007      0.007      0.037      0.055      0.024      0.029     -0.540     -0.172      0.001      0.000     -0.001     -0.004      0.000      0.000      0.000     -0.001      0.005
    -0.080     -0.060     -0.027      0.039      0.034      0.053     -0.021     -0.026      0.002      0.011      0.021     -0.013      0.006     -0.005      0.010     -0.008      0.005      0.061     -0.050     -0.014     -0.081     -0.072      0.019      0.032     -0.015     -0.027      0.046     -0.044      0.082      0.099      0.067      0.029      0.009      0.042      0.024      0.044      0.011     -0.044      0.017     -0.027     -0.008      0.002     -0.019      0.344      0.159     -0.898      0.000      0.000      0.001      0.000      0.000      0.000      0.000     -0.001
     0.020     -0.022      0.004      0.101      0.024     -0.011      0.015     -0.050      0.003      0.001     -0.005      0.001     -0.018      0.003     -0.019      0.038     -0.045      0.042     -0.021     -0.012      0.004     -0.004     -0.042     -0.020     -0.006     -0.018      0.054      0.000      0.066      0.088      0.030      0.009      0.010      0.025     -0.021      0.005     -0.015     -0.011     -0.103     -0.063     -0.046     -0.011      0.014      0.197      0.176     -0.160      0.132      0.021      0.007     -0.011      0.000      0.005      0.002      0.023
    -0.016     -0.017      0.071     -0.012     -0.005     -0.044     -0.037      0.022     -0.019     -0.001     -0.005     -0.047      0.002     -0.015     -0.009      0.000     -0.018      0.040     -0.039     -0.050     -0.005     -0.018     -0.032     -0.050      0.009      0.036      0.044      0.023     -0.042      0.131      0.074      0.040      0.013      0.006      0.035      0.047      0.017     -0.008     -0.017     -0.002     -0.009     -0.021     -0.051      0.173      0.290     -0.138      0.090      0.047      0.993      0.004      0.000     -0.020     -0.009     -0.592
     0.009     -0.019     -0.001     -0.053     -0.048      0.025     -0.027      0.033      0.020     -0.053     -0.035      0.035      0.004      0.032      0.011     -0.043      0.053      0.023     -0.035      0.044      0.032      0.001     -0.018     -0.027      0.041      0.034     -0.034     -0.025     -0.116     -0.030     -0.038      0.056      0.059     -0.002     -0.028      0.016     -0.015      0.003      0.004      0.041     -0.010     -0.024      0.089     -0.190     -0.077     -0.043     -0.038     -0.424      0.024      0.030      0.000      0.000     -0.003      0.022
    -0.045      0.013      0.010     -0.001      0.026     -0.011     -0.038      0.022     -0.060      0.014      0.042     -0.023      0.019     -0.029     -0.026      0.061      0.000     -0.030      0.004     -0.008     -0.036     -0.021      0.018      0.062     -0.060     -0.014      0.014      0.044      0.074      0.010      0.040     -0.029     -0.048      0.040      0.121     -0.035      0.066      0.049      0.043      0.021     -0.015      0.013     -0.126      0.409      0.128     -0.409      0.262     -0.052      0.099     -0.306      0.000      0.000      0.000     -0.001
     0.007      0.022      0.028      0.023      0.005     -0.008      0.019     -0.042      0.014     -0.014     -0.028     -0.049     -0.007     -0.066     -0.011      0.058      0.070     -0.006     -0.029      0.102      0.022      0.007     -0.022      0.065      0.003     -0.040     -0.031     -0.013      0.074     -0.034     -0.055     -0.039      0.011     -0.022      0.054      0.003     -0.043      0.021      0.022     -0.070      0.008     -0.015     -0.020     -0.037     -0.083     -0.009      0.033      0.166     -0.099     -0.014      0.076      0.040      0.001      0.030
    -0.010     -0.027      0.003      0.042     -0.022      0.008     -0.036     -0.014     -0.004     -0.019     -0.029      0.016     -0.017      0.048      0.028     -0.044     -0.013      0.050     -0.051     -0.014      0.052      0.040      0.003      0.033     -0.020     -0.015      0.008     -0.037     -0.040     -0.013     -0.108      0.061     -0.040      0.030     -0.008      0.023     -0.030      0.018     -0.026     -0.074     -0.002      0.002     -0.042      0.105     -0.252     -0.273      0.211      0.132     -0.092     -0.157      0.034      0.049      0.009     -0.009
    -0.001      0.014      0.037     -0.025      0.001      0.024     -0.020      0.007     -0.009     -0.025      0.011      0.020     -0.026     -0.024     -0.038      0.013      0.027      0.011     -0.004      0.023     -0.028      0.003      0.009      0.017      0.006     -0.029     -0.020      0.047      0.011      0.046     -0.057      0.033      0.038     -0.003      0.020      0.026      0.038     -0.030      0.021      0.052     -0.016     -0.002     -0.021     -0.083     -0.377      0.067     -0.034      0.054     -0.199      0.043     -0.057      0.049     -0.031      8.879

Derivative matrix of expected statistics X by parameters and
covariance/correlation matrix of X can be found using
summary(ans) within R, or by using the 'verbose' option in Siena07.
 
Total computation time 1174.32 seconds.
