

-----------------------------------
New Analysis started.
Date and time: 20/09/2026 21:02:51
New results follow.
-----------------------------------

RSiena version 1.3.10 (28 Apr 22)


@1
Estimation by stochastic approximation algorithm.
=================================================

Current random number seed is 12348.
Effects object used: effs 
Model Type:
 Initiative model
Behavioral Model Type:
 Standard behavior actor-oriented model ('restrict')
Estimation method: unconditional moment estimation
.

Time duration for simulations in each period is 1.0.
Changing composition.
Joiners/leavers option: 1
Standard errors are estimated with the likelihood ratio method.
Dolby method (regression on scores) is used.
Initial value of gain parameter is  0.2000000.
Reduction factor for gain parameter is  0.5000000.
Number of subphases in Phase 2 is 5.

Initial parameter values are 
  1. rate:  constant dv.net rate (period 1)                 0.0490
  2. rate:  constant dv.net rate (period 2)                 0.1443
  3. rate:  constant dv.net rate (period 3)                 0.4414
  4. rate:  constant dv.net rate (period 4)                 0.3541
  5. rate:  constant dv.net rate (period 5)                 0.3253
  6. rate:  constant dv.net rate (period 6)                 0.3224
  7. rate:  constant dv.net rate (period 7)                 0.3982
  8. rate:  constant dv.net rate (period 8)                 0.3095
  9. rate:  constant dv.net rate (period 9)                 0.3263
 10. rate:  constant dv.net rate (period 10)                0.2746
 11. rate:  constant dv.net rate (period 11)                0.3219
 12. rate:  constant dv.net rate (period 12)                0.4428
 13. rate:  constant dv.net rate (period 13)                0.3510
 14. rate:  constant dv.net rate (period 14)                0.3211
 15. rate:  constant dv.net rate (period 15)                0.2882
 16. rate:  constant dv.net rate (period 16)                0.5110
 17. eval:  degree (density)                               -5.8945
 18. eval:  transitive triads                               0.2205
 19. eval:  degree act+pop                                  0.0623
 20. eval:  nets.lndistance_d                              -0.9501
 21. eval:  nets.ATOP_d                                     1.1467
 22. eval:  nets.absidealdiff_d                            -0.6508
 23. eval:  nets.lntrade_d                                  0.0578
 24. eval:  nets.NATO_d                                    -3.8071
 25. eval:  milex.beh alter                                -0.0496
 26. eval:  beh.democracy_1 alter                           1.7660
 27. eval:  beh.lncinc_1 alter                              0.8175
 28. rate:  rate milex.beh (period 1)                       0.9346
 29. rate:  rate milex.beh (period 2)                       1.2932
 30. rate:  rate milex.beh (period 3)                       1.3474
 31. rate:  rate milex.beh (period 4)                       1.1916
 32. rate:  rate milex.beh (period 5)                       0.6943
 33. rate:  rate milex.beh (period 6)                       0.5720
 34. rate:  rate milex.beh (period 7)                       0.4805
 35. rate:  rate milex.beh (period 8)                       0.5255
 36. rate:  rate milex.beh (period 9)                       0.3782
 37. rate:  rate milex.beh (period 10)                      1.7715
 38. rate:  rate milex.beh (period 11)                      0.5950
 39. rate:  rate milex.beh (period 12)                      1.3554
 40. rate:  rate milex.beh (period 13)                      0.3300
 41. rate:  rate milex.beh (period 14)                      0.3035
 42. rate:  rate milex.beh (period 15)                      1.1002
 43. rate:  rate milex.beh (period 16)                      0.4307
 44. eval:  milex.beh linear shape                         -1.1991
 45. eval:  milex.beh quadratic shape                      -0.0375
 46. eval:  milex.beh degree                                0.0947
 47. eval:  milex.beh dense triads                         -0.0267
 48. eval:  milex.beh: effect from beh.democracy_1         -0.5096
 49. eval:  milex.beh: effect from beh.GDPgrowth_1         -2.6433
 50. eval:  milex.beh: effect from beh.nato_1               0.8949
 51. eval:  milex.beh: effect from beh.allies_1            -0.0115
 52. eval:  milex.beh: effect from beh.military_1           0.2391
 53. eval:  milex.beh: effect from beh.lnmids_1             0.2043
 54. eval:  milex.beh: effect from beh.milexSpLag_1         7.8250


Observed values of target statistics are
  1. Amount of network change in period 1                                10.0000
  2. Amount of network change in period 2                                34.0000
  3. Amount of network change in period 3                                86.0000
  4. Amount of network change in period 4                                94.0000
  5. Amount of network change in period 5                                76.0000
  6. Amount of network change in period 6                                76.0000
  7. Amount of network change in period 7                                94.0000
  8. Amount of network change in period 8                                78.0000
  9. Amount of network change in period 9                                84.0000
 10. Amount of network change in period 10                               72.0000
 11. Amount of network change in period 11                               84.0000
 12. Amount of network change in period 12                              114.0000
 13. Amount of network change in period 13                               94.0000
 14. Amount of network change in period 14                               88.0000
 15. Amount of network change in period 15                               80.0000
 16. Amount of network change in period 16                              138.0000
 17. Number of edges                                                   4265.0000
 18. Number of transitive triads                                       5799.0000
 19. Sum of squared degrees                                            260112.0000
 20. Sum of ties x nets.lndistance_d                                   -8870.7440
 21. Sum of ties x nets.ATOP_d                                         4953.4629
 22. Sum of ties x nets.absidealdiff_d                                 -2358.0283
 23. Sum of ties x nets.lntrade_d                                      30355.5071
 24. Sum of ties x nets.NATO_d                                          902.1365
 25. Sum of degrees x milex.beh                                         -18.6684
 26. Sum of degrees x beh.democracy_1                                  2457.4901
 27. Sum of degrees x beh.lncinc_1                                     10857.5339
 28. Amount of behavioral change in period 1 on milex.beh                41.0000
 29. Amount of behavioral change in period 2 on milex.beh                50.0000
 30. Amount of behavioral change in period 3 on milex.beh                57.0000
 31. Amount of behavioral change in period 4 on milex.beh                52.0000
 32. Amount of behavioral change in period 5 on milex.beh                37.0000
 33. Amount of behavioral change in period 6 on milex.beh                32.0000
 34. Amount of behavioral change in period 7 on milex.beh                28.0000
 35. Amount of behavioral change in period 8 on milex.beh                31.0000
 36. Amount of behavioral change in period 9 on milex.beh                24.0000
 37. Amount of behavioral change in period 10 on milex.beh               71.0000
 38. Amount of behavioral change in period 11 on milex.beh               34.0000
 39. Amount of behavioral change in period 12 on milex.beh               55.0000
 40. Amount of behavioral change in period 13 on milex.beh               18.0000
 41. Amount of behavioral change in period 14 on milex.beh               17.0000
 42. Amount of behavioral change in period 15 on milex.beh               48.0000
 43. Amount of behavioral change in period 16 on milex.beh               20.0000
 44. milex.beh centered sum                                             -65.8453
 45. milex.beh sum of cent. squares                                    5577.0824
 46. milex.beh outdegrees                                              -304.0788
 47. milex.beh dense triads                                            -2642.8490
 48. milex.beh x beh.democracy_1                                       -377.6470
 49. milex.beh x beh.GDPgrowth_1                                          1.0505
 50. milex.beh x beh.nato_1                                              36.7931
 51. milex.beh x beh.allies_1                                          -3748.6989
 52. milex.beh x beh.military_1                                         122.1105
 53. milex.beh x beh.lnmids_1                                           550.8479
 54. milex.beh x beh.milexSpLag_1                                        23.1712

 54 parameters, 54 statistics

Estimation of derivatives by the LR method (type 1).


@2
End of stochastic approximation algorithm, phase 3.
---------------------------------------------------

Total of 14110 iterations.
Parameter estimates based on 11110 iterations,
convergence diagnostics, covariance and derivative matrices based on 3000 iterations.

Information for convergence diagnosis.
Averages, standard deviations, and t-ratios for deviations from targets:
  1.  -0.0707    4.2109  -0.0168 
  2.   0.1287    8.2971   0.0155 
  3.   0.1553   12.3834   0.0125 
  4.   0.0040   13.8818   0.0003 
  5.   0.2480   11.6832   0.0212 
  6.   0.2413   11.9165   0.0203 
  7.   0.1787   13.1020   0.0136 
  8.  -0.0593   12.1877  -0.0049 
  9.  -0.3727   12.5443  -0.0297 
 10.  -0.0747   11.7436  -0.0064 
 11.  -0.1667   12.3957  -0.0134 
 12.   0.0487   14.7477   0.0033 
 13.   0.6693   13.5569   0.0494 
 14.   0.4427   12.9873   0.0341 
 15.   0.0620   12.4326   0.0050 
 16.   0.1233   16.6035   0.0074 
 17.   0.4730   25.6955   0.0184 
 18.   0.9770   82.4894   0.0118 
 19.  50.8067 2578.2606   0.0197 
 20.  -0.6219   64.3611  -0.0097 
 21.   0.4903   31.9158   0.0154 
 22.   0.8600   44.0089   0.0195 
 23.   2.7228  187.5248   0.0145 
 24.  -0.1054    9.3335  -0.0113 
 25.  -0.7618   53.4379  -0.0143 
 26.   0.0328   18.2626   0.0018 
 27.   0.4024   84.1999   0.0048 
 28.  -0.1343    5.7132  -0.0235 
 29.   0.1847    6.1370   0.0301 
 30.  -0.0433    6.5373  -0.0066 
 31.  -0.1573    6.3453  -0.0248 
 32.  -0.0987    5.6611  -0.0174 
 33.  -0.0660    5.1652  -0.0128 
 34.   0.1417    4.8981   0.0289 
 35.   0.1230    5.0319   0.0244 
 36.   0.0220    4.5935   0.0048 
 37.   0.3337    6.8954   0.0484 
 38.  -0.1097    5.3252  -0.0206 
 39.  -0.1173    6.1874  -0.0190 
 40.  -0.0370    3.9879  -0.0093 
 41.   0.0090    3.9029   0.0023 
 42.   0.0827    5.9400   0.0139 
 43.   0.0713    4.1399   0.0172 
 44.  -0.5670   23.9646  -0.0237 
 45.   1.2562   93.3537   0.0135 
 46.   3.6683  168.4360   0.0218 
 47.  14.9827  442.3272   0.0339 
 48.   0.1030   11.8001   0.0087 
 49.   0.0097    2.1028   0.0046 
 50.   0.1457    9.0213   0.0161 
 51.   1.0206  463.2355   0.0022 
 52.  -0.2173    6.7086  -0.0324 
 53.   0.1832   15.2741   0.0120 
 54.   0.0014    0.5007   0.0028 

Good convergence is indicated by the t-ratios being close to zero.

Overall maximum convergence ratio =  0.1453 .



@2
Estimation Results.
-------------------

Regular end of estimation algorithm.
Total of 14110 iteration steps.


@3
Estimates and standard errors
                             
Network Dynamics
 1. rate:  constant dv.net rate (period 1)                         0.0488  (   0.0230)
 2. rate:  constant dv.net rate (period 2)                         0.1432  (   0.0351)
 3. rate:  constant dv.net rate (period 3)                         0.4376  (   0.0824)
 4. rate:  constant dv.net rate (period 4)                         0.3535  (   0.0515)
 5. rate:  constant dv.net rate (period 5)                         0.3257  (   0.0597)
 6. rate:  constant dv.net rate (period 6)                         0.3208  (   0.0581)
 7. rate:  constant dv.net rate (period 7)                         0.3970  (   0.0646)
 8. rate:  constant dv.net rate (period 8)                         0.3086  (   0.0537)
 9. rate:  constant dv.net rate (period 9)                         0.3257  (   0.0539)
10. rate:  constant dv.net rate (period 10)                        0.2752  (   0.0491)
11. rate:  constant dv.net rate (period 11)                        0.3221  (   0.0543)
12. rate:  constant dv.net rate (period 12)                        0.4430  (   0.0631)
13. rate:  constant dv.net rate (period 13)                        0.3515  (   0.0533)
14. rate:  constant dv.net rate (period 14)                        0.3213  (   0.0502)
15. rate:  constant dv.net rate (period 15)                        0.2876  (   0.0469)
16. rate:  constant dv.net rate (period 16)                        0.5106  (   0.0648)
17. eval:  degree (density)                                       -5.8968  (   0.2682)
18. eval:  transitive triads                                       0.2211  (   0.0664)
19. eval:  degree act+pop                                          0.0623  (   0.0058)
20. eval:  nets.lndistance_d                                      -0.9494  (   0.0809)
21. eval:  nets.ATOP_d                                             1.1482  (   0.1579)
22. eval:  nets.absidealdiff_d                                    -0.6509  (   0.0799)
23. eval:  nets.lntrade_d                                          0.0583  (   0.0335)
24. eval:  nets.NATO_d                                            -3.8204  (   0.4475)
25. eval:  milex.beh alter                                        -0.0511  (   0.0606)
26. eval:  beh.democracy_1 alter                                   1.7723  (   0.3106)
27. eval:  beh.lncinc_1 alter                                      0.8190  (   0.0770)
Behavior Dynamics

28. rate:  rate milex.beh (period 1)                               0.9333  (   0.1717)
29. rate:  rate milex.beh (period 2)                               1.3147  (   0.2502)
30. rate:  rate milex.beh (period 3)                               1.3466  (   0.2320)
31. rate:  rate milex.beh (period 4)                               1.1914  (   0.2182)
32. rate:  rate milex.beh (period 5)                               0.7011  (   0.1312)
33. rate:  rate milex.beh (period 6)                               0.5732  (   0.1139)
34. rate:  rate milex.beh (period 7)                               0.4809  (   0.1030)
35. rate:  rate milex.beh (period 8)                               0.5304  (   0.1115)
36. rate:  rate milex.beh (period 9)                               0.3811  (   0.0835)
37. rate:  rate milex.beh (period 10)                              1.7851  (   0.3436)
38. rate:  rate milex.beh (period 11)                              0.5951  (   0.1145)
39. rate:  rate milex.beh (period 12)                              1.3596  (   0.2622)
40. rate:  rate milex.beh (period 13)                              0.3298  (   0.0825)
41. rate:  rate milex.beh (period 14)                              0.3015  (   0.0778)
42. rate:  rate milex.beh (period 15)                              1.1054  (   0.1997)
43. rate:  rate milex.beh (period 16)                              0.4260  (   0.1081)
44. eval:  milex.beh linear shape                                 -1.1997  (   0.0811)
45. eval:  milex.beh quadratic shape                              -0.0360  (   0.0259)
46. eval:  milex.beh degree                                        0.0945  (   0.0268)
47. eval:  milex.beh dense triads                                 -0.0268  (   0.0095)
48. eval:  milex.beh: effect from beh.democracy_1                 -0.5121  (   0.1411)
49. eval:  milex.beh: effect from beh.GDPgrowth_1                 -2.6726  (   0.9230)
50. eval:  milex.beh: effect from beh.nato_1                       0.8928  (   0.1788)
51. eval:  milex.beh: effect from beh.allies_1                    -0.0113  (   0.0038)
52. eval:  milex.beh: effect from beh.military_1                   0.2443  (   0.2032)
53. eval:  milex.beh: effect from beh.lnmids_1                     0.2043  (   0.0951)
54. eval:  milex.beh: effect from beh.milexSpLag_1                 7.8039  (   2.9437)


@3
Covariance matrices
                   
Covariance matrix of estimates (correlations below diagonal):
     0.001      0.000      0.000      0.000      0.000      0.000      0.000      0.000      0.000      0.000      0.000      0.000      0.000      0.000      0.000      0.000      0.000      0.000      0.000      0.000      0.000      0.000      0.000      0.000      0.000      0.000      0.000      0.000      0.000      0.000      0.000      0.000      0.000      0.000      0.000      0.000      0.000      0.000      0.000      0.000      0.000      0.000      0.000      0.000      0.000      0.000      0.000      0.000     -0.001      0.000      0.000      0.000      0.000      0.001
    -0.022      0.001      0.000      0.000      0.000      0.000      0.000      0.000      0.000      0.000      0.000      0.000      0.000      0.000      0.000      0.000     -0.001      0.000      0.000      0.000      0.000      0.000      0.000      0.000      0.000      0.000      0.000      0.000      0.000      0.000      0.000      0.000      0.000      0.000      0.000      0.000      0.000      0.000      0.000      0.000      0.000      0.000      0.000      0.000      0.000      0.000      0.000      0.000      0.001      0.000      0.000      0.000      0.000      0.003
     0.000      0.049      0.007      0.000      0.000      0.000      0.000      0.000      0.000      0.000      0.000      0.000      0.000      0.000      0.000      0.000     -0.001      0.000      0.000      0.001     -0.001      0.000      0.000      0.002      0.000     -0.003     -0.001      0.000      0.000      0.000     -0.001      0.000      0.000      0.000      0.000      0.000      0.000      0.000     -0.001      0.000      0.000      0.000      0.000      0.000      0.000      0.000      0.000      0.000     -0.005      0.000      0.000      0.001      0.000      0.005
    -0.008     -0.003      0.041      0.003      0.000      0.000      0.000      0.000      0.000      0.000      0.000      0.000      0.000      0.000      0.000      0.000     -0.001      0.000      0.000      0.000      0.000      0.000      0.000      0.001      0.000     -0.001      0.000      0.000      0.000      0.000      0.000      0.000      0.000      0.000      0.000      0.000      0.000      0.000      0.000      0.000      0.000      0.000      0.000      0.000      0.000      0.000      0.000      0.000     -0.001      0.000      0.000      0.000      0.000      0.003
    -0.001      0.004      0.043      0.030      0.004      0.000      0.000      0.000      0.000      0.000      0.000      0.000      0.000      0.000      0.000      0.000      0.000      0.000      0.000      0.000     -0.001      0.000      0.000      0.002      0.000     -0.002      0.000      0.000      0.000      0.000      0.000      0.000      0.000      0.000      0.000      0.000      0.000      0.000     -0.001      0.000      0.000      0.000      0.000      0.000      0.000      0.000      0.000      0.000     -0.001      0.000      0.000      0.000      0.000     -0.008
     0.034      0.030      0.060      0.009      0.049      0.003      0.000      0.000      0.000      0.000      0.000      0.000      0.000      0.000      0.000      0.000     -0.001      0.000      0.000      0.000      0.000      0.000      0.000      0.001      0.000     -0.001      0.000      0.000      0.000      0.000      0.000      0.000      0.000      0.000      0.000      0.000      0.001      0.000      0.000      0.000      0.000      0.000      0.000      0.000      0.000      0.000      0.000      0.000      0.001      0.000      0.000      0.000      0.000      0.000
    -0.016      0.030      0.053     -0.019      0.040      0.021      0.004      0.000      0.000      0.000      0.000      0.000      0.000      0.000      0.000      0.000      0.000      0.000      0.000      0.000      0.000      0.000      0.000      0.002      0.000     -0.002      0.000      0.000      0.000      0.000      0.000      0.000      0.000      0.000      0.000      0.000      0.000      0.000      0.000      0.000      0.000      0.000      0.000      0.000      0.000      0.000      0.000      0.000      0.001      0.000      0.000      0.000      0.000     -0.003
    -0.035      0.025      0.030      0.024      0.015      0.005      0.025      0.003      0.000      0.000      0.000      0.000      0.000      0.000      0.000      0.000     -0.001      0.000      0.000      0.000      0.000      0.000      0.000      0.001      0.000     -0.001      0.000      0.000      0.000      0.000      0.000      0.000      0.000      0.000      0.000      0.000      0.001      0.000      0.000      0.000      0.000      0.000      0.000      0.000      0.000      0.000      0.000      0.000     -0.001      0.000      0.000      0.000      0.000      0.002
     0.005      0.015      0.048      0.013      0.025      0.005      0.001      0.006      0.003      0.000      0.000      0.000      0.000      0.000      0.000      0.000      0.000      0.000      0.000      0.000      0.000      0.000      0.000      0.001      0.000     -0.001      0.000      0.000      0.000      0.000      0.000      0.000      0.000      0.000      0.000      0.000      0.000      0.000      0.000      0.000      0.000      0.000      0.000      0.000      0.000      0.000      0.000      0.000      0.000      0.000      0.000      0.000      0.000      0.000
     0.013      0.020     -0.001      0.006      0.031      0.014     -0.005     -0.003      0.018      0.002      0.000      0.000      0.000      0.000      0.000      0.000      0.000      0.000      0.000      0.000      0.000      0.000      0.000      0.000      0.000      0.000      0.000      0.000      0.000      0.000      0.000      0.000      0.000      0.000      0.000      0.000      0.000      0.000      0.000      0.000      0.000      0.000      0.000      0.000      0.000      0.000      0.000      0.000      0.001      0.000      0.000      0.000      0.000      0.003
    -0.006      0.034     -0.010      0.041      0.014     -0.002      0.022      0.010     -0.003      0.031      0.003      0.000      0.000      0.000      0.000      0.000      0.000      0.000      0.000      0.000      0.000      0.000      0.000      0.001      0.000     -0.001      0.000      0.000      0.000      0.000      0.000      0.000      0.000      0.000      0.000      0.000      0.000      0.000      0.000      0.000      0.000      0.000      0.000      0.000      0.000      0.000      0.000      0.000      0.000      0.000      0.000      0.000      0.000      0.003
     0.018      0.017      0.000      0.025      0.043      0.033      0.016      0.005     -0.007      0.020     -0.020      0.004      0.000      0.000      0.000      0.000      0.000      0.000      0.000      0.000      0.000      0.000      0.000      0.001      0.000      0.000      0.000      0.000      0.000      0.000      0.000      0.000      0.000      0.000      0.000      0.000     -0.001      0.000     -0.001      0.000      0.000      0.000      0.000      0.000      0.000      0.000      0.000      0.000     -0.002      0.000      0.000      0.000      0.000      0.006
     0.000      0.024      0.027      0.003      0.037      0.036      0.007     -0.038      0.006      0.016      0.018      0.000      0.003      0.000      0.000      0.000      0.001      0.000      0.000      0.000      0.000      0.000      0.000      0.001      0.000     -0.001      0.000      0.000      0.000      0.000      0.000      0.000      0.000      0.000      0.000      0.000      0.000      0.000      0.000      0.000      0.000      0.000      0.000      0.000      0.000      0.000      0.000      0.000      0.001      0.000      0.000      0.000      0.000     -0.002
    -0.022      0.006      0.003      0.004      0.000      0.006      0.000      0.031     -0.003     -0.020     -0.018     -0.009      0.020      0.003      0.000      0.000      0.000      0.000      0.000      0.000      0.000      0.000      0.000      0.001      0.000      0.000      0.000      0.000      0.000      0.000      0.000      0.000      0.000      0.000      0.000      0.000      0.001      0.000      0.000      0.000      0.000      0.000      0.000      0.000      0.000      0.000      0.000      0.000      0.000      0.000      0.000      0.000      0.000     -0.003
    -0.029      0.008     -0.024      0.024      0.035     -0.032      0.006      0.023      0.019      0.011     -0.004     -0.014     -0.024      0.022      0.002      0.000      0.000      0.000      0.000      0.000      0.000      0.000      0.000      0.000      0.000      0.000      0.000      0.000      0.000      0.000      0.000      0.000      0.000      0.000      0.000      0.000      0.000      0.000      0.000      0.000      0.000      0.000      0.000      0.000      0.000      0.000      0.000      0.000      0.001      0.000      0.000      0.000      0.000     -0.005
    -0.006     -0.018      0.005      0.005      0.030      0.007     -0.003     -0.021      0.031     -0.011     -0.004      0.002     -0.003      0.032      0.034      0.004      0.001      0.000      0.000      0.000     -0.001      0.000      0.000      0.001      0.000     -0.001      0.000      0.000      0.000      0.000      0.000      0.000      0.000      0.000      0.000      0.000      0.000      0.000      0.000      0.000      0.000      0.000      0.000      0.000      0.000      0.000      0.000      0.000      0.001      0.000      0.000      0.000      0.000     -0.001
    -0.033     -0.075     -0.033     -0.046     -0.001     -0.051     -0.018     -0.045      0.017     -0.029      0.017     -0.008      0.042      0.022      0.035      0.046      0.072     -0.006      0.000      0.010     -0.012      0.009      0.001      0.044      0.002     -0.041     -0.013     -0.001      0.000     -0.001      0.000     -0.001      0.000      0.000      0.000     -0.001      0.000      0.001     -0.003      0.000      0.000      0.001     -0.001      0.000      0.000      0.000      0.000     -0.001      0.004     -0.001      0.000      0.000      0.000      0.017
    -0.006     -0.007     -0.045     -0.010     -0.045     -0.011     -0.007      0.007     -0.024      0.031      0.003     -0.005     -0.011     -0.016     -0.012      0.032     -0.362      0.004      0.000     -0.001      0.001     -0.001      0.000     -0.015      0.001      0.008      0.002      0.000      0.000      0.000      0.000      0.000      0.000      0.000      0.000      0.000      0.000      0.000      0.001      0.000      0.000      0.000      0.000      0.000      0.000      0.000      0.000      0.000      0.000      0.001      0.000      0.000      0.000     -0.003
     0.055      0.101      0.147      0.074      0.087      0.057      0.046      0.044      0.052      0.016     -0.011      0.008     -0.010     -0.028     -0.022     -0.066     -0.236     -0.497      0.000      0.000      0.000      0.000      0.000      0.000      0.000      0.000      0.000      0.000      0.000      0.000      0.000      0.000      0.000      0.000      0.000      0.000      0.000      0.000      0.000      0.000      0.000      0.000      0.000      0.000      0.000      0.000      0.000      0.000      0.000      0.000      0.000      0.000      0.000      0.000
    -0.002      0.019      0.125      0.037      0.071      0.050      0.081      0.057      0.084      0.034      0.029      0.049      0.060      0.017      0.044      0.030      0.471     -0.218      0.068      0.007      0.001      0.001      0.001      0.007      0.000     -0.008     -0.004      0.000      0.000      0.000      0.000      0.000      0.000      0.000      0.000      0.000      0.000      0.000     -0.001      0.000      0.000      0.000      0.000      0.000      0.000      0.000      0.000      0.000     -0.002      0.000      0.000      0.000      0.000      0.002
    -0.019      0.010     -0.071     -0.018     -0.068     -0.013     -0.010     -0.009     -0.041     -0.026     -0.036     -0.027     -0.039     -0.015     -0.008     -0.083     -0.286      0.086     -0.019      0.071      0.025      0.001     -0.001     -0.016     -0.001      0.018      0.003      0.000     -0.001      0.000      0.002      0.000      0.000      0.000      0.000      0.000     -0.001      0.000      0.001      0.000      0.000      0.000      0.001      0.000      0.000      0.000      0.000      0.000      0.002      0.001      0.000      0.000      0.000     -0.024
    -0.014      0.000      0.007     -0.030      0.050     -0.004      0.063      0.014      0.019      0.005      0.006      0.016      0.011      0.014      0.048      0.016      0.402     -0.221     -0.024      0.154      0.046      0.006      0.000      0.010     -0.002     -0.008     -0.002      0.000      0.000      0.000      0.001      0.000      0.000      0.000      0.000      0.000      0.000      0.000      0.000      0.000      0.000      0.000      0.000      0.000      0.000      0.000      0.000      0.000      0.001      0.000      0.000      0.000      0.000      0.005
     0.037      0.022      0.157      0.057      0.083      0.062      0.083      0.068      0.091      0.041      0.019      0.037      0.034      0.021      0.014      0.022      0.070     -0.112      0.165      0.486     -0.234     -0.098      0.001     -0.001      0.000     -0.002     -0.001      0.000      0.000      0.000      0.000      0.000      0.000      0.000      0.000      0.000      0.000      0.000      0.000      0.000      0.000      0.000      0.000      0.000      0.000      0.000      0.000      0.000     -0.002      0.000      0.000      0.000      0.000      0.002
     0.014      0.014      0.045      0.028      0.071      0.019      0.057      0.026      0.040     -0.004      0.038      0.021      0.045      0.027      0.017      0.022      0.368     -0.507      0.088      0.196     -0.231      0.290     -0.047      0.200     -0.003     -0.056     -0.008     -0.001      0.001      0.000      0.000      0.001     -0.001      0.001      0.001      0.000      0.006      0.001     -0.005      0.000      0.001      0.000     -0.001      0.000      0.000      0.000      0.000     -0.001      0.000     -0.003      0.000      0.001      0.001      0.039
    -0.012     -0.035      0.010     -0.032     -0.039     -0.012     -0.037     -0.024     -0.007      0.014      0.035     -0.018     -0.009     -0.011      0.022      0.035      0.110      0.146     -0.234     -0.022     -0.137     -0.336      0.073     -0.118      0.004      0.004     -0.001      0.000      0.000      0.000      0.000      0.000      0.000      0.000      0.000      0.000     -0.001      0.000      0.000      0.000      0.000      0.000      0.000      0.000      0.000      0.000      0.000      0.000      0.000      0.000      0.000      0.000      0.000      0.000
    -0.040     -0.031     -0.104     -0.040     -0.097     -0.038     -0.078     -0.042     -0.080     -0.023     -0.050     -0.024     -0.043     -0.005     -0.022     -0.057     -0.491      0.374     -0.260     -0.313      0.366     -0.337     -0.146     -0.402      0.230      0.096      0.007      0.001      0.000      0.001      0.000      0.001      0.000      0.000      0.000      0.000     -0.004     -0.001      0.003      0.000     -0.001     -0.002      0.002      0.000      0.000      0.000      0.000      0.001      0.005      0.002      0.000      0.000     -0.001     -0.052
    -0.018     -0.022     -0.158     -0.046     -0.103     -0.042     -0.073     -0.046     -0.088     -0.057     -0.048     -0.052     -0.069     -0.032     -0.045     -0.041     -0.607      0.368     -0.231     -0.635      0.222     -0.294     -0.559     -0.221     -0.170      0.309      0.006      0.001      0.000      0.001      0.000      0.000      0.000      0.000      0.000      0.000      0.000      0.000      0.001      0.000      0.000      0.000      0.000      0.000      0.000      0.000      0.000      0.000      0.002      0.000      0.000     -0.001      0.000     -0.006
    -0.030      0.023     -0.015      0.001     -0.005     -0.021     -0.010     -0.028      0.038     -0.005     -0.004      0.005     -0.002     -0.020     -0.019      0.001     -0.032      0.017      0.011     -0.034     -0.004     -0.023     -0.036     -0.007      0.024      0.015      0.040      0.029      0.001      0.000      0.002      0.000      0.000      0.000      0.000      0.000     -0.002      0.000     -0.001      0.000      0.000      0.000      0.000      0.000      0.001      0.000      0.000      0.001      0.013      0.000      0.000     -0.002     -0.001      0.002
    -0.037     -0.024      0.002     -0.026     -0.007      0.005     -0.006     -0.006     -0.017     -0.019     -0.026     -0.018      0.017      0.013     -0.001      0.001      0.006      0.002     -0.014     -0.001     -0.022     -0.006      0.024      0.007      0.015      0.000     -0.006      0.019      0.063      0.000      0.001      0.000      0.000      0.001      0.001      0.000     -0.001     -0.001      0.001     -0.001      0.000      0.000      0.000      0.000      0.001      0.000      0.000      0.002      0.004     -0.001      0.000     -0.002      0.000      0.043
     0.016      0.004     -0.012     -0.023     -0.021     -0.011      0.011      0.011     -0.007      0.004     -0.033     -0.010      0.011      0.012      0.010     -0.030     -0.021      0.027     -0.015     -0.025     -0.002      0.001     -0.034     -0.003     -0.017      0.012      0.054      0.009      0.004      0.054      0.001      0.000      0.000      0.000      0.000      0.000      0.003      0.000      0.002      0.000      0.000      0.000      0.000      0.001      0.001      0.000      0.000      0.003      0.018     -0.001      0.000     -0.001     -0.001      0.048
    -0.017     -0.014     -0.036      0.026      0.003     -0.025      0.025     -0.010     -0.017      0.004     -0.006      0.022     -0.010     -0.026      0.008     -0.004      0.002      0.002      0.005     -0.010      0.048      0.034     -0.064      0.002     -0.022     -0.005      0.006      0.040      0.027      0.013      0.048      0.001      0.000      0.000      0.001      0.000     -0.001      0.000      0.002      0.000      0.000      0.001      0.000      0.000      0.001      0.000      0.000      0.001      0.019     -0.001      0.000     -0.004      0.000      0.007
    -0.014      0.001     -0.039      0.022      0.027      0.004      0.001     -0.002      0.005      0.033      0.035      0.015      0.027     -0.007     -0.007     -0.003     -0.022      0.013     -0.023     -0.009      0.013      0.001     -0.025      0.010      0.033      0.014      0.030     -0.001      0.004      0.012      0.051      0.017      0.000      0.000      0.000      0.000      0.000      0.000      0.001      0.000      0.000      0.000      0.000      0.000      0.000      0.000      0.000      0.000      0.009     -0.001      0.000      0.000      0.000      0.010
     0.008      0.025     -0.004      0.008     -0.012     -0.005      0.011      0.032     -0.026      0.014     -0.014      0.029     -0.014      0.021     -0.003     -0.006      0.000     -0.001      0.008      0.004      0.012      0.024     -0.003     -0.011     -0.002      0.008     -0.008     -0.002     -0.017      0.007     -0.006      0.032      0.013      0.000      0.000      0.000      0.001      0.000      0.000      0.000      0.000      0.001      0.000      0.000      0.000      0.000      0.000      0.000      0.006      0.001      0.000      0.001      0.000     -0.010
    -0.002     -0.022     -0.018      0.040      0.000      0.028     -0.030     -0.030     -0.018     -0.030     -0.005      0.039      0.007     -0.007      0.016     -0.025      0.001      0.010     -0.027     -0.009      0.017     -0.007     -0.035      0.017      0.000      0.000      0.047      0.008      0.028     -0.021      0.003      0.006     -0.005      0.011      0.000      0.000      0.000      0.000     -0.001      0.000      0.000      0.000      0.000      0.000      0.000      0.000      0.000      0.000      0.005      0.001      0.000      0.000      0.000     -0.008
     0.026     -0.020     -0.001      0.007     -0.008     -0.005      0.029      0.046     -0.019      0.002      0.012     -0.019     -0.025     -0.004     -0.018     -0.035     -0.003      0.021      0.003     -0.003      0.017      0.010     -0.010      0.015      0.016     -0.012     -0.018      0.005      0.034      0.012      0.028      0.010      0.036      0.032      0.012      0.000      0.000      0.000      0.000      0.000      0.000      0.000      0.001      0.000      0.000      0.000      0.000      0.000      0.008      0.001      0.000      0.001      0.000     -0.009
    -0.020     -0.002      0.002      0.035     -0.014      0.002      0.013     -0.019     -0.004     -0.010     -0.018     -0.004     -0.002      0.013     -0.020     -0.011     -0.024      0.031     -0.001     -0.035     -0.010      0.010     -0.024     -0.008     -0.020      0.011      0.008      0.004     -0.002      0.015     -0.007      0.022     -0.009     -0.016      0.032      0.007      0.001      0.000      0.000      0.000      0.000      0.000      0.000      0.000      0.000      0.000      0.000      0.000      0.002      0.000      0.000      0.000      0.000     -0.007
     0.000      0.018      0.009     -0.013     -0.005      0.037      0.004      0.038     -0.013     -0.005     -0.013     -0.035     -0.008      0.030      0.011     -0.004      0.004     -0.015      0.026      0.007     -0.012      0.017      0.014      0.040     -0.046     -0.039     -0.010     -0.035     -0.008      0.043     -0.011      0.001      0.013     -0.008     -0.009      0.030      0.118      0.000      0.004      0.000      0.000      0.001      0.000      0.000      0.000      0.000      0.000     -0.004     -0.001      0.001      0.000     -0.001      0.001     -0.011
     0.028     -0.018     -0.031      0.021      0.007      0.001     -0.026     -0.015     -0.037     -0.016      0.017      0.008     -0.008      0.033      0.022      0.002      0.044      0.005     -0.036     -0.015     -0.022      0.034     -0.028      0.017     -0.010     -0.015     -0.015      0.001     -0.023     -0.001      0.000     -0.007     -0.017     -0.003      0.022      0.030     -0.010      0.013      0.001      0.000      0.000     -0.001      0.000     -0.001      0.000      0.000      0.000     -0.001      0.004      0.000      0.000      0.000      0.000      0.007
    -0.005     -0.002     -0.032      0.005     -0.033     -0.007     -0.023     -0.005     -0.016      0.001      0.024     -0.078      0.020     -0.008     -0.012      0.020     -0.039      0.045     -0.023     -0.042      0.035     -0.020     -0.041     -0.044     -0.004      0.035      0.047     -0.012      0.023      0.034      0.036      0.021      0.008     -0.019      0.004      0.006      0.049      0.033      0.069     -0.001      0.000      0.000      0.000      0.000      0.001      0.000      0.000     -0.002      0.017     -0.001      0.000      0.000     -0.002      0.017
    -0.028     -0.015     -0.004      0.008      0.019     -0.014     -0.005     -0.018     -0.026     -0.029     -0.045     -0.008      0.011     -0.018     -0.013     -0.031      0.013      0.009      0.008     -0.001     -0.010     -0.015      0.004      0.001     -0.012     -0.002     -0.010     -0.005     -0.039      0.011      0.006     -0.021      0.015      0.011      0.009     -0.003      0.014      0.019     -0.028      0.007      0.000      0.000      0.000      0.000      0.000      0.000      0.000      0.000     -0.001      0.000      0.000      0.000      0.000     -0.010
    -0.020     -0.017      0.022     -0.027     -0.004      0.016      0.013      0.012     -0.003      0.012     -0.015     -0.001      0.032      0.031      0.008      0.019      0.011     -0.003     -0.010      0.015      0.014      0.028     -0.016      0.023     -0.004     -0.043     -0.005      0.016      0.014     -0.002      0.000     -0.001      0.005      0.023      0.012      0.004     -0.003      0.034      0.013      0.031      0.006      0.000      0.000      0.000      0.000      0.000      0.000      0.000      0.003      0.000      0.000      0.000      0.000     -0.005
     0.025     -0.013     -0.025      0.009     -0.006      0.015     -0.017      0.013     -0.004     -0.010      0.023     -0.023     -0.014     -0.043     -0.008      0.003      0.025      0.016     -0.027      0.031      0.008      0.026     -0.008      0.001     -0.001     -0.032      0.013     -0.002      0.000     -0.003      0.031      0.002      0.030      0.008      0.004     -0.008      0.009     -0.031     -0.002      0.001     -0.024      0.040      0.000     -0.001      0.000      0.000      0.000     -0.001      0.002     -0.001      0.000     -0.001     -0.001      0.005
     0.014      0.014     -0.002      0.030     -0.033     -0.004      0.003      0.002     -0.008     -0.011     -0.002      0.005     -0.014     -0.021     -0.012     -0.063     -0.042      0.049     -0.029     -0.032      0.039     -0.038     -0.014     -0.025      0.019      0.062      0.027      0.005      0.006      0.006      0.019     -0.011      0.016     -0.012      0.042      0.051      0.000     -0.028      0.008      0.011      0.012      0.015      0.012     -0.001      0.000      0.000      0.000      0.000     -0.002      0.001      0.000      0.000      0.000     -0.003
    -0.012      0.010      0.021     -0.017     -0.002     -0.007     -0.001      0.004      0.022     -0.003     -0.003     -0.017      0.012     -0.016      0.027      0.016     -0.005     -0.011      0.007     -0.007      0.001      0.009      0.006      0.003     -0.006      0.001     -0.001      0.001      0.014      0.030     -0.026     -0.013     -0.039     -0.018     -0.019     -0.002      0.014     -0.059      0.006     -0.042     -0.030     -0.038     -0.077      0.007      0.000     -0.001      0.000      0.003      0.017     -0.003      0.000     -0.002      0.001     -0.029
    -0.039      0.029     -0.065      0.020      0.000     -0.028      0.018     -0.010     -0.004      0.008     -0.015     -0.025      0.009      0.025      0.012     -0.004     -0.030      0.038     -0.043     -0.041      0.045     -0.033     -0.063     -0.027      0.007      0.050      0.072      0.124      0.144      0.085      0.154      0.062      0.095      0.076      0.093      0.052      0.027      0.035      0.082      0.018      0.046      0.047      0.052     -0.091      0.001      0.000      0.000      0.000      0.005      0.000      0.000      0.000     -0.001     -0.024
     0.012     -0.003      0.022      0.013      0.014      0.005     -0.012     -0.009     -0.022     -0.012     -0.012     -0.009     -0.015     -0.027      0.000     -0.003      0.038     -0.022      0.001      0.007     -0.036      0.007      0.003      0.030     -0.001     -0.013     -0.030     -0.036     -0.050     -0.053     -0.060     -0.026     -0.014      0.001     -0.010     -0.003      0.042      0.054      0.031      0.006      0.004      0.026      0.016     -0.535     -0.157      0.001      0.000     -0.001     -0.003      0.000      0.000      0.000     -0.001      0.009
    -0.004     -0.005     -0.036     -0.016      0.001     -0.008      0.014      0.019      0.023      0.023      0.021      0.007      0.000      0.026     -0.018     -0.004     -0.031      0.013     -0.001     -0.005      0.033     -0.005     -0.004     -0.025     -0.007      0.005      0.030      0.029      0.029      0.051      0.052      0.025      0.012     -0.015     -0.005     -0.006     -0.066     -0.056     -0.041      0.004      0.004     -0.019     -0.023      0.346      0.123     -0.898      0.000      0.000      0.001      0.000      0.000      0.000      0.000     -0.002
    -0.016      0.035      0.022      0.004      0.005      0.002     -0.003     -0.012      0.031      0.003     -0.019      0.026     -0.011      0.011      0.020     -0.001     -0.030      0.007      0.011     -0.008      0.010     -0.036     -0.003     -0.011      0.036      0.016      0.017      0.021      0.058      0.077      0.017      0.013      0.008      0.016      0.022      0.030     -0.090     -0.047     -0.043     -0.032     -0.007     -0.039     -0.012      0.241      0.134     -0.199      0.166      0.020      0.004     -0.010      0.000      0.005      0.001      0.053
    -0.030      0.021     -0.065     -0.016     -0.011      0.011      0.015     -0.030      0.002      0.016      0.010     -0.028      0.022     -0.001      0.031      0.013      0.016      0.000     -0.019     -0.033      0.017      0.008     -0.054      0.000      0.003      0.016      0.026      0.083      0.018      0.085      0.095      0.072      0.057      0.049      0.082      0.025     -0.004      0.040      0.069     -0.013      0.042      0.011     -0.020      0.224      0.206     -0.139      0.083      0.033      0.852      0.002      0.000     -0.012     -0.001     -0.275
     0.002     -0.011      0.027      0.000     -0.039      0.026      0.001     -0.029     -0.011     -0.005     -0.018      0.019      0.019     -0.011     -0.031     -0.002     -0.023      0.045     -0.025      0.012      0.024     -0.023      0.012     -0.042      0.022      0.029      0.015      0.005     -0.023     -0.014     -0.014     -0.024      0.031      0.031      0.032     -0.018      0.015      0.016     -0.013      0.001      0.005     -0.034      0.048     -0.204     -0.015     -0.044     -0.029     -0.416      0.010      0.032      0.000      0.000     -0.003     -0.040
    -0.004      0.001     -0.004     -0.022      0.006     -0.018      0.002      0.022      0.017      0.009      0.027     -0.029      0.000      0.015      0.029      0.027     -0.016     -0.014      0.031     -0.032      0.004      0.016     -0.020      0.003     -0.034     -0.007      0.008      0.011      0.028     -0.003      0.043      0.014      0.004     -0.023     -0.002     -0.003     -0.010     -0.021      0.022     -0.024     -0.021      0.046     -0.048      0.423      0.067     -0.382      0.227     -0.009      0.083     -0.343      0.000      0.000      0.000      0.000
     0.015     -0.027      0.039     -0.001     -0.019      0.011     -0.004      0.021      0.009     -0.040     -0.007      0.011     -0.029      0.005      0.023     -0.007      0.002     -0.016      0.025      0.019     -0.009     -0.011      0.023      0.009      0.016      0.004     -0.039     -0.049     -0.030     -0.019     -0.082     -0.007      0.033     -0.016      0.026      0.002     -0.012      0.010      0.004      0.008     -0.016     -0.019      0.020     -0.098     -0.065      0.059     -0.034      0.164     -0.065      0.013      0.021      0.041     -0.001      0.034
     0.025     -0.028     -0.037      0.000     -0.009     -0.004      0.020      0.025     -0.006     -0.017      0.027      0.046     -0.010      0.008      0.007      0.003      0.000     -0.018      0.019      0.024     -0.016     -0.006      0.047      0.015      0.012     -0.035     -0.023     -0.041      0.021     -0.031      0.001      0.016      0.021      0.003     -0.005     -0.014      0.023     -0.007     -0.064      0.001     -0.012     -0.033     -0.014      0.071     -0.277     -0.204      0.148      0.076     -0.013     -0.150      0.001     -0.032      0.009     -0.006
     0.017      0.033      0.020      0.020     -0.044      0.001     -0.015      0.015      0.000      0.020      0.020      0.032     -0.011     -0.022     -0.039     -0.006      0.021     -0.015      0.025      0.009     -0.052      0.022      0.021      0.030     -0.002     -0.057     -0.028      0.005      0.058      0.071      0.010      0.026     -0.029     -0.026     -0.027     -0.029     -0.010      0.020      0.022     -0.041     -0.023      0.009     -0.010     -0.120     -0.321      0.118     -0.082      0.129     -0.101     -0.077     -0.008      0.056     -0.020      8.666

Derivative matrix of expected statistics X by parameters and
covariance/correlation matrix of X can be found using
summary(ans) within R, or by using the 'verbose' option in Siena07.
 
Total computation time 4884.05 seconds.
