

-----------------------------------
New Analysis started.
Date and time: 20/09/2026 20:26:57
New results follow.
-----------------------------------

RSiena version 1.3.10 (28 Apr 22)


@1
Estimation by stochastic approximation algorithm.
=================================================

Current random number seed is 12346.
Effects object used: effs 
Model Type:
 Initiative model
Behavioral Model Type:
 Standard behavior actor-oriented model ('restrict')
Estimation method: unconditional moment estimation
.

Time duration for simulations in each period is 1.0.
Changing composition.
Joiners/leavers option: 1
Standard errors are estimated with the likelihood ratio method.
Dolby method (regression on scores) is used.
Initial value of gain parameter is  0.2000000.
Reduction factor for gain parameter is  0.5000000.
Number of subphases in Phase 2 is 3.

Initial parameter values are 
  1. rate:  constant dv.net rate (period 1)                 0.0466
  2. rate:  constant dv.net rate (period 2)                 0.1366
  3. rate:  constant dv.net rate (period 3)                 0.4319
  4. rate:  constant dv.net rate (period 4)                 0.3446
  5. rate:  constant dv.net rate (period 5)                 0.3212
  6. rate:  constant dv.net rate (period 6)                 0.3184
  7. rate:  constant dv.net rate (period 7)                 0.4009
  8. rate:  constant dv.net rate (period 8)                 0.3022
  9. rate:  constant dv.net rate (period 9)                 0.3268
 10. rate:  constant dv.net rate (period 10)                0.2809
 11. rate:  constant dv.net rate (period 11)                0.3245
 12. rate:  constant dv.net rate (period 12)                0.4391
 13. rate:  constant dv.net rate (period 13)                0.3524
 14. rate:  constant dv.net rate (period 14)                0.3179
 15. rate:  constant dv.net rate (period 15)                0.2854
 16. rate:  constant dv.net rate (period 16)                0.5122
 17. eval:  degree (density)                               -5.8739
 18. eval:  transitive triads                               0.2232
 19. eval:  degree act+pop                                  0.0615
 20. eval:  nets.lndistance_d                              -0.9532
 21. eval:  nets.ATOP_d                                     1.1559
 22. eval:  nets.absidealdiff_d                            -0.6527
 23. eval:  nets.lntrade_d                                  0.0552
 24. eval:  nets.NATO_d                                    -3.8405
 25. eval:  milex.beh alter                                -0.0495
 26. eval:  beh.democracy_1 alter                           1.8038
 27. eval:  beh.lncinc_1 alter                              0.8237
 28. rate:  rate milex.beh (period 1)                       0.9363
 29. rate:  rate milex.beh (period 2)                       1.3056
 30. rate:  rate milex.beh (period 3)                       1.3557
 31. rate:  rate milex.beh (period 4)                       1.2021
 32. rate:  rate milex.beh (period 5)                       0.7029
 33. rate:  rate milex.beh (period 6)                       0.5740
 34. rate:  rate milex.beh (period 7)                       0.4826
 35. rate:  rate milex.beh (period 8)                       0.5304
 36. rate:  rate milex.beh (period 9)                       0.3786
 37. rate:  rate milex.beh (period 10)                      1.7946
 38. rate:  rate milex.beh (period 11)                      0.5949
 39. rate:  rate milex.beh (period 12)                      1.3534
 40. rate:  rate milex.beh (period 13)                      0.3306
 41. rate:  rate milex.beh (period 14)                      0.3007
 42. rate:  rate milex.beh (period 15)                      1.1076
 43. rate:  rate milex.beh (period 16)                      0.4320
 44. eval:  milex.beh linear shape                         -1.1982
 45. eval:  milex.beh quadratic shape                      -0.0346
 46. eval:  milex.beh degree                                0.0933
 47. eval:  milex.beh dense triads                         -0.0264
 48. eval:  milex.beh: effect from beh.democracy_1         -0.5068
 49. eval:  milex.beh: effect from beh.GDPgrowth_1         -2.5878
 50. eval:  milex.beh: effect from beh.nato_1               0.8948
 51. eval:  milex.beh: effect from beh.allies_1            -0.0113
 52. eval:  milex.beh: effect from beh.military_1           0.2412
 53. eval:  milex.beh: effect from beh.lnmids_1             0.2053
 54. eval:  milex.beh: effect from beh.milexSpLag_1         7.8630


Observed values of target statistics are
  1. Amount of network change in period 1                                10.0000
  2. Amount of network change in period 2                                34.0000
  3. Amount of network change in period 3                                86.0000
  4. Amount of network change in period 4                                94.0000
  5. Amount of network change in period 5                                76.0000
  6. Amount of network change in period 6                                76.0000
  7. Amount of network change in period 7                                94.0000
  8. Amount of network change in period 8                                78.0000
  9. Amount of network change in period 9                                84.0000
 10. Amount of network change in period 10                               72.0000
 11. Amount of network change in period 11                               84.0000
 12. Amount of network change in period 12                              114.0000
 13. Amount of network change in period 13                               94.0000
 14. Amount of network change in period 14                               88.0000
 15. Amount of network change in period 15                               80.0000
 16. Amount of network change in period 16                              138.0000
 17. Number of edges                                                   4265.0000
 18. Number of transitive triads                                       5799.0000
 19. Sum of squared degrees                                            260112.0000
 20. Sum of ties x nets.lndistance_d                                   -8870.7440
 21. Sum of ties x nets.ATOP_d                                         4953.4629
 22. Sum of ties x nets.absidealdiff_d                                 -2358.0283
 23. Sum of ties x nets.lntrade_d                                      30355.5071
 24. Sum of ties x nets.NATO_d                                          902.1365
 25. Sum of degrees x milex.beh                                         -18.6684
 26. Sum of degrees x beh.democracy_1                                  2457.4901
 27. Sum of degrees x beh.lncinc_1                                     10857.5339
 28. Amount of behavioral change in period 1 on milex.beh                41.0000
 29. Amount of behavioral change in period 2 on milex.beh                50.0000
 30. Amount of behavioral change in period 3 on milex.beh                57.0000
 31. Amount of behavioral change in period 4 on milex.beh                52.0000
 32. Amount of behavioral change in period 5 on milex.beh                37.0000
 33. Amount of behavioral change in period 6 on milex.beh                32.0000
 34. Amount of behavioral change in period 7 on milex.beh                28.0000
 35. Amount of behavioral change in period 8 on milex.beh                31.0000
 36. Amount of behavioral change in period 9 on milex.beh                24.0000
 37. Amount of behavioral change in period 10 on milex.beh               71.0000
 38. Amount of behavioral change in period 11 on milex.beh               34.0000
 39. Amount of behavioral change in period 12 on milex.beh               55.0000
 40. Amount of behavioral change in period 13 on milex.beh               18.0000
 41. Amount of behavioral change in period 14 on milex.beh               17.0000
 42. Amount of behavioral change in period 15 on milex.beh               48.0000
 43. Amount of behavioral change in period 16 on milex.beh               20.0000
 44. milex.beh centered sum                                             -65.8453
 45. milex.beh sum of cent. squares                                    5577.0824
 46. milex.beh outdegrees                                              -304.0788
 47. milex.beh dense triads                                            -2642.8490
 48. milex.beh x beh.democracy_1                                       -377.6470
 49. milex.beh x beh.GDPgrowth_1                                          1.0505
 50. milex.beh x beh.nato_1                                              36.7931
 51. milex.beh x beh.allies_1                                          -3748.6989
 52. milex.beh x beh.military_1                                         122.1105
 53. milex.beh x beh.lnmids_1                                           550.8479
 54. milex.beh x beh.milexSpLag_1                                        23.1712

 54 parameters, 54 statistics

Estimation of derivatives by the LR method (type 1).


@2
End of stochastic approximation algorithm, phase 3.
---------------------------------------------------

Total of 3108 iterations.
Parameter estimates based on 2108 iterations,
convergence diagnostics, covariance and derivative matrices based on 1000 iterations.

Information for convergence diagnosis.
Averages, standard deviations, and t-ratios for deviations from targets:
  1.   0.1520    4.3768   0.0347 
  2.  -0.1120    8.4760  -0.0132 
  3.  -0.2960   12.1966  -0.0243 
  4.  -0.6700   14.2691  -0.0470 
  5.  -0.1520   11.8523  -0.0128 
  6.   0.8140   11.7929   0.0690 
  7.   0.4400   13.2056   0.0333 
  8.  -0.9820   12.0110  -0.0818 
  9.  -0.3320   12.3276  -0.0269 
 10.   0.5220   11.3234   0.0461 
 11.   0.9540   12.7666   0.0747 
 12.   0.7980   14.4474   0.0552 
 13.  -1.2760   13.0023  -0.0981 
 14.   0.5420   13.0107   0.0417 
 15.   0.2880   12.1666   0.0237 
 16.   0.3700   16.4578   0.0225 
 17.   0.7420   25.6850   0.0289 
 18.  -4.6060   85.5169  -0.0539 
 19. -37.1640 2619.0276  -0.0142 
 20.   1.6417   67.1020   0.0245 
 21.  -0.6128   31.3448  -0.0195 
 22.   1.0282   42.2160   0.0244 
 23.  -8.0384  184.6446  -0.0435 
 24.  -0.6404    9.2689  -0.0691 
 25.   1.3116   54.2964   0.0242 
 26.   0.6392   18.6770   0.0342 
 27.  -0.9719   83.6486  -0.0116 
 28.   0.0700    5.5536   0.0126 
 29.   0.0230    5.9800   0.0038 
 30.   0.4040    6.5765   0.0614 
 31.   0.1290    6.4962   0.0199 
 32.  -0.4220    5.6244  -0.0750 
 33.  -0.1060    5.3950  -0.0196 
 34.  -0.0570    5.0057  -0.0114 
 35.   0.0000    5.1727   0.0000 
 36.  -0.3760    4.4313  -0.0849 
 37.  -0.5510    6.9251  -0.0796 
 38.   0.3010    5.2157   0.0577 
 39.   0.5590    6.1221   0.0913 
 40.   0.0830    3.9716   0.0209 
 41.   0.0910    3.8613   0.0236 
 42.  -0.5040    6.0909  -0.0827 
 43.   0.0720    4.2093   0.0171 
 44.  -0.2580   23.5622  -0.0109 
 45.  -0.5200  102.0584  -0.0051 
 46.  -4.6430  157.0662  -0.0296 
 47. -21.8840  420.2183  -0.0521 
 48.  -0.3304   11.9702  -0.0276 
 49.  -0.0367    2.2006  -0.0167 
 50.  -0.1444    8.9025  -0.0162 
 51. -16.6052  455.8720  -0.0364 
 52.   0.1328    6.7117   0.0198 
 53.   0.1798   15.1596   0.0119 
 54.  -0.0207    0.5317  -0.0389 

Good convergence is indicated by the t-ratios being close to zero.

Overall maximum convergence ratio =  0.3599 .



@2
Estimation Results.
-------------------

Regular end of estimation algorithm.
Total of 3108 iteration steps.


@3
Estimates and standard errors
                             
Network Dynamics
 1. rate:  constant dv.net rate (period 1)                         0.0486  (   0.0224)
 2. rate:  constant dv.net rate (period 2)                         0.1423  (   0.0348)
 3. rate:  constant dv.net rate (period 3)                         0.4356  (   0.0800)
 4. rate:  constant dv.net rate (period 4)                         0.3524  (   0.0525)
 5. rate:  constant dv.net rate (period 5)                         0.3245  (   0.0581)
 6. rate:  constant dv.net rate (period 6)                         0.3208  (   0.0584)
 7. rate:  constant dv.net rate (period 7)                         0.3965  (   0.0647)
 8. rate:  constant dv.net rate (period 8)                         0.3059  (   0.0551)
 9. rate:  constant dv.net rate (period 9)                         0.3237  (   0.0540)
10. rate:  constant dv.net rate (period 10)                        0.2758  (   0.0495)
11. rate:  constant dv.net rate (period 11)                        0.3213  (   0.0506)
12. rate:  constant dv.net rate (period 12)                        0.4425  (   0.0657)
13. rate:  constant dv.net rate (period 13)                        0.3483  (   0.0533)
14. rate:  constant dv.net rate (period 14)                        0.3206  (   0.0504)
15. rate:  constant dv.net rate (period 15)                        0.2872  (   0.0496)
16. rate:  constant dv.net rate (period 16)                        0.5093  (   0.0648)
17. eval:  degree (density)                                       -5.9069  (   0.2707)
18. eval:  transitive triads                                       0.2239  (   0.0667)
19. eval:  degree act+pop                                          0.0620  (   0.0057)
20. eval:  nets.lndistance_d                                      -0.9524  (   0.0811)
21. eval:  nets.ATOP_d                                             1.1555  (   0.1554)
22. eval:  nets.absidealdiff_d                                    -0.6526  (   0.0788)
23. eval:  nets.lntrade_d                                          0.0556  (   0.0345)
24. eval:  nets.NATO_d                                            -3.8451  (   0.4599)
25. eval:  milex.beh alter                                        -0.0521  (   0.0635)
26. eval:  beh.democracy_1 alter                                   1.8030  (   0.3153)
27. eval:  beh.lncinc_1 alter                                      0.8249  (   0.0796)
Behavior Dynamics

28. rate:  rate milex.beh (period 1)                               0.9355  (   0.1889)
29. rate:  rate milex.beh (period 2)                               1.3043  (   0.2650)
30. rate:  rate milex.beh (period 3)                               1.3522  (   0.2091)
31. rate:  rate milex.beh (period 4)                               1.1946  (   0.2030)
32. rate:  rate milex.beh (period 5)                               0.6933  (   0.1316)
33. rate:  rate milex.beh (period 6)                               0.5702  (   0.1117)
34. rate:  rate milex.beh (period 7)                               0.4788  (   0.0961)
35. rate:  rate milex.beh (period 8)                               0.5300  (   0.1114)
36. rate:  rate milex.beh (period 9)                               0.3769  (   0.0871)
37. rate:  rate milex.beh (period 10)                              1.7707  (   0.3407)
38. rate:  rate milex.beh (period 11)                              0.6003  (   0.1155)
39. rate:  rate milex.beh (period 12)                              1.3641  (   0.2490)
40. rate:  rate milex.beh (period 13)                              0.3304  (   0.0824)
41. rate:  rate milex.beh (period 14)                              0.3028  (   0.0818)
42. rate:  rate milex.beh (period 15)                              1.1057  (   0.2028)
43. rate:  rate milex.beh (period 16)                              0.4261  (   0.1076)
44. eval:  milex.beh linear shape                                 -1.2018  (   0.0804)
45. eval:  milex.beh quadratic shape                              -0.0366  (   0.0267)
46. eval:  milex.beh degree                                        0.0945  (   0.0280)
47. eval:  milex.beh dense triads                                 -0.0269  (   0.0101)
48. eval:  milex.beh: effect from beh.democracy_1                 -0.5141  (   0.1455)
49. eval:  milex.beh: effect from beh.GDPgrowth_1                 -2.6449  (   0.9424)
50. eval:  milex.beh: effect from beh.nato_1                       0.8961  (   0.1772)
51. eval:  milex.beh: effect from beh.allies_1                    -0.0113  (   0.0037)
52. eval:  milex.beh: effect from beh.military_1                   0.2503  (   0.2055)
53. eval:  milex.beh: effect from beh.lnmids_1                     0.2083  (   0.0937)
54. eval:  milex.beh: effect from beh.milexSpLag_1                 7.8159  (   2.9794)


@3
Covariance matrices
                   
Covariance matrix of estimates (correlations below diagonal):
     0.001      0.000      0.000      0.000      0.000      0.000      0.000      0.000      0.000      0.000      0.000      0.000      0.000      0.000      0.000      0.000      0.000      0.000      0.000      0.000      0.000      0.000      0.000      0.000      0.000      0.000      0.000      0.000      0.000      0.000      0.000      0.000      0.000      0.000      0.000      0.000      0.000      0.000      0.000      0.000      0.000      0.000      0.000      0.000      0.000      0.000      0.000      0.000     -0.001      0.000      0.000      0.000      0.000     -0.001
    -0.010      0.001      0.000      0.000      0.000      0.000      0.000      0.000      0.000      0.000      0.000      0.000      0.000      0.000      0.000      0.000      0.000      0.000      0.000      0.000      0.000      0.000      0.000      0.000      0.000      0.000      0.000      0.000      0.000      0.000      0.000      0.000      0.000      0.000      0.000      0.000      0.000      0.000      0.000      0.000      0.000      0.000      0.000      0.000      0.000      0.000      0.000      0.000     -0.003      0.000      0.000      0.000      0.000     -0.001
    -0.010     -0.016      0.006      0.000      0.000      0.000      0.000      0.000      0.000      0.000      0.000      0.000      0.000      0.000      0.000      0.000      0.000      0.000      0.000      0.000     -0.001      0.000      0.000      0.001      0.000     -0.003     -0.001      0.000     -0.001      0.001      0.000      0.000      0.000      0.000      0.000      0.000      0.001     -0.001      0.000      0.000      0.000      0.000     -0.001      0.000      0.000      0.000      0.000      0.000      0.001      0.001      0.000      0.000      0.000     -0.001
     0.033      0.014      0.006      0.003      0.000      0.000      0.000      0.000      0.000      0.000      0.000      0.000      0.000      0.000      0.000      0.000     -0.001      0.000      0.000      0.000      0.000      0.000      0.000      0.001      0.000      0.001      0.000      0.000      0.000      0.001      0.000      0.000      0.000      0.000      0.000      0.000      0.001      0.000      0.000      0.000      0.000      0.000      0.000      0.000      0.000      0.000      0.000      0.000     -0.001      0.000      0.000     -0.001      0.000     -0.005
    -0.008     -0.065     -0.002      0.012      0.003      0.000      0.000      0.000      0.000      0.000      0.000      0.000      0.000      0.000      0.000      0.000      0.000      0.000      0.000      0.001      0.000      0.000      0.000      0.001      0.000     -0.001     -0.001      0.000     -0.001      0.001      0.000      0.000      0.000      0.000      0.000      0.000      0.000      0.000      0.000      0.000      0.000      0.000      0.000      0.000      0.000      0.000      0.000      0.000     -0.001      0.001      0.000      0.000      0.000     -0.005
     0.042      0.030      0.016      0.038      0.048      0.003      0.000      0.000      0.000      0.000      0.000      0.000      0.000      0.000      0.000      0.000     -0.001      0.000      0.000      0.000      0.000      0.000      0.000      0.001      0.000      0.000      0.000      0.001      0.000      0.000      0.000      0.000      0.000      0.000      0.000      0.000     -0.001      0.000     -0.001      0.000      0.000      0.000      0.000      0.000      0.000      0.000      0.000      0.000      0.000      0.000      0.000      0.000      0.000      0.008
     0.042      0.044      0.071     -0.053      0.031      0.042      0.004      0.000      0.000      0.000      0.000      0.000      0.000      0.000      0.000      0.000      0.000      0.000      0.000      0.000      0.000      0.000      0.000      0.002      0.000     -0.001      0.000      0.000      0.001      0.000      0.000     -0.001      0.000     -0.001      0.000      0.000      0.001      0.000      0.000      0.000      0.000      0.000      0.000      0.000      0.000      0.000      0.000      0.000      0.002      0.000      0.000     -0.001      0.000     -0.011
     0.008     -0.035     -0.003      0.058      0.046      0.019      0.044      0.003      0.000      0.000      0.000      0.000      0.000      0.000      0.000      0.000     -0.001      0.000      0.000      0.000      0.000      0.000      0.000      0.000      0.000      0.000      0.000      0.000     -0.001      0.000      0.000      0.000      0.000      0.000      0.000      0.000      0.000      0.000      0.000      0.000      0.000     -0.001      0.000      0.000      0.000      0.000      0.000      0.000      0.000      0.000      0.000      0.000      0.000     -0.002
    -0.034      0.058     -0.038      0.090      0.008      0.011      0.006     -0.048      0.003      0.000      0.000      0.000      0.000      0.000      0.000      0.000      0.000      0.000      0.000      0.000      0.000      0.000      0.000      0.001      0.000     -0.001      0.000      0.000      0.000      0.000      0.000      0.000      0.000      0.000      0.000      0.000      0.000      0.000      0.000      0.000      0.000      0.000      0.000      0.000      0.000      0.000      0.000      0.000     -0.003      0.000      0.000      0.000      0.000     -0.003
    -0.038      0.002      0.077      0.075      0.025     -0.018      0.034     -0.032      0.009      0.002      0.000      0.000      0.000      0.000      0.000      0.000      0.000      0.000      0.000      0.000      0.000      0.000      0.000     -0.001      0.000      0.000      0.000      0.000      0.000      0.000      0.000      0.000      0.000      0.000      0.000      0.000      0.001      0.000      0.000      0.000      0.000      0.000      0.000      0.000      0.000      0.000      0.000      0.000     -0.002      0.000      0.000     -0.001      0.000      0.006
    -0.007     -0.001      0.007      0.040      0.036      0.037      0.017      0.034      0.008      0.040      0.003      0.000      0.000      0.000      0.000      0.000      0.000      0.000      0.000      0.000      0.000      0.000      0.000     -0.001      0.000      0.001      0.000      0.000      0.000     -0.001      0.000      0.000      0.000      0.000      0.000      0.000      0.000      0.000      0.000      0.000      0.000      0.001      0.000      0.000      0.000      0.000      0.000      0.000     -0.001      0.000      0.000      0.000      0.000      0.008
     0.012      0.059      0.011     -0.014     -0.063     -0.008      0.007     -0.022      0.020     -0.042      0.017      0.004      0.000      0.000      0.000      0.000      0.001      0.000      0.000      0.000      0.000      0.000      0.000      0.001      0.000     -0.001      0.000     -0.001      0.000      0.000      0.000      0.000      0.000      0.000      0.000      0.000      0.000      0.000     -0.001      0.000      0.000      0.001      0.000      0.000      0.000      0.000      0.000      0.000      0.001      0.000      0.000      0.000      0.000      0.000
    -0.014     -0.015     -0.001     -0.020      0.011     -0.023      0.015     -0.035      0.020      0.019     -0.009     -0.013      0.003      0.000      0.000      0.000      0.000      0.000      0.000      0.000      0.000      0.000      0.000      0.000      0.000      0.000      0.000      0.001     -0.001      0.000      0.000      0.000      0.000      0.000      0.000      0.000      0.000      0.000      0.000      0.000      0.000      0.000      0.000      0.000      0.000      0.000      0.000      0.000      0.001      0.000      0.000      0.000      0.000      0.000
    -0.043      0.003     -0.037      0.045      0.019      0.013      0.037     -0.064      0.036     -0.014      0.012      0.023     -0.042      0.003      0.000      0.000      0.000      0.000      0.000      0.000      0.000      0.000      0.000      0.000      0.000      0.000      0.000      0.000      0.000      0.000      0.000      0.000      0.000      0.000      0.000      0.000     -0.001      0.000      0.000      0.000      0.000      0.000      0.000      0.000      0.000      0.000      0.000      0.000     -0.001      0.000      0.000      0.000      0.000     -0.005
     0.057      0.012     -0.049      0.022      0.027     -0.012     -0.032      0.018     -0.034      0.069     -0.096      0.021      0.021      0.001      0.002      0.000      0.000      0.000      0.000      0.000      0.000      0.000      0.000      0.001      0.000      0.000      0.000      0.000      0.001      0.000      0.000      0.000      0.000      0.000      0.000      0.000      0.000      0.000      0.000      0.000      0.000     -0.001      0.000      0.000      0.000      0.000      0.000      0.000     -0.001      0.000      0.000      0.000      0.000      0.000
    -0.032      0.024     -0.008      0.058     -0.020      0.024      0.037      0.001      0.008      0.078     -0.065      0.023      0.046      0.018      0.021      0.004      0.001      0.000      0.000      0.000      0.000      0.000      0.000      0.001      0.000     -0.001      0.000      0.000      0.000      0.000      0.000      0.000      0.000      0.000      0.000      0.000      0.000      0.000      0.000      0.000      0.000      0.000      0.000      0.000      0.000      0.000      0.000      0.000     -0.001      0.000      0.000      0.000      0.000      0.001
    -0.082     -0.052     -0.021     -0.096     -0.016     -0.045     -0.008     -0.040      0.000      0.023     -0.005      0.037     -0.015      0.007      0.004      0.039      0.073     -0.007      0.000      0.010     -0.012      0.010      0.000      0.048      0.001     -0.043     -0.013      0.001     -0.002      0.001      0.002     -0.002      0.001     -0.001     -0.001      0.001     -0.005      0.000     -0.005      0.001     -0.001      0.002     -0.001      0.000      0.000      0.000      0.000      0.000     -0.005     -0.004      0.000     -0.001      0.001      0.015
     0.015      0.007      0.029     -0.003     -0.039     -0.004     -0.052      0.021      0.012      0.003      0.062      0.016      0.033      0.014     -0.023      0.037     -0.361      0.004      0.000     -0.001      0.000     -0.001      0.000     -0.016      0.001      0.008      0.002      0.000      0.001     -0.001     -0.001      0.000      0.000      0.000      0.000      0.000      0.002      0.000      0.001      0.000      0.000      0.000      0.000      0.000      0.000      0.000      0.000      0.000      0.003      0.000      0.000      0.001      0.000      0.010
     0.021      0.083      0.129      0.091      0.109      0.046      0.075      0.007      0.042     -0.023     -0.015     -0.043     -0.044     -0.019     -0.013     -0.044     -0.208     -0.477      0.000      0.000      0.000      0.000      0.000      0.000      0.000      0.000      0.000      0.000      0.000      0.000      0.000      0.000      0.000      0.000      0.000      0.000      0.000      0.000      0.000      0.000      0.000      0.000      0.000      0.000      0.000      0.000      0.000      0.000      0.000      0.000      0.000      0.000      0.000     -0.001
     0.012     -0.019      0.061      0.054      0.132      0.015      0.045      0.002      0.071      0.037      0.029      0.042     -0.004     -0.040     -0.013      0.030      0.459     -0.200      0.113      0.007      0.001      0.001      0.001      0.008      0.000     -0.009     -0.004      0.001     -0.002      0.001      0.001     -0.001      0.000      0.000      0.000      0.000     -0.001      0.000     -0.001      0.000      0.000      0.000      0.000      0.000      0.000      0.000      0.000      0.000     -0.003      0.000      0.000      0.000      0.000     -0.003
     0.016      0.023     -0.106      0.004     -0.046     -0.043     -0.020     -0.005     -0.055     -0.021     -0.021     -0.028     -0.031     -0.020     -0.017     -0.041     -0.285      0.014     -0.004      0.080      0.024      0.000     -0.001     -0.013     -0.001      0.016      0.003      0.000      0.001     -0.001      0.001      0.000      0.000      0.001      0.000      0.000     -0.003      0.000      0.003      0.000      0.000     -0.002      0.001     -0.001      0.000      0.000      0.000      0.000      0.003      0.001      0.000      0.000      0.000     -0.008
    -0.041      0.004      0.033      0.025     -0.008     -0.010      0.036      0.063     -0.004      0.057     -0.028      0.029      0.038      0.021      0.051     -0.002      0.483     -0.254      0.029      0.183     -0.019      0.006      0.000      0.011     -0.002     -0.011     -0.002      0.000      0.000      0.001      0.001      0.000      0.000      0.000      0.000      0.000     -0.003      0.000     -0.001      0.000      0.000      0.000     -0.001      0.000      0.000      0.000      0.000      0.000     -0.003     -0.001      0.000     -0.001      0.000     -0.017
     0.047     -0.025      0.107      0.091      0.134      0.110      0.042      0.034      0.035      0.009      0.070      0.039     -0.002     -0.041     -0.040      0.015      0.046     -0.084      0.208      0.450     -0.256     -0.068      0.001     -0.001      0.000     -0.002     -0.002      0.000     -0.001      0.001      0.000      0.000      0.000      0.000      0.000      0.000      0.000      0.000      0.000      0.000      0.000      0.000      0.000      0.000      0.000      0.000      0.000      0.000     -0.001      0.000      0.000      0.000      0.000      0.000
    -0.036      0.030      0.025      0.028      0.051      0.024      0.071      0.006      0.025     -0.040     -0.051      0.032      0.001      0.017      0.032      0.026      0.385     -0.509      0.086      0.212     -0.188      0.298     -0.050      0.211     -0.004     -0.060     -0.008     -0.002     -0.005      0.002      0.003     -0.004     -0.002     -0.001     -0.001      0.001     -0.005     -0.001     -0.008      0.001      0.001      0.000     -0.002      0.002      0.000     -0.001      0.000     -0.003     -0.008      0.000      0.000     -0.003      0.002     -0.098
     0.027      0.002     -0.003      0.000     -0.050      0.024     -0.056     -0.088     -0.006     -0.009      0.063      0.007      0.022     -0.023      0.009      0.042      0.069      0.159     -0.250     -0.073     -0.142     -0.326      0.075     -0.125      0.004      0.006     -0.001      0.001      0.001      0.000      0.000      0.000      0.000      0.000      0.000      0.000      0.002      0.000      0.001      0.000      0.000      0.001      0.000      0.000      0.000      0.000      0.000      0.000      0.001      0.000      0.000      0.000      0.000      0.009
     0.062     -0.014     -0.114      0.031     -0.062     -0.014     -0.064     -0.026     -0.077     -0.005      0.053     -0.069      0.012     -0.014     -0.017     -0.028     -0.508      0.370     -0.276     -0.336      0.335     -0.444     -0.167     -0.412      0.277      0.099      0.008      0.000      0.003     -0.003     -0.003      0.003      0.001      0.001      0.000     -0.002      0.001      0.001      0.009      0.000      0.003     -0.002      0.002     -0.001      0.000      0.000      0.000     -0.003      0.004      0.003      0.000      0.000     -0.001      0.021
     0.032     -0.018     -0.121     -0.081     -0.115     -0.079     -0.064     -0.023     -0.053     -0.053     -0.076     -0.025      0.016      0.008     -0.007     -0.058     -0.603      0.313     -0.251     -0.603      0.260     -0.351     -0.573     -0.218     -0.163      0.326      0.006     -0.001      0.001     -0.001      0.000      0.000      0.000      0.000      0.000      0.000      0.000      0.000      0.000      0.000      0.000     -0.001      0.000      0.000      0.000      0.000      0.000      0.000      0.002      0.001      0.000      0.001      0.000      0.005
     0.083     -0.031     -0.019      0.007     -0.027      0.056     -0.033      0.029     -0.032      0.020      0.003     -0.041      0.050     -0.009      0.028     -0.004      0.028      0.014     -0.009      0.077      0.015     -0.017      0.047     -0.028      0.057     -0.001     -0.053      0.036      0.001      0.002      0.001      0.001     -0.001      0.000      0.000      0.000      0.003     -0.001      0.002     -0.001      0.000      0.000      0.000      0.000      0.000      0.000      0.000      0.001     -0.001      0.000      0.000      0.000      0.000      0.027
    -0.002      0.035     -0.050     -0.021     -0.079      0.011      0.032     -0.046     -0.021     -0.006     -0.005     -0.007     -0.048      0.020      0.039      0.026     -0.022      0.036     -0.036     -0.084      0.021     -0.004     -0.072     -0.040      0.052      0.035      0.036      0.015      0.070     -0.001      0.000      0.000      0.002      0.001      0.000      0.000      0.002      0.001      0.002      0.000      0.000      0.000      0.001      0.000      0.001      0.000      0.000     -0.001      0.004      0.001      0.000      0.002     -0.002     -0.026
    -0.003      0.012      0.050      0.050      0.046      0.018      0.027     -0.026     -0.028      0.025     -0.051      0.034     -0.015      0.006     -0.010     -0.007      0.011     -0.045      0.038      0.043     -0.033      0.054      0.122      0.019     -0.009     -0.044     -0.082      0.052     -0.021      0.044      0.001      0.001      0.000     -0.001      0.000     -0.001      0.004      0.001     -0.003      0.000      0.000     -0.001      0.000      0.001      0.000     -0.001      0.000      0.001      0.010     -0.002      0.000     -0.002      0.000      0.039
    -0.005     -0.021      0.031     -0.045     -0.024     -0.019      0.013      0.038      0.022      0.029      0.008     -0.002      0.021      0.010      0.047      0.030      0.039     -0.041      0.028      0.036      0.029      0.039     -0.018      0.035      0.013     -0.044     -0.022      0.017     -0.001      0.034      0.041     -0.001      0.001     -0.001     -0.001      0.001      0.002      0.000     -0.002      0.000      0.000     -0.001      0.000      0.000      0.001      0.000      0.000      0.001      0.013     -0.001      0.000     -0.003      0.000      0.021
     0.037     -0.001     -0.012     -0.036     -0.042     -0.021     -0.070      0.000     -0.026     -0.026     -0.016      0.043      0.002      0.053     -0.042      0.000     -0.045      0.026     -0.010     -0.061      0.012     -0.044      0.003     -0.065      0.028      0.067      0.023      0.022      0.005      0.053     -0.034      0.017      0.000      0.000      0.000      0.000     -0.002      0.000      0.000      0.000      0.001      0.001      0.000      0.000      0.000      0.000      0.000     -0.001      0.013      0.000      0.000      0.001      0.000      0.003
     0.018     -0.014     -0.021      0.053      0.007      0.026      0.014     -0.008     -0.015     -0.004     -0.036      0.022     -0.050      0.052      0.037      0.005      0.021     -0.003      0.012      0.030      0.021      0.010      0.023     -0.032      0.003      0.036     -0.045     -0.036      0.055     -0.008      0.066      0.032      0.012      0.000      0.000      0.000     -0.001      0.000      0.001      0.000      0.000      0.000      0.001      0.000      0.000      0.000      0.000      0.000      0.003      0.001      0.000      0.001      0.000     -0.006
     0.048     -0.033      0.003     -0.023      0.013     -0.028     -0.081     -0.023      0.010     -0.003      0.036     -0.018      0.022     -0.023     -0.031      0.006     -0.044      0.002     -0.006     -0.052      0.035     -0.040      0.014     -0.030      0.035      0.034      0.025     -0.005      0.031     -0.038     -0.041      0.016     -0.007      0.009      0.000      0.000     -0.001      0.001     -0.002      0.000      0.000      0.001      0.000      0.000      0.000      0.000      0.000      0.001      0.004      0.000      0.000      0.001      0.000     -0.017
    -0.032     -0.005      0.017      0.001      0.061      0.023      0.000     -0.078     -0.004      0.003      0.006      0.000     -0.015      0.084     -0.034      0.015     -0.037      0.063      0.005     -0.011      0.016     -0.043     -0.014     -0.015      0.026     -0.006      0.027      0.010      0.007     -0.007     -0.035      0.011      0.001     -0.007      0.012      0.000     -0.001      0.000      0.001      0.000      0.000      0.000      0.000      0.000      0.000      0.000      0.000     -0.001      0.001      0.001      0.000     -0.001      0.000      0.003
     0.033     -0.016     -0.034      0.006      0.057     -0.016      0.038      0.025      0.053      0.033     -0.037     -0.007     -0.019     -0.025      0.022     -0.052      0.055     -0.026     -0.006      0.025     -0.005      0.029     -0.007      0.037     -0.033     -0.076     -0.012      0.026      0.005     -0.035      0.084      0.033     -0.023      0.043     -0.014      0.008      0.000      0.000      0.000      0.000      0.000      0.001      0.000      0.000      0.000      0.000      0.000      0.000      0.004      0.000      0.000      0.000      0.000     -0.006
    -0.035      0.011      0.052      0.035      0.014     -0.038      0.041     -0.012     -0.012      0.059     -0.008     -0.018      0.016     -0.066     -0.020     -0.015     -0.059      0.070      0.012     -0.027     -0.055     -0.099      0.038     -0.030      0.079      0.013      0.014      0.040      0.021      0.052      0.033     -0.034     -0.028     -0.016     -0.037      0.000      0.116      0.000      0.000     -0.001      0.000      0.002      0.001      0.001      0.000      0.000      0.000      0.004      0.024     -0.002      0.000     -0.004     -0.004      0.085
    -0.006      0.040     -0.054     -0.021      0.013      0.040      0.001     -0.016      0.017     -0.003     -0.024     -0.010     -0.050      0.036     -0.015     -0.042      0.004      0.015     -0.019      0.009      0.014     -0.002      0.000     -0.013     -0.029      0.014      0.021     -0.026      0.037      0.055      0.018     -0.027      0.029      0.046      0.021      0.001     -0.010      0.013      0.001      0.000      0.000     -0.001      0.000      0.000      0.000      0.000      0.000     -0.001      0.004      0.000      0.000      0.001      0.000     -0.007
     0.043      0.038      0.015      0.031      0.000     -0.046      0.029      0.016     -0.003      0.001      0.007     -0.039     -0.007      0.005     -0.016     -0.012     -0.072      0.072      0.007     -0.032      0.081     -0.042     -0.032     -0.069      0.051      0.115      0.021      0.047      0.038     -0.050     -0.043     -0.013      0.030     -0.063      0.050     -0.013     -0.005      0.032      0.062      0.000      0.001     -0.001     -0.001     -0.001      0.000      0.000      0.000     -0.003      0.001      0.002      0.000      0.000      0.000      0.000
     0.020     -0.002      0.007      0.009      0.015     -0.002     -0.029      0.007      0.025      0.027     -0.023      0.009     -0.007      0.020      0.035      0.006      0.059     -0.018     -0.059      0.051     -0.010      0.002     -0.010      0.021      0.041      0.012     -0.052     -0.040      0.006      0.013     -0.003     -0.012     -0.021      0.002      0.051     -0.032     -0.030     -0.018      0.021      0.007      0.000      0.000      0.000      0.000      0.000      0.000      0.000     -0.001      0.001      0.001      0.000      0.000      0.000     -0.002
     0.000     -0.005     -0.049      0.018      0.016      0.022     -0.011     -0.025     -0.083     -0.005      0.000      0.002     -0.014      0.068     -0.003      0.020     -0.030      0.012     -0.018     -0.054      0.018     -0.040     -0.035      0.014      0.024      0.101      0.003     -0.015      0.002     -0.025      0.011      0.048      0.002      0.038     -0.013     -0.044      0.011      0.050      0.028     -0.030      0.007     -0.001      0.000      0.000      0.000      0.000      0.000     -0.001     -0.001      0.000      0.000      0.000      0.000     -0.019
     0.035     -0.061      0.012     -0.005     -0.016     -0.006      0.026     -0.047      0.026      0.001      0.094      0.055     -0.020      0.041     -0.062      0.002      0.034     -0.027     -0.008     -0.005     -0.052      0.006      0.048     -0.004      0.043     -0.033     -0.039     -0.002     -0.007     -0.021     -0.028      0.026     -0.013      0.026      0.000      0.034      0.023     -0.030     -0.022      0.003     -0.052      0.041      0.000      0.000      0.000      0.000      0.000     -0.001      0.008     -0.001      0.000      0.000      0.000      0.004
    -0.013     -0.008     -0.066      0.053     -0.061     -0.033     -0.003     -0.012      0.041      0.073     -0.025     -0.014      0.063     -0.017     -0.046      0.017     -0.036     -0.062      0.007      0.024      0.061     -0.063      0.003     -0.043     -0.005      0.049      0.035      0.009      0.031      0.020     -0.005     -0.014      0.056     -0.024      0.009     -0.010      0.021     -0.014     -0.021     -0.036     -0.015      0.006      0.012     -0.001      0.000      0.000      0.000      0.000     -0.005      0.001      0.000      0.000      0.000      0.010
     0.001     -0.042      0.011      0.025      0.022     -0.015      0.007      0.026      0.046     -0.072      0.038      0.008      0.034      0.010      0.001      0.008     -0.006     -0.028      0.034     -0.012     -0.045      0.060      0.050      0.055     -0.041     -0.031     -0.023     -0.006      0.006      0.070     -0.017     -0.025     -0.045      0.003     -0.045     -0.032      0.031     -0.011     -0.036     -0.038     -0.003     -0.016     -0.134      0.006      0.000     -0.001      0.000      0.003      0.014     -0.003      0.000     -0.002      0.001     -0.023
     0.056      0.017      0.053     -0.023      0.038     -0.024      0.065      0.012     -0.026      0.013     -0.075      0.034     -0.011     -0.019     -0.014     -0.001     -0.040     -0.046      0.063      0.026      0.058     -0.044      0.014     -0.035      0.013     -0.015      0.000      0.095      0.074      0.064      0.167      0.116      0.044      0.094     -0.040      0.014      0.046     -0.032      0.038     -0.047      0.034      0.065      0.055     -0.059      0.001      0.000      0.000      0.001      0.006      0.000      0.000      0.000     -0.001     -0.025
     0.005     -0.001     -0.028     -0.029     -0.066     -0.002      0.056     -0.026     -0.009      0.074     -0.020     -0.035     -0.055     -0.026     -0.022     -0.013      0.027      0.034     -0.011      0.015     -0.008     -0.023     -0.055     -0.054      0.024      0.036     -0.008     -0.053      0.000     -0.103     -0.035     -0.034      0.004     -0.027      0.045     -0.024      0.000      0.033      0.056      0.029      0.027     -0.009      0.050     -0.555     -0.194      0.001      0.000     -0.001     -0.003      0.000      0.000      0.000     -0.001      0.009
     0.006      0.016      0.021      0.005      0.056      0.007     -0.065      0.031      0.015     -0.061      0.006      0.041      0.065      0.037      0.024      0.003     -0.041     -0.005     -0.017     -0.025      0.025      0.013      0.045      0.043     -0.017     -0.017      0.023      0.058      0.000      0.091      0.016      0.034     -0.020      0.021     -0.042      0.031     -0.059     -0.040     -0.028     -0.011     -0.029      0.028     -0.037      0.389      0.157     -0.915      0.000      0.000      0.001      0.000      0.000      0.000      0.000     -0.002
    -0.007     -0.026     -0.007     -0.044     -0.027      0.006      0.004      0.024      0.046     -0.030      0.012      0.021     -0.005      0.005      0.045      0.027      0.013     -0.025     -0.015     -0.004      0.009     -0.021     -0.008     -0.050     -0.002     -0.056      0.016      0.027     -0.027      0.047      0.037     -0.031      0.012      0.045     -0.055     -0.006      0.083     -0.056     -0.083     -0.077     -0.053     -0.021     -0.007      0.229      0.189     -0.224      0.178      0.021      0.004     -0.011      0.000      0.006      0.000      0.031
    -0.031     -0.077      0.020     -0.023     -0.015     -0.009      0.035     -0.010     -0.053     -0.047     -0.019      0.018      0.011     -0.025     -0.016     -0.010     -0.018      0.041     -0.019     -0.036      0.022     -0.039     -0.030     -0.018      0.025      0.014      0.029     -0.005      0.014      0.049      0.069      0.104      0.024      0.048      0.005      0.047      0.074      0.035      0.006      0.009     -0.008      0.040     -0.053      0.190      0.239     -0.099      0.060      0.031      0.888      0.001      0.000     -0.022     -0.003     -0.416
    -0.004      0.025      0.050      0.028      0.053     -0.021     -0.022      0.014     -0.039     -0.024     -0.001     -0.019     -0.001      0.019     -0.033      0.002     -0.075      0.042      0.004     -0.032      0.045     -0.068     -0.023      0.005     -0.039      0.051      0.084     -0.014      0.013     -0.052     -0.031      0.008      0.050     -0.012      0.072     -0.029     -0.038     -0.013      0.035      0.055     -0.016     -0.030      0.055     -0.206     -0.071     -0.019     -0.028     -0.443      0.006      0.031      0.000     -0.001     -0.002     -0.007
     0.033      0.008     -0.041     -0.010      0.044      0.044     -0.008     -0.026      0.022     -0.037      0.065      0.017      0.025     -0.021     -0.042     -0.021      0.041     -0.004      0.011      0.059     -0.035      0.033      0.091      0.019      0.035     -0.038     -0.080      0.011      0.010      0.118      0.045      0.011     -0.067     -0.052     -0.070      0.001      0.051      0.049     -0.067     -0.078     -0.014      0.044     -0.095      0.408      0.096     -0.366      0.209      0.039      0.064     -0.363      0.000      0.000      0.000      0.000
    -0.012     -0.018     -0.023     -0.066     -0.006      0.024     -0.046      0.007      0.011     -0.061      0.027     -0.023     -0.039      0.039      0.039      0.013     -0.018      0.050     -0.043     -0.022     -0.005     -0.059     -0.036     -0.030      0.001      0.005      0.047     -0.008      0.029     -0.036     -0.062      0.025      0.025      0.040     -0.037     -0.007     -0.057      0.029     -0.009      0.015      0.001     -0.011     -0.006     -0.109     -0.075      0.014      0.027      0.213     -0.115     -0.024      0.004      0.042      0.000      0.047
    -0.059     -0.020     -0.030      0.006      0.021      0.030     -0.043     -0.017     -0.069     -0.029     -0.028     -0.059      0.012      0.027      0.011      0.016      0.038      0.000     -0.034     -0.023     -0.006      0.055     -0.014      0.053     -0.061     -0.034      0.011      0.006     -0.077     -0.004      0.020      0.000      0.007      0.014      0.033      0.022     -0.127     -0.007     -0.001     -0.009     -0.002     -0.022     -0.019      0.086     -0.218     -0.273      0.245      0.033     -0.035     -0.109     -0.001     -0.024      0.009     -0.034
    -0.013     -0.007     -0.005     -0.034     -0.029      0.044     -0.057     -0.012     -0.017      0.042      0.051      0.002     -0.001     -0.036      0.000      0.004      0.018      0.050     -0.050     -0.014     -0.016     -0.071      0.002     -0.071      0.050      0.022      0.020      0.049     -0.033      0.063      0.035      0.008     -0.018     -0.061      0.009     -0.024      0.084     -0.021     -0.001     -0.008     -0.079      0.007      0.032     -0.095     -0.311      0.105     -0.082      0.072     -0.148     -0.013      0.021      0.077     -0.122      8.877

Derivative matrix of expected statistics X by parameters and
covariance/correlation matrix of X can be found using
summary(ans) within R, or by using the 'verbose' option in Siena07.
 
Total computation time 1119.74 seconds.
