

-----------------------------------
New Analysis started.
Date and time: 20/09/2026 15:57:48
New results follow.
-----------------------------------

RSiena version 1.3.10 (28 Apr 22)


@1
Estimation by stochastic approximation algorithm.
=================================================

Current random number seed is 12345.
Effects object used: effs 
Model Type:
 Initiative model
Behavioral Model Type:
 Standard behavior actor-oriented model ('restrict')
Estimation method: unconditional moment estimation
.

Time duration for simulations in each period is 1.0.
Changing composition.
Joiners/leavers option: 1
Standard errors are estimated with the likelihood ratio method.
Dolby method (regression on scores) is used.
Initial value of gain parameter is  0.2000000.
Reduction factor for gain parameter is  0.5000000.
Number of subphases in Phase 2 is 3.

Initial parameter values are 
  1. rate:  constant dv.net rate (period 1)                 0.1737
  2. rate:  constant dv.net rate (period 2)                 0.4673
  3. rate:  constant dv.net rate (period 3)                 0.8177
  4. rate:  constant dv.net rate (period 4)                 1.1922
  5. rate:  constant dv.net rate (period 5)                 0.9644
  6. rate:  constant dv.net rate (period 6)                 0.9644
  7. rate:  constant dv.net rate (period 7)                 1.1922
  8. rate:  constant dv.net rate (period 8)                 0.9897
  9. rate:  constant dv.net rate (period 9)                 1.0657
 10. rate:  constant dv.net rate (period 10)                0.9138
 11. rate:  constant dv.net rate (period 11)                1.0657
 12. rate:  constant dv.net rate (period 12)                1.4453
 13. rate:  constant dv.net rate (period 13)                1.1922
 14. rate:  constant dv.net rate (period 14)                1.1163
 15. rate:  constant dv.net rate (period 15)                1.0150
 16. eval:  degree (density)                               -0.2535
 17. eval:  transitive triads                               0.0000
 18. eval:  degree act+pop                                  0.0000
 19. eval:  nets.lndistance_d                               0.0000
 20. eval:  nets.ATOP_d                                     0.0000
 21. eval:  nets.absidealdiff_d                             0.0000
 22. eval:  nets.lntrade_d                                  0.0000
 23. eval:  nets.NATO_d                                     0.0000
 24. eval:  milex.beh alter                                 0.0000
 25. eval:  beh.democracy_1 alter                           0.0000
 26. eval:  beh.lncinc_1 alter                              0.0000
 27. rate:  rate milex.beh (period 1)                       0.7680
 28. rate:  rate milex.beh (period 2)                       0.9106
 29. rate:  rate milex.beh (period 3)                       1.2728
 30. rate:  rate milex.beh (period 4)                       0.8873
 31. rate:  rate milex.beh (period 5)                       0.3413
 32. rate:  rate milex.beh (period 6)                       0.5489
 33. rate:  rate milex.beh (period 7)                       0.3224
 34. rate:  rate milex.beh (period 8)                       0.3545
 35. rate:  rate milex.beh (period 9)                       0.2491
 36. rate:  rate milex.beh (period 10)                      0.9035
 37. rate:  rate milex.beh (period 11)                      0.3190
 38. rate:  rate milex.beh (period 12)                      0.9347
 39. rate:  rate milex.beh (period 13)                      0.2118
 40. rate:  rate milex.beh (period 14)                      0.2056
 41. rate:  rate milex.beh (period 15)                      0.6321
 42. eval:  milex.beh linear shape                         -0.0980
 43. eval:  milex.beh quadratic shape                       0.0000
 44. eval:  milex.beh degree                                0.0000
 45. eval:  milex.beh dense triads                          0.0000
 46. eval:  milex.beh: effect from beh.democracy_1          0.0000
 47. eval:  milex.beh: effect from beh.GDPgrowth_1          0.0000
 48. eval:  milex.beh: effect from beh.nato_1               0.0000
 49. eval:  milex.beh: effect from beh.allies_1             0.0000
 50. eval:  milex.beh: effect from beh.military_1           0.0000
 51. eval:  milex.beh: effect from beh.lnmids_1             0.0000
 52. eval:  milex.beh: effect from beh.milexSpLag_1         0.0000


Observed values of target statistics are
  1. Amount of network change in period 1                                10.0000
  2. Amount of network change in period 2                                34.0000
  3. Amount of network change in period 3                                86.0000
  4. Amount of network change in period 4                                94.0000
  5. Amount of network change in period 5                                76.0000
  6. Amount of network change in period 6                                76.0000
  7. Amount of network change in period 7                                94.0000
  8. Amount of network change in period 8                                78.0000
  9. Amount of network change in period 9                                84.0000
 10. Amount of network change in period 10                               72.0000
 11. Amount of network change in period 11                               84.0000
 12. Amount of network change in period 12                              114.0000
 13. Amount of network change in period 13                               94.0000
 14. Amount of network change in period 14                               88.0000
 15. Amount of network change in period 15                               80.0000
 16. Number of edges                                                   3807.0000
 17. Number of transitive triads                                       5072.0000
 18. Sum of squared degrees                                            226964.0000
 19. Sum of ties x nets.lndistance_d                                   -8010.2838
 20. Sum of ties x nets.ATOP_d                                         4481.4695
 21. Sum of ties x nets.absidealdiff_d                                 -2131.1065
 22. Sum of ties x nets.lntrade_d                                      27161.2288
 23. Sum of ties x nets.NATO_d                                          722.5164
 24. Sum of degrees x milex.beh                                         140.6170
 25. Sum of degrees x beh.democracy_1                                  2231.9215
 26. Sum of degrees x beh.lncinc_1                                     9867.9263
 27. Amount of behavioral change in period 1 on milex.beh                41.0000
 28. Amount of behavioral change in period 2 on milex.beh                50.0000
 29. Amount of behavioral change in period 3 on milex.beh                57.0000
 30. Amount of behavioral change in period 4 on milex.beh                52.0000
 31. Amount of behavioral change in period 5 on milex.beh                37.0000
 32. Amount of behavioral change in period 6 on milex.beh                32.0000
 33. Amount of behavioral change in period 7 on milex.beh                28.0000
 34. Amount of behavioral change in period 8 on milex.beh                31.0000
 35. Amount of behavioral change in period 9 on milex.beh                24.0000
 36. Amount of behavioral change in period 10 on milex.beh               71.0000
 37. Amount of behavioral change in period 11 on milex.beh               34.0000
 38. Amount of behavioral change in period 12 on milex.beh               55.0000
 39. Amount of behavioral change in period 13 on milex.beh               18.0000
 40. Amount of behavioral change in period 14 on milex.beh               17.0000
 41. Amount of behavioral change in period 15 on milex.beh               48.0000
 42. milex.beh centered sum                                             -61.3312
 43. milex.beh sum of cent. squares                                    5434.8003
 44. milex.beh outdegrees                                              -248.5092
 45. milex.beh dense triads                                            -2289.8418
 46. milex.beh x beh.democracy_1                                       -368.4695
 47. milex.beh x beh.GDPgrowth_1                                          1.9322
 48. milex.beh x beh.nato_1                                              32.8368
 49. milex.beh x beh.allies_1                                          -2822.0961
 50. milex.beh x beh.military_1                                         116.6277
 51. milex.beh x beh.lnmids_1                                           538.3189
 52. milex.beh x beh.milexSpLag_1                                        22.7209

 52 parameters, 52 statistics

Estimation of derivatives by the LR method (type 1).


@2
End of stochastic approximation algorithm, phase 3.
---------------------------------------------------

Total of 3220 iterations.
Parameter estimates based on 2220 iterations,
convergence diagnostics, covariance and derivative matrices based on 1000 iterations.

Information for convergence diagnosis.
Averages, standard deviations, and t-ratios for deviations from targets:
  1.  -1.0420    4.0357  -0.2582 
  2.   0.0680    8.2602   0.0082 
  3.   0.8100   12.6448   0.0641 
  4.  -0.3680   14.2676  -0.0258 
  5.   0.8100   11.8044   0.0686 
  6.   1.9760   11.7923   0.1676 
  7.   2.0920   13.8359   0.1512 
  8.   0.8080   12.0258   0.0672 
  9.   0.1000   12.4750   0.0080 
 10.  -0.3960   11.2560  -0.0352 
 11.  -2.7280   12.8513  -0.2123 
 12.  -1.4040   14.8024  -0.0948 
 13.   2.2800   13.4351   0.1697 
 14.   1.4320   13.2794   0.1078 
 15.   0.6920   12.2934   0.0563 
 16.   2.1630   23.7857   0.0909 
 17.   2.5040   80.7148   0.0310 
 18. 145.2080 2396.7267   0.0606 
 19.  -1.4411   64.0040  -0.0225 
 20.   2.0917   30.3100   0.0690 
 21.   1.0535   41.5024   0.0254 
 22.   5.9550  178.7546   0.0333 
 23.  -0.1317    8.7334  -0.0151 
 24.  -1.0764   51.5365  -0.0209 
 25.  -0.3008   17.4652  -0.0172 
 26.   1.7040   78.9605   0.0216 
 27.  -0.5340    5.5188  -0.0968 
 28.   0.0440    5.8322   0.0075 
 29.  -0.0540    6.7131  -0.0080 
 30.   0.0950    6.4296   0.0148 
 31.   0.1410    5.6516   0.0249 
 32.   0.1380    5.2643   0.0262 
 33.  -0.0230    4.8504  -0.0047 
 34.   0.0970    4.9902   0.0194 
 35.  -0.0600    4.4608  -0.0135 
 36.  -0.2130    6.9989  -0.0304 
 37.  -0.1640    5.2219  -0.0314 
 38.   0.6940    6.2433   0.1112 
 39.  -0.1720    3.9860  -0.0432 
 40.  -0.2560    3.7326  -0.0686 
 41.  -0.3270    6.1618  -0.0531 
 42.   0.5700   22.8802   0.0249 
 43.   5.4887   92.6968   0.0592 
 44.   0.7140  165.0817   0.0043 
 45.   5.9440  430.5815   0.0138 
 46.  -0.0432   11.7315  -0.0037 
 47.  -0.0488    2.1710  -0.0225 
 48.  -0.1645    8.6971  -0.0189 
 49.  -5.7268  450.1035  -0.0127 
 50.   0.0132    6.5930   0.0020 
 51.  -0.4033   15.3777  -0.0262 
 52.   0.0059    0.5157   0.0115 

Good convergence is indicated by the t-ratios being close to zero.

Overall maximum convergence ratio =  0.5611 .



@2
Estimation Results.
-------------------

Regular end of estimation algorithm.
Total of 3220 iteration steps.


@3
Estimates and standard errors
                             
Network Dynamics
 1. rate:  constant dv.net rate (period 1)                         0.0452  (   0.0231)
 2. rate:  constant dv.net rate (period 2)                         0.1485  (   0.0374)
 3. rate:  constant dv.net rate (period 3)                         0.4543  (   0.0881)
 4. rate:  constant dv.net rate (period 4)                         0.3588  (   0.0513)
 5. rate:  constant dv.net rate (period 5)                         0.3332  (   0.0605)
 6. rate:  constant dv.net rate (period 6)                         0.3309  (   0.0587)
 7. rate:  constant dv.net rate (period 7)                         0.4084  (   0.0640)
 8. rate:  constant dv.net rate (period 8)                         0.3125  (   0.0566)
 9. rate:  constant dv.net rate (period 9)                         0.3274  (   0.0557)
10. rate:  constant dv.net rate (period 10)                        0.2751  (   0.0502)
11. rate:  constant dv.net rate (period 11)                        0.3109  (   0.0509)
12. rate:  constant dv.net rate (period 12)                        0.4360  (   0.0631)
13. rate:  constant dv.net rate (period 13)                        0.3585  (   0.0537)
14. rate:  constant dv.net rate (period 14)                        0.3245  (   0.0502)
15. rate:  constant dv.net rate (period 15)                        0.2876  (   0.0477)
16. eval:  degree (density)                                       -6.0833  (   0.2780)
17. eval:  transitive triads                                       0.2379  (   0.0830)
18. eval:  degree act+pop                                          0.0687  (   0.0069)
19. eval:  nets.lndistance_d                                      -1.0100  (   0.0846)
20. eval:  nets.ATOP_d                                             1.1686  (   0.1660)
21. eval:  nets.absidealdiff_d                                    -0.6621  (   0.0865)
22. eval:  nets.lntrade_d                                          0.0572  (   0.0353)
23. eval:  nets.NATO_d                                            -3.5440  (   0.4713)
24. eval:  milex.beh alter                                        -0.0643  (   0.0616)
25. eval:  beh.democracy_1 alter                                   1.6310  (   0.3199)
26. eval:  beh.lncinc_1 alter                                      0.8335  (   0.0783)
Behavior Dynamics

27. rate:  rate milex.beh (period 1)                               0.9320  (   0.1931)
28. rate:  rate milex.beh (period 2)                               1.3108  (   0.2413)
29. rate:  rate milex.beh (period 3)                               1.3602  (   0.2440)
30. rate:  rate milex.beh (period 4)                               1.1972  (   0.2403)
31. rate:  rate milex.beh (period 5)                               0.7036  (   0.1478)
32. rate:  rate milex.beh (period 6)                               0.5737  (   0.1133)
33. rate:  rate milex.beh (period 7)                               0.4796  (   0.1070)
34. rate:  rate milex.beh (period 8)                               0.5321  (   0.1076)
35. rate:  rate milex.beh (period 9)                               0.3820  (   0.0818)
36. rate:  rate milex.beh (period 10)                              1.7891  (   0.3300)
37. rate:  rate milex.beh (period 11)                              0.5962  (   0.1171)
38. rate:  rate milex.beh (period 12)                              1.3782  (   0.2564)
39. rate:  rate milex.beh (period 13)                              0.3292  (   0.0802)
40. rate:  rate milex.beh (period 14)                              0.3028  (   0.0826)
41. rate:  rate milex.beh (period 15)                              1.1102  (   0.1863)
42. eval:  milex.beh linear shape                                 -1.1818  (   0.0815)
43. eval:  milex.beh quadratic shape                              -0.0286  (   0.0247)
44. eval:  milex.beh degree                                        0.0931  (   0.0278)
45. eval:  milex.beh dense triads                                 -0.0279  (   0.0102)
46. eval:  milex.beh: effect from beh.democracy_1                 -0.4989  (   0.1434)
47. eval:  milex.beh: effect from beh.GDPgrowth_1                 -2.6756  (   0.9393)
48. eval:  milex.beh: effect from beh.nato_1                       0.9234  (   0.1723)
49. eval:  milex.beh: effect from beh.allies_1                    -0.0117  (   0.0039)
50. eval:  milex.beh: effect from beh.military_1                   0.2665  (   0.1949)
51. eval:  milex.beh: effect from beh.lnmids_1                     0.1875  (   0.0967)
52. eval:  milex.beh: effect from beh.milexSpLag_1                 7.5302  (   2.9205)


@3
Covariance matrices
                   
Covariance matrix of estimates (correlations below diagonal):
     0.001      0.000      0.000      0.000      0.000      0.000      0.000      0.000      0.000      0.000      0.000      0.000      0.000      0.000      0.000      0.000      0.000      0.000      0.000      0.000      0.000      0.000      0.000      0.000      0.000      0.000     -0.001      0.000      0.000      0.000      0.000      0.000      0.000      0.000      0.000      0.000      0.000      0.000      0.000      0.000      0.000      0.000      0.000      0.000      0.000      0.000      0.000      0.000      0.000      0.000      0.000      0.002
     0.048      0.001      0.000      0.000      0.000      0.000      0.000      0.000      0.000      0.000      0.000      0.000      0.000      0.000      0.000     -0.001      0.000      0.000      0.000      0.000      0.000      0.000      0.000      0.000      0.000      0.000      0.000     -0.001      0.000      0.000      0.000      0.000      0.000      0.000      0.000      0.000      0.000      0.000      0.000      0.000      0.000      0.000      0.000      0.000      0.000      0.000      0.001      0.000      0.000      0.000      0.000      0.002
     0.017      0.060      0.008      0.000      0.000      0.000      0.000      0.000      0.000      0.000      0.000      0.000      0.000      0.000      0.000     -0.003      0.000      0.000      0.001     -0.001     -0.001      0.001      0.002      0.000     -0.001     -0.001      0.000      0.001     -0.002      0.001      0.001      0.001      0.000      0.001      0.000      0.000      0.000      0.000      0.000      0.000      0.000      0.000      0.000      0.000      0.000      0.001      0.002     -0.001      0.000      0.000      0.000      0.009
     0.041      0.039      0.024      0.003      0.000      0.000      0.000      0.000      0.000      0.000      0.000      0.000      0.000      0.000      0.000     -0.001      0.000      0.000      0.000      0.000      0.000      0.000      0.000      0.000      0.000      0.000      0.000      0.000      0.000      0.000      0.000      0.000      0.000      0.000      0.000     -0.001      0.000      0.001      0.000      0.000      0.001      0.000      0.000      0.000      0.000      0.000      0.003      0.000      0.000     -0.001      0.000      0.000
     0.032     -0.028      0.017     -0.004      0.004      0.000      0.000      0.000      0.000      0.000      0.000      0.000      0.000      0.000      0.000     -0.001      0.000      0.000      0.000      0.000      0.000      0.000      0.001      0.000     -0.002     -0.001     -0.001     -0.001      0.000      0.000      0.000      0.000      0.000      0.000      0.000     -0.001      0.000      0.000      0.000      0.000      0.000      0.000      0.000      0.000      0.000      0.000     -0.002      0.000      0.000      0.000      0.000     -0.011
    -0.011      0.065      0.043     -0.032      0.070      0.003      0.000      0.000      0.000      0.000      0.000      0.000      0.000      0.000      0.000     -0.001      0.000      0.000      0.000     -0.001      0.000      0.000      0.001      0.000     -0.001      0.000      0.000      0.000      0.000      0.000      0.000      0.000      0.000      0.000      0.000      0.000      0.000      0.000      0.000      0.000      0.000      0.000      0.000      0.000      0.000      0.000      0.002      0.000      0.000     -0.001      0.000      0.001
     0.027     -0.001      0.040      0.061      0.046      0.031      0.004      0.000      0.000      0.000      0.000      0.000      0.000      0.000      0.000     -0.001      0.000      0.000      0.000      0.000      0.000      0.000      0.000      0.000     -0.002      0.000      0.000      0.000      0.001      0.000      0.000      0.000     -0.001      0.000      0.000      0.000      0.000      0.000      0.000      0.000      0.000      0.000      0.000      0.000      0.000      0.000      0.000      0.000      0.000     -0.001      0.000      0.002
     0.014     -0.014      0.025      0.002      0.012      0.035      0.034      0.003      0.000      0.000      0.000      0.000      0.000      0.000      0.000     -0.001      0.000      0.000      0.000      0.000      0.000      0.000     -0.001      0.000     -0.001      0.000      0.000      0.000     -0.001      0.000      0.000      0.000      0.000      0.000      0.000     -0.001      0.000      0.000      0.000      0.000      0.000      0.000      0.000      0.000      0.000      0.000      0.004      0.000      0.000      0.000      0.000     -0.002
    -0.018     -0.019      0.061     -0.019      0.005     -0.015      0.026      0.060      0.003      0.000      0.000      0.000      0.000      0.000      0.000      0.000      0.000      0.000      0.000      0.000      0.000      0.000      0.000      0.000     -0.001      0.000      0.000     -0.001      0.000      0.000      0.000      0.000      0.000      0.000      0.000     -0.001      0.000      0.000      0.000      0.000      0.000      0.000      0.000      0.000      0.000      0.000     -0.001      0.000      0.000      0.000      0.000      0.000
    -0.050      0.083      0.084      0.001      0.050      0.072      0.020      0.037      0.049      0.003      0.000      0.000      0.000      0.000      0.000      0.000      0.000      0.000      0.000      0.000      0.000      0.000     -0.001      0.000      0.000      0.000      0.000      0.000      0.000      0.000      0.000      0.000      0.000      0.000      0.000     -0.001      0.000      0.000      0.000      0.000      0.000      0.000      0.000      0.000      0.000      0.000      0.001      0.000      0.000      0.000      0.000     -0.002
    -0.013      0.012      0.040      0.063     -0.015      0.000      0.044      0.050     -0.006     -0.042      0.003      0.000      0.000      0.000      0.000      0.000      0.000      0.000      0.000     -0.001      0.000      0.000      0.002      0.000     -0.001      0.000      0.000      0.000      0.000     -0.001      0.000      0.000      0.000      0.000      0.000      0.000      0.000     -0.001      0.000      0.000      0.000      0.000      0.000      0.000      0.000      0.000      0.002      0.000      0.000      0.001      0.000      0.005
    -0.042      0.009      0.023     -0.033      0.041      0.067     -0.018      0.006      0.055      0.073     -0.041      0.004      0.000      0.000      0.000      0.001      0.000      0.000      0.000      0.000      0.000      0.000      0.002      0.000     -0.001      0.000      0.000      0.000      0.001     -0.001      0.000      0.000      0.000      0.000      0.000     -0.001      0.000      0.001      0.000      0.000     -0.001      0.000      0.000      0.000      0.000      0.000     -0.003     -0.001      0.000      0.000      0.001      0.004
    -0.047     -0.045     -0.010      0.003      0.043     -0.031      0.026      0.034      0.035     -0.011     -0.027     -0.052      0.003      0.000      0.000      0.000      0.000      0.000      0.000      0.000      0.000      0.000     -0.001      0.000      0.000      0.000      0.000      0.001      0.000     -0.001      0.000      0.000      0.000      0.000      0.000      0.000      0.000      0.000      0.000      0.000      0.001      0.000      0.000      0.000      0.000      0.000     -0.001      0.000      0.000      0.000      0.000     -0.004
     0.011      0.041      0.081     -0.004      0.029      0.054      0.018      0.019      0.028      0.049     -0.057      0.080      0.075      0.003      0.000      0.000      0.000      0.000      0.000     -0.001      0.000      0.000      0.001      0.000     -0.001      0.000      0.000      0.000      0.000      0.000      0.000      0.000      0.000      0.000      0.000      0.000      0.000      0.000      0.000      0.000      0.000      0.000      0.000      0.000      0.000      0.000      0.000      0.000      0.000      0.000      0.000     -0.004
    -0.053      0.047      0.017     -0.013      0.024      0.022     -0.007     -0.046      0.021      0.002     -0.005      0.017     -0.032     -0.008      0.002      0.001      0.000      0.000      0.000      0.000      0.000      0.000      0.000      0.000     -0.001      0.000      0.000     -0.001      0.000      0.000      0.000      0.000      0.000      0.000      0.000      0.000      0.000      0.000      0.000      0.000      0.001      0.000      0.000      0.000      0.000      0.000      0.002      0.000      0.000      0.000      0.000     -0.006
    -0.017     -0.132     -0.115     -0.085     -0.046     -0.085     -0.060     -0.059     -0.015     -0.025     -0.034      0.050      0.033      0.028      0.041      0.077     -0.009      0.000      0.010     -0.010      0.012      0.000      0.037      0.002     -0.037     -0.013      0.002      0.001      0.002     -0.001      0.004      0.001      0.000      0.001     -0.001     -0.003     -0.002      0.001      0.001      0.000     -0.003      0.000      0.000      0.000      0.000     -0.001      0.014     -0.001      0.000      0.001     -0.001     -0.026
    -0.017      0.060     -0.001      0.037     -0.075      0.021      0.044     -0.007      0.025      0.022     -0.018     -0.052      0.078     -0.059     -0.053     -0.376      0.007      0.000     -0.001      0.001     -0.002      0.000     -0.018      0.001      0.010      0.002      0.000      0.000      0.000     -0.001     -0.001      0.000      0.000      0.000      0.000      0.001      0.000      0.001      0.000      0.000      0.000      0.000      0.000      0.000      0.000      0.000      0.002      0.000      0.000      0.000      0.000      0.008
     0.076      0.045      0.122      0.070      0.144      0.091      0.057      0.093      0.000     -0.013      0.021      0.009     -0.115      0.031      0.046     -0.227     -0.467      0.000      0.000      0.000      0.000      0.000      0.000      0.000     -0.001      0.000      0.000      0.000      0.000      0.000      0.000      0.000      0.000      0.000      0.000      0.000      0.000      0.000      0.000      0.000      0.000      0.000      0.000      0.000      0.000      0.000      0.000      0.000      0.000      0.000      0.000      0.000
     0.027      0.032      0.070      0.045      0.097      0.028      0.030      0.018      0.081      0.051      0.041      0.093      0.045      0.037      0.046      0.444     -0.211      0.091      0.007      0.001      0.001      0.001      0.006      0.000     -0.008     -0.004      0.000      0.000      0.000      0.000      0.001      0.001      0.000      0.000      0.000      0.000      0.000      0.001      0.000      0.000      0.000      0.000      0.000      0.000      0.000     -0.001      0.002      0.000      0.000      0.000      0.000     -0.015
     0.003     -0.015     -0.100      0.044     -0.023     -0.113      0.014     -0.023     -0.026     -0.049     -0.100     -0.046      0.050     -0.091     -0.045     -0.226      0.069     -0.057      0.105      0.028      0.001     -0.002     -0.009     -0.002      0.018      0.003      0.000     -0.001      0.003      0.001     -0.001      0.000      0.000      0.000      0.000      0.004      0.001      0.002      0.000      0.001      0.000      0.000      0.000      0.000      0.000     -0.001     -0.003      0.000      0.000      0.000      0.001     -0.007
     0.028     -0.035     -0.110     -0.019     -0.003      0.014      0.054     -0.015     -0.034     -0.043      0.012      0.053      0.018      0.037      0.016      0.483     -0.210     -0.074      0.174      0.059      0.007      0.000      0.011     -0.001     -0.008     -0.002      0.000      0.000      0.001      0.000      0.001      0.000      0.000      0.001      0.000      0.000     -0.001      0.000      0.000      0.000      0.000      0.000      0.000      0.000      0.000      0.000     -0.002      0.000      0.000      0.000      0.000      0.001
     0.007      0.069      0.176      0.029      0.132      0.060      0.026      0.072      0.089      0.064      0.042      0.082     -0.010      0.116      0.033      0.014     -0.079      0.230      0.424     -0.261     -0.127      0.001     -0.001      0.000     -0.002     -0.001      0.000      0.000     -0.001      0.000      0.000      0.000      0.000      0.000      0.000      0.000      0.000      0.000      0.000      0.000      0.000      0.000      0.000      0.000      0.000      0.000      0.002      0.000      0.000      0.000      0.000     -0.004
     0.042     -0.028      0.055      0.011      0.038      0.027      0.005     -0.028     -0.019     -0.027      0.070      0.080     -0.051      0.042     -0.004      0.286     -0.469      0.113      0.152     -0.121      0.260     -0.073      0.222     -0.002     -0.053     -0.007     -0.002     -0.002     -0.001      0.001      0.001      0.003     -0.001      0.002      0.000     -0.004      0.000     -0.005      0.002      0.002      0.000     -0.001      0.000      0.000      0.000      0.000     -0.025      0.000      0.000      0.000     -0.001      0.010
    -0.022     -0.041      0.036     -0.034     -0.062     -0.026     -0.065     -0.021      0.021      0.065     -0.039     -0.019      0.052      0.041      0.029      0.097      0.172     -0.289     -0.044     -0.164     -0.270      0.073     -0.083      0.004      0.005     -0.001      0.000      0.000      0.000     -0.001      0.000      0.000      0.000      0.000      0.000      0.000      0.000      0.000      0.000      0.000      0.000      0.000      0.000      0.000      0.000      0.000      0.004      0.000      0.000      0.000      0.000      0.001
    -0.017      0.010     -0.047      0.015     -0.090     -0.080     -0.085     -0.046     -0.032      0.023     -0.087     -0.061      0.015     -0.042     -0.080     -0.416      0.390     -0.356     -0.293      0.348     -0.305     -0.163     -0.349      0.243      0.102      0.008     -0.003     -0.002      0.001     -0.002     -0.004     -0.002      0.001     -0.001      0.000      0.001     -0.001      0.003      0.000      0.000      0.001      0.000      0.000      0.000      0.000      0.000      0.009      0.002      0.000      0.000      0.001      0.032
    -0.046      0.014     -0.103     -0.020     -0.122     -0.024     -0.017     -0.022     -0.067     -0.051     -0.011     -0.098     -0.022     -0.105     -0.083     -0.592      0.349     -0.260     -0.613      0.197     -0.343     -0.540     -0.181     -0.140      0.303      0.006      0.000      0.000      0.000      0.001     -0.001      0.000      0.000     -0.001      0.000      0.000      0.000      0.000      0.000      0.000      0.000      0.000      0.000      0.000      0.000      0.000     -0.004      0.000      0.000      0.000      0.000      0.009
    -0.133      0.021      0.029     -0.020     -0.043      0.008      0.000      0.041     -0.031     -0.039      0.044     -0.019     -0.012      0.028      0.001      0.030     -0.021      0.012      0.002      0.000      0.021     -0.022     -0.024     -0.022     -0.044      0.015      0.037      0.004      0.000      0.001      0.002     -0.001      0.000      0.000      0.001     -0.001      0.001      0.001      0.000      0.000      0.001      0.000      0.000      0.000      0.000      0.001      0.016     -0.002      0.000      0.000      0.000      0.004
     0.000     -0.063      0.052      0.037     -0.044      0.005      0.025      0.036     -0.038     -0.006      0.032     -0.012      0.045      0.006     -0.049      0.016     -0.013     -0.001     -0.016     -0.016      0.021      0.045     -0.021      0.012     -0.022     -0.016      0.077      0.058      0.001     -0.001      0.000     -0.001      0.000      0.000      0.000      0.000      0.000      0.001      0.000      0.000      0.000      0.000      0.001      0.000      0.000      0.003      0.004     -0.003      0.000      0.001     -0.001      0.085
    -0.016     -0.019     -0.092     -0.001      0.027      0.017      0.062     -0.046     -0.033     -0.014     -0.018      0.060     -0.019     -0.018      0.014      0.033     -0.011      0.007     -0.023      0.072      0.047     -0.076     -0.012      0.003      0.008     -0.021      0.005      0.022      0.060     -0.001      0.001      0.000      0.001      0.000      0.000      0.004     -0.002     -0.001      0.000      0.000     -0.003      0.001      0.000      0.000      0.000      0.001      0.001      0.000      0.000      0.000      0.000      0.039
    -0.005     -0.021      0.045      0.027     -0.005      0.020      0.024     -0.008     -0.034      0.007     -0.051     -0.056     -0.099      0.027      0.005     -0.012     -0.031      0.041      0.004      0.023     -0.007     -0.004      0.012     -0.059     -0.025      0.035      0.029     -0.026     -0.017      0.058      0.001      0.001      0.001      0.000      0.000      0.000      0.000      0.001      0.000      0.000      0.001     -0.001      0.001      0.000      0.000      0.000      0.018      0.002      0.000     -0.003     -0.001     -0.038
    -0.005      0.002      0.071     -0.038      0.003     -0.044     -0.009      0.039      0.028      0.040      0.004     -0.013      0.010      0.010      0.041      0.098     -0.065      0.011      0.066     -0.051      0.064      0.046      0.017      0.011     -0.083     -0.086      0.061      0.004      0.027      0.028      0.022      0.001     -0.001      0.000      0.000      0.004      0.000      0.000      0.000      0.000      0.000      0.000      0.001     -0.001      0.000      0.000      0.014     -0.001      0.000      0.000      0.001     -0.023
     0.012      0.021      0.056     -0.013      0.031     -0.025     -0.043     -0.014     -0.011     -0.005     -0.001     -0.004     -0.024      0.022     -0.025      0.036     -0.050      0.026      0.060     -0.024     -0.036      0.019      0.062      0.071     -0.066     -0.030     -0.039     -0.042      0.003      0.047      0.040      0.013      0.000      0.000     -0.001      0.001      0.001      0.002      0.000      0.000      0.000      0.000      0.000      0.000      0.000      0.000      0.002     -0.001      0.000      0.001      0.000     -0.009
    -0.018      0.036     -0.007     -0.056      0.008     -0.007     -0.080      0.006      0.040      0.017     -0.017      0.065     -0.043     -0.017      0.030      0.012      0.050     -0.035     -0.001     -0.023      0.026     -0.036     -0.015      0.012      0.041     -0.003     -0.020     -0.016      0.021      0.056     -0.055     -0.009      0.011      0.000      0.000     -0.001      0.000      0.000      0.000     -0.001      0.000      0.000      0.000      0.000      0.000      0.000      0.001      0.001      0.000      0.000      0.001     -0.009
     0.002      0.012      0.074     -0.016     -0.032      0.031      0.015      0.016      0.033      0.023      0.032      0.052     -0.047     -0.016      0.013      0.026     -0.020      0.020      0.022      0.014      0.059      0.030      0.049      0.068     -0.021     -0.086      0.022      0.004      0.003     -0.014     -0.013      0.014      0.025      0.012      0.000      0.000      0.000     -0.001      0.000      0.000      0.000      0.000      0.000      0.000      0.000      0.001      0.006     -0.001      0.000      0.000      0.000     -0.002
    -0.044      0.053      0.051     -0.020      0.008      0.072      0.000      0.020     -0.081      0.012      0.055      0.016      0.092     -0.039      0.016     -0.028      0.051     -0.046      0.017     -0.036     -0.008      0.000     -0.003      0.034      0.010      0.013      0.070      0.018     -0.016     -0.016     -0.005     -0.057     -0.011      0.032      0.007     -0.001      0.000      0.000      0.000      0.000      0.000      0.000      0.000      0.000      0.000      0.000      0.008      0.000      0.000      0.000      0.000      0.002
     0.043      0.002      0.013     -0.033     -0.053     -0.002     -0.006     -0.028     -0.059     -0.071     -0.016     -0.070     -0.005      0.021      0.017     -0.028      0.050     -0.002      0.017      0.075     -0.008     -0.012     -0.026      0.022      0.013     -0.003     -0.020      0.003      0.052     -0.001      0.088      0.031     -0.021      0.007     -0.020      0.109      0.002      0.002      0.001      0.000     -0.003      0.002      0.001      0.000      0.000     -0.004      0.024     -0.001      0.000      0.001      0.000     -0.048
    -0.019      0.046      0.006     -0.029      0.042     -0.010     -0.036      0.016      0.034     -0.020      0.003      0.010     -0.019     -0.007      0.016     -0.057      0.046      0.018      0.021      0.027     -0.086      0.038     -0.004     -0.012     -0.028      0.032      0.025     -0.012     -0.074      0.015     -0.023      0.054      0.029     -0.007      0.002      0.055      0.014     -0.002      0.000      0.000      0.000      0.000      0.000      0.000      0.000      0.000      0.000      0.000      0.000      0.000      0.001      0.001
     0.050      0.017      0.006      0.081      0.023      0.010      0.008      0.023      0.027     -0.035     -0.041      0.055     -0.030      0.016      0.033      0.007      0.024     -0.019      0.030      0.037      0.016     -0.052     -0.038     -0.003      0.033      0.003      0.019      0.024     -0.020      0.018      0.005      0.086     -0.015     -0.020     -0.019      0.019     -0.056      0.066      0.001      0.001      0.001      0.000      0.000      0.000      0.000     -0.001      0.013      0.000      0.000     -0.001     -0.001      0.045
     0.013      0.013      0.002      0.033     -0.001     -0.041     -0.022      0.065     -0.038     -0.043      0.015      0.034      0.017     -0.007     -0.028      0.031      0.019      0.024      0.005      0.016     -0.001      0.011      0.046      0.052     -0.008     -0.043     -0.014     -0.018      0.002     -0.018     -0.023      0.024     -0.019     -0.024      0.027      0.023     -0.029      0.036      0.006      0.000      0.000      0.000      0.000      0.000      0.000      0.000      0.000      0.000      0.000      0.000      0.000     -0.006
    -0.001      0.029      0.006     -0.003      0.032      0.057      0.021     -0.055     -0.009      0.024      0.000      0.049      0.063      0.011     -0.037      0.004     -0.039      0.001      0.030      0.053      0.033      0.025      0.049      0.006     -0.006     -0.036     -0.010     -0.008     -0.014      0.006      0.018      0.035     -0.086      0.024     -0.005     -0.009     -0.017      0.027     -0.008      0.007      0.000      0.000      0.000      0.000      0.000      0.000     -0.003      0.001      0.000      0.000      0.000      0.004
     0.073      0.012     -0.011      0.076     -0.003     -0.007      0.001      0.040      0.029      0.000      0.024     -0.045      0.058     -0.004      0.086     -0.057      0.012      0.028      0.012     -0.002     -0.027      0.024      0.002      0.021      0.022      0.020      0.016      0.009     -0.070      0.028      0.007     -0.016     -0.024     -0.015      0.033     -0.053      0.003      0.026      0.003      0.025      0.035     -0.001      0.000      0.000      0.000     -0.001     -0.001      0.002      0.000     -0.001      0.000      0.002
     0.028      0.005      0.051     -0.031     -0.028      0.044     -0.014      0.027     -0.005     -0.035     -0.017     -0.057     -0.021     -0.060     -0.024      0.021      0.004      0.022      0.044      0.021      0.014     -0.013     -0.021     -0.001     -0.010     -0.029      0.014     -0.007      0.044     -0.042      0.021      0.025      0.001      0.057     -0.003      0.079     -0.008     -0.003     -0.035     -0.070     -0.053      0.007      0.000     -0.001      0.000      0.003      0.013     -0.002      0.000     -0.001      0.000     -0.012
    -0.008      0.014      0.020      0.025      0.034      0.031      0.027      0.050     -0.012      0.009      0.026     -0.028      0.022      0.060      0.002      0.013     -0.020     -0.016      0.019     -0.004     -0.015      0.043      0.012     -0.006     -0.033     -0.009      0.102      0.149      0.055      0.199      0.141      0.079     -0.005      0.020      0.052      0.068      0.019      0.031      0.016     -0.004      0.012     -0.101      0.001      0.000      0.000      0.001      0.007      0.000      0.000      0.000     -0.001     -0.020
     0.019     -0.047     -0.023      0.019      0.014     -0.053     -0.042     -0.048      0.020     -0.018      0.028      0.078     -0.008      0.015      0.013     -0.032      0.000      0.000     -0.029     -0.016     -0.042      0.015      0.005      0.010      0.023      0.042     -0.032     -0.018     -0.061     -0.064     -0.137     -0.018      0.018     -0.005      0.033     -0.050      0.048      0.010      0.023      0.028     -0.003     -0.542     -0.184      0.001      0.000     -0.001     -0.003      0.000      0.000      0.000      0.000      0.006
    -0.028      0.030      0.010     -0.011     -0.001      0.041      0.049      0.050     -0.018      0.041     -0.011     -0.074      0.012     -0.013     -0.040      0.048     -0.026      0.005      0.029     -0.005      0.057     -0.018      0.021     -0.020     -0.041     -0.043      0.009      0.010      0.064      0.082      0.117      0.010     -0.027     -0.008     -0.043      0.010     -0.059     -0.004     -0.020     -0.016     -0.004      0.326      0.166     -0.892      0.000      0.000      0.000      0.000      0.000      0.000      0.000     -0.001
    -0.046     -0.035      0.051     -0.023     -0.052      0.026     -0.039     -0.013     -0.049      0.004      0.011      0.053     -0.031     -0.038     -0.025     -0.017     -0.029      0.028     -0.056     -0.023     -0.021     -0.025     -0.001     -0.001      0.000      0.039      0.052      0.087      0.024     -0.014      0.012     -0.010      0.024      0.039      0.006     -0.085     -0.012     -0.040     -0.011     -0.020     -0.035      0.246      0.169     -0.189      0.150      0.021      0.007     -0.010      0.000      0.006      0.000      0.051
    -0.010      0.040      0.027      0.063     -0.037      0.043      0.004      0.073     -0.019      0.012      0.032     -0.057     -0.011      0.008      0.039      0.055      0.024     -0.046      0.020     -0.018     -0.021      0.055     -0.058      0.063      0.030     -0.059      0.087      0.017      0.002      0.080      0.100      0.015      0.015      0.056      0.107      0.077      0.003      0.054      0.003     -0.041     -0.004      0.166      0.297     -0.098      0.037      0.053      0.882      0.000      0.000     -0.008     -0.008     -0.414
     0.033      0.052     -0.034      0.039      0.006      0.022     -0.004     -0.019      0.011      0.038      0.013     -0.056      0.042      0.052     -0.011     -0.012      0.026     -0.005     -0.022     -0.007     -0.017     -0.034      0.005     -0.014      0.030     -0.001     -0.048     -0.070      0.009      0.044     -0.033     -0.047      0.033     -0.050     -0.001     -0.020     -0.001     -0.008      0.005      0.057      0.047     -0.159     -0.018     -0.063     -0.003     -0.407     -0.002      0.030      0.000     -0.001     -0.003     -0.040
     0.002     -0.002      0.020     -0.040      0.044     -0.003      0.002      0.010     -0.013     -0.031     -0.064     -0.068      0.018     -0.054      0.043      0.039      0.008     -0.025      0.051      0.003      0.040      0.039     -0.036      0.009      0.013     -0.047      0.065      0.029      0.000      0.022      0.093      0.055     -0.026      0.024     -0.024      0.141     -0.008      0.032     -0.024     -0.052      0.012      0.404      0.116     -0.368      0.218     -0.016      0.119     -0.344      0.000      0.000      0.000      0.000
    -0.011     -0.021      0.001     -0.054     -0.019     -0.052     -0.047      0.006     -0.028      0.033      0.066     -0.004     -0.008     -0.004     -0.006      0.021     -0.027     -0.010      0.003     -0.005      0.005     -0.071      0.003      0.007      0.003      0.032     -0.013      0.013     -0.005     -0.065     -0.005      0.025      0.015     -0.012      0.009      0.011      0.005     -0.018     -0.019      0.017     -0.033     -0.050     -0.044      0.015      0.029      0.222     -0.042     -0.030      0.036      0.038     -0.001      0.052
     0.005      0.039     -0.021     -0.021     -0.004     -0.007      0.004      0.014      0.020     -0.027     -0.011      0.107     -0.045     -0.011      0.009     -0.021      0.054     -0.005      0.005      0.048      0.026     -0.019     -0.030     -0.015      0.025     -0.012     -0.025     -0.047      0.001     -0.023      0.057      0.002      0.049      0.007     -0.048     -0.008      0.046     -0.037     -0.031      0.008     -0.019      0.035     -0.228     -0.180      0.124      0.007     -0.086     -0.156     -0.037     -0.041      0.009     -0.023
     0.028      0.017      0.035      0.003     -0.060      0.005      0.010     -0.012      0.000     -0.010      0.030      0.022     -0.025     -0.026     -0.047     -0.032      0.033      0.000     -0.062     -0.015      0.003     -0.035      0.007      0.004      0.035      0.040      0.007      0.121      0.055     -0.054     -0.054     -0.027     -0.028     -0.006      0.008     -0.050      0.002      0.060     -0.025      0.015      0.004     -0.051     -0.273      0.074     -0.037      0.122     -0.151     -0.079     -0.033      0.092     -0.082      8.529

Derivative matrix of expected statistics X by parameters and
covariance/correlation matrix of X can be found using
summary(ans) within R, or by using the 'verbose' option in Siena07.
 
Total computation time 664.2 seconds.
