

-----------------------------------
New Analysis started.
Date and time: 20/09/2026 16:27:56
New results follow.
-----------------------------------

RSiena version 1.3.10 (28 Apr 22)


@1
Estimation by stochastic approximation algorithm.
=================================================

Current random number seed is 12347.
Effects object used: effs 
Model Type:
 Initiative model
Behavioral Model Type:
 Standard behavior actor-oriented model ('restrict')
Estimation method: unconditional moment estimation
.

Time duration for simulations in each period is 1.0.
Changing composition.
Joiners/leavers option: 1
Standard errors are estimated with the likelihood ratio method.
Dolby method (regression on scores) is used.
Initial value of gain parameter is  0.2000000.
Reduction factor for gain parameter is  0.5000000.
Number of subphases in Phase 2 is 3.

Initial parameter values are 
  1. rate:  constant dv.net rate (period 1)                 0.0504
  2. rate:  constant dv.net rate (period 2)                 0.1475
  3. rate:  constant dv.net rate (period 3)                 0.4469
  4. rate:  constant dv.net rate (period 4)                 0.3590
  5. rate:  constant dv.net rate (period 5)                 0.3285
  6. rate:  constant dv.net rate (period 6)                 0.3234
  7. rate:  constant dv.net rate (period 7)                 0.4003
  8. rate:  constant dv.net rate (period 8)                 0.3079
  9. rate:  constant dv.net rate (period 9)                 0.3267
 10. rate:  constant dv.net rate (period 10)                0.2768
 11. rate:  constant dv.net rate (period 11)                0.3216
 12. rate:  constant dv.net rate (period 12)                0.4419
 13. rate:  constant dv.net rate (period 13)                0.3489
 14. rate:  constant dv.net rate (period 14)                0.3201
 15. rate:  constant dv.net rate (period 15)                0.2869
 16. eval:  degree (density)                               -6.1002
 17. eval:  transitive triads                               0.2432
 18. eval:  degree act+pop                                  0.0684
 19. eval:  nets.lndistance_d                              -1.0164
 20. eval:  nets.ATOP_d                                     1.1736
 21. eval:  nets.absidealdiff_d                            -0.6650
 22. eval:  nets.lntrade_d                                  0.0549
 23. eval:  nets.NATO_d                                    -3.5828
 24. eval:  milex.beh alter                                -0.0613
 25. eval:  beh.democracy_1 alter                           1.6535
 26. eval:  beh.lncinc_1 alter                              0.8395
 27. rate:  rate milex.beh (period 1)                       0.9305
 28. rate:  rate milex.beh (period 2)                       1.3141
 29. rate:  rate milex.beh (period 3)                       1.3562
 30. rate:  rate milex.beh (period 4)                       1.1890
 31. rate:  rate milex.beh (period 5)                       0.7019
 32. rate:  rate milex.beh (period 6)                       0.5782
 33. rate:  rate milex.beh (period 7)                       0.4801
 34. rate:  rate milex.beh (period 8)                       0.5359
 35. rate:  rate milex.beh (period 9)                       0.3797
 36. rate:  rate milex.beh (period 10)                      1.8233
 37. rate:  rate milex.beh (period 11)                      0.5932
 38. rate:  rate milex.beh (period 12)                      1.3722
 39. rate:  rate milex.beh (period 13)                      0.3316
 40. rate:  rate milex.beh (period 14)                      0.3031
 41. rate:  rate milex.beh (period 15)                      1.1053
 42. eval:  milex.beh linear shape                         -1.1846
 43. eval:  milex.beh quadratic shape                      -0.0295
 44. eval:  milex.beh degree                                0.0955
 45. eval:  milex.beh dense triads                         -0.0289
 46. eval:  milex.beh: effect from beh.democracy_1         -0.4986
 47. eval:  milex.beh: effect from beh.GDPgrowth_1         -2.6783
 48. eval:  milex.beh: effect from beh.nato_1               0.9208
 49. eval:  milex.beh: effect from beh.allies_1            -0.0117
 50. eval:  milex.beh: effect from beh.military_1           0.2590
 51. eval:  milex.beh: effect from beh.lnmids_1             0.1860
 52. eval:  milex.beh: effect from beh.milexSpLag_1         7.6082


Observed values of target statistics are
  1. Amount of network change in period 1                                10.0000
  2. Amount of network change in period 2                                34.0000
  3. Amount of network change in period 3                                86.0000
  4. Amount of network change in period 4                                94.0000
  5. Amount of network change in period 5                                76.0000
  6. Amount of network change in period 6                                76.0000
  7. Amount of network change in period 7                                94.0000
  8. Amount of network change in period 8                                78.0000
  9. Amount of network change in period 9                                84.0000
 10. Amount of network change in period 10                               72.0000
 11. Amount of network change in period 11                               84.0000
 12. Amount of network change in period 12                              114.0000
 13. Amount of network change in period 13                               94.0000
 14. Amount of network change in period 14                               88.0000
 15. Amount of network change in period 15                               80.0000
 16. Number of edges                                                   3807.0000
 17. Number of transitive triads                                       5072.0000
 18. Sum of squared degrees                                            226964.0000
 19. Sum of ties x nets.lndistance_d                                   -8010.2838
 20. Sum of ties x nets.ATOP_d                                         4481.4695
 21. Sum of ties x nets.absidealdiff_d                                 -2131.1065
 22. Sum of ties x nets.lntrade_d                                      27161.2288
 23. Sum of ties x nets.NATO_d                                          722.5164
 24. Sum of degrees x milex.beh                                         140.6170
 25. Sum of degrees x beh.democracy_1                                  2231.9215
 26. Sum of degrees x beh.lncinc_1                                     9867.9263
 27. Amount of behavioral change in period 1 on milex.beh                41.0000
 28. Amount of behavioral change in period 2 on milex.beh                50.0000
 29. Amount of behavioral change in period 3 on milex.beh                57.0000
 30. Amount of behavioral change in period 4 on milex.beh                52.0000
 31. Amount of behavioral change in period 5 on milex.beh                37.0000
 32. Amount of behavioral change in period 6 on milex.beh                32.0000
 33. Amount of behavioral change in period 7 on milex.beh                28.0000
 34. Amount of behavioral change in period 8 on milex.beh                31.0000
 35. Amount of behavioral change in period 9 on milex.beh                24.0000
 36. Amount of behavioral change in period 10 on milex.beh               71.0000
 37. Amount of behavioral change in period 11 on milex.beh               34.0000
 38. Amount of behavioral change in period 12 on milex.beh               55.0000
 39. Amount of behavioral change in period 13 on milex.beh               18.0000
 40. Amount of behavioral change in period 14 on milex.beh               17.0000
 41. Amount of behavioral change in period 15 on milex.beh               48.0000
 42. milex.beh centered sum                                             -61.3312
 43. milex.beh sum of cent. squares                                    5434.8003
 44. milex.beh outdegrees                                              -248.5092
 45. milex.beh dense triads                                            -2289.8418
 46. milex.beh x beh.democracy_1                                       -368.4695
 47. milex.beh x beh.GDPgrowth_1                                          1.9322
 48. milex.beh x beh.nato_1                                              32.8368
 49. milex.beh x beh.allies_1                                          -2822.0961
 50. milex.beh x beh.military_1                                         116.6277
 51. milex.beh x beh.lnmids_1                                           538.3189
 52. milex.beh x beh.milexSpLag_1                                        22.7209

 52 parameters, 52 statistics

Estimation of derivatives by the LR method (type 1).


@2
End of stochastic approximation algorithm, phase 3.
---------------------------------------------------

Total of 3057 iterations.
Parameter estimates based on 2057 iterations,
convergence diagnostics, covariance and derivative matrices based on 1000 iterations.

Information for convergence diagnosis.
Averages, standard deviations, and t-ratios for deviations from targets:
  1.    0.0320    4.3701   0.0073 
  2.    0.1040    8.0978   0.0128 
  3.    0.3780   12.2355   0.0309 
  4.   -0.0620   14.5615  -0.0043 
  5.   -0.6220   11.7021  -0.0532 
  6.    0.0100   11.5083   0.0009 
  7.   -0.5040   13.3598  -0.0377 
  8.   -0.1840   12.1052  -0.0152 
  9.   -0.6040   12.7136  -0.0475 
 10.    0.2140   12.2332   0.0175 
 11.   -0.0020   12.6711  -0.0002 
 12.   -0.9940   15.0400  -0.0661 
 13.   -0.1860   13.4181  -0.0139 
 14.   -0.3140   12.8183  -0.0245 
 15.    0.0620   12.5065   0.0050 
 16.   -1.7700   23.6203  -0.0749 
 17.    0.6820   76.9025   0.0089 
 18. -119.6160 2286.2446  -0.0523 
 19.    1.8235   63.9646   0.0285 
 20.    0.1014   31.5036   0.0032 
 21.   -3.0606   40.8650  -0.0749 
 22.  -12.8926  182.3926  -0.0707 
 23.   -0.3205    8.3972  -0.0382 
 24.    1.8384   52.6102   0.0349 
 25.   -0.4308   17.0029  -0.0253 
 26.   -7.4938   79.3440  -0.0944 
 27.    0.1630    5.7612   0.0283 
 28.    0.1980    5.9156   0.0335 
 29.    0.0060    6.4300   0.0009 
 30.   -0.5290    6.2961  -0.0840 
 31.   -0.1820    5.5324  -0.0329 
 32.    0.4590    5.0269   0.0913 
 33.   -0.0450    5.0307  -0.0089 
 34.   -0.3710    5.1759  -0.0717 
 35.    0.1420    4.4517   0.0319 
 36.   -0.2150    7.1053  -0.0303 
 37.   -0.0840    5.3538  -0.0157 
 38.   -0.1730    5.9619  -0.0290 
 39.    0.2970    3.9848   0.0745 
 40.    0.0300    3.8856   0.0077 
 41.    0.1080    6.0232   0.0179 
 42.   -1.6960   23.5120  -0.0721 
 43.    1.4494   91.0814   0.0159 
 44.  -11.4230  157.3054  -0.0726 
 45.  -24.3980  412.6736  -0.0591 
 46.   -0.6889   11.9197  -0.0578 
 47.   -0.0404    2.1338  -0.0189 
 48.   -0.0651    8.8976  -0.0073 
 49.  -28.9472  469.8118  -0.0616 
 50.    0.3776    6.6456   0.0568 
 51.   -0.6433   15.1120  -0.0426 
 52.   -0.0136    0.5187  -0.0263 

Good convergence is indicated by the t-ratios being close to zero.

Overall maximum convergence ratio =  0.3238 .



@2
Estimation Results.
-------------------

Regular end of estimation algorithm.
Total of 3057 iteration steps.


@3
Estimates and standard errors
                             
Network Dynamics
 1. rate:  constant dv.net rate (period 1)                         0.0504  (   0.0230)
 2. rate:  constant dv.net rate (period 2)                         0.1475  (   0.0385)
 3. rate:  constant dv.net rate (period 3)                         0.4485  (   0.0906)
 4. rate:  constant dv.net rate (period 4)                         0.3599  (   0.0523)
 5. rate:  constant dv.net rate (period 5)                         0.3298  (   0.0615)
 6. rate:  constant dv.net rate (period 6)                         0.3254  (   0.0597)
 7. rate:  constant dv.net rate (period 7)                         0.4001  (   0.0620)
 8. rate:  constant dv.net rate (period 8)                         0.3095  (   0.0540)
 9. rate:  constant dv.net rate (period 9)                         0.3263  (   0.0539)
10. rate:  constant dv.net rate (period 10)                        0.2764  (   0.0459)
11. rate:  constant dv.net rate (period 11)                        0.3198  (   0.0528)
12. rate:  constant dv.net rate (period 12)                        0.4392  (   0.0640)
13. rate:  constant dv.net rate (period 13)                        0.3495  (   0.0562)
14. rate:  constant dv.net rate (period 14)                        0.3214  (   0.0530)
15. rate:  constant dv.net rate (period 15)                        0.2865  (   0.0465)
16. eval:  degree (density)                                       -6.0955  (   0.2881)
17. eval:  transitive triads                                       0.2459  (   0.0828)
18. eval:  degree act+pop                                          0.0687  (   0.0069)
19. eval:  nets.lndistance_d                                      -1.0137  (   0.0850)
20. eval:  nets.ATOP_d                                             1.1739  (   0.1714)
21. eval:  nets.absidealdiff_d                                    -0.6687  (   0.0856)
22. eval:  nets.lntrade_d                                          0.0567  (   0.0357)
23. eval:  nets.NATO_d                                            -3.5805  (   0.4797)
24. eval:  milex.beh alter                                        -0.0589  (   0.0658)
25. eval:  beh.democracy_1 alter                                   1.6541  (   0.3311)
26. eval:  beh.lncinc_1 alter                                      0.8334  (   0.0803)
Behavior Dynamics

27. rate:  rate milex.beh (period 1)                               0.9342  (   0.1841)
28. rate:  rate milex.beh (period 2)                               1.3177  (   0.2623)
29. rate:  rate milex.beh (period 3)                               1.3530  (   0.2546)
30. rate:  rate milex.beh (period 4)                               1.1851  (   0.2364)
31. rate:  rate milex.beh (period 5)                               0.6995  (   0.1290)
32. rate:  rate milex.beh (period 6)                               0.5782  (   0.1290)
33. rate:  rate milex.beh (period 7)                               0.4842  (   0.1075)
34. rate:  rate milex.beh (period 8)                               0.5239  (   0.1022)
35. rate:  rate milex.beh (period 9)                               0.3810  (   0.0844)
36. rate:  rate milex.beh (period 10)                              1.8029  (   0.3699)
37. rate:  rate milex.beh (period 11)                              0.5927  (   0.1134)
38. rate:  rate milex.beh (period 12)                              1.3601  (   0.2980)
39. rate:  rate milex.beh (period 13)                              0.3329  (   0.0910)
40. rate:  rate milex.beh (period 14)                              0.3040  (   0.0774)
41. rate:  rate milex.beh (period 15)                              1.1122  (   0.1924)
42. eval:  milex.beh linear shape                                 -1.1856  (   0.0813)
43. eval:  milex.beh quadratic shape                              -0.0295  (   0.0234)
44. eval:  milex.beh degree                                        0.0957  (   0.0285)
45. eval:  milex.beh dense triads                                 -0.0290  (   0.0105)
46. eval:  milex.beh: effect from beh.democracy_1                 -0.5039  (   0.1503)
47. eval:  milex.beh: effect from beh.GDPgrowth_1                 -2.6887  (   0.9477)
48. eval:  milex.beh: effect from beh.nato_1                       0.9248  (   0.1831)
49. eval:  milex.beh: effect from beh.allies_1                    -0.0118  (   0.0039)
50. eval:  milex.beh: effect from beh.military_1                   0.2657  (   0.1963)
51. eval:  milex.beh: effect from beh.lnmids_1                     0.1897  (   0.0948)
52. eval:  milex.beh: effect from beh.milexSpLag_1                 7.4437  (   3.0614)


@3
Covariance matrices
                   
Covariance matrix of estimates (correlations below diagonal):
     0.001      0.000      0.000      0.000      0.000      0.000      0.000      0.000      0.000      0.000      0.000      0.000      0.000      0.000      0.000      0.000      0.000      0.000      0.000      0.000      0.000      0.000      0.000      0.000      0.000      0.000      0.000      0.000      0.000      0.000      0.000      0.000      0.000      0.000      0.000      0.000      0.000      0.000      0.000      0.000      0.000      0.000      0.000      0.000      0.000      0.000      0.000      0.000      0.000      0.000      0.000     -0.001
    -0.018      0.001      0.000      0.000      0.000      0.000      0.000      0.000      0.000      0.000      0.000      0.000      0.000      0.000      0.000     -0.001      0.000      0.000      0.000      0.000      0.000      0.000      0.000      0.000      0.000      0.000      0.000     -0.001      0.000      0.000      0.000      0.000      0.000      0.000      0.000      0.000      0.000      0.000      0.000      0.000      0.000      0.000      0.000      0.000      0.000      0.000     -0.002      0.000      0.000      0.000      0.000      0.001
     0.060      0.016      0.008      0.000      0.000      0.000      0.000      0.000      0.000      0.000      0.000      0.000      0.000      0.000      0.000      0.000      0.000      0.000      0.001     -0.001      0.000      0.000      0.003      0.000     -0.005     -0.001      0.000      0.001      0.002      0.000      0.000      0.000      0.000      0.000      0.000      0.000      0.000      0.001      0.000      0.000      0.001      0.000      0.000      0.000      0.000      0.000     -0.001      0.000      0.000      0.000      0.000     -0.006
     0.017      0.065      0.031      0.003      0.000      0.000      0.000      0.000      0.000      0.000      0.000      0.000      0.000      0.000      0.000     -0.002      0.000      0.000      0.000      0.000      0.000      0.000     -0.001      0.000     -0.002      0.000      0.000      0.001      0.000     -0.001      0.000      0.000      0.000      0.000      0.000      0.000      0.000      0.000      0.000      0.000      0.000      0.000      0.000      0.000      0.000      0.000     -0.002      0.000      0.000      0.000      0.000     -0.002
     0.047      0.029      0.042      0.043      0.004      0.000      0.000      0.000      0.000      0.000      0.000      0.000      0.000      0.000      0.000      0.000      0.000      0.000      0.000     -0.001      0.000      0.000      0.002      0.000     -0.003     -0.001     -0.001      0.000      0.000      0.000      0.000      0.000      0.000      0.000      0.000     -0.001      0.000     -0.001      0.000      0.000      0.000      0.000      0.000      0.000      0.000     -0.001     -0.002      0.000      0.000      0.000      0.000      0.013
     0.060     -0.003      0.035      0.087      0.029      0.004      0.000      0.000      0.000      0.000      0.000      0.000      0.000      0.000      0.000      0.000      0.000      0.000      0.000     -0.001      0.000      0.000      0.002      0.000     -0.002      0.000      0.000      0.001      0.000      0.000      0.000      0.000      0.000      0.000      0.000      0.001      0.000      0.000      0.000      0.000      0.000      0.000      0.000      0.000      0.000      0.000     -0.001      0.000      0.000      0.000      0.000     -0.001
    -0.022     -0.014      0.063      0.059      0.005      0.030      0.004      0.000      0.000      0.000      0.000      0.000      0.000      0.000      0.000      0.001      0.000      0.000      0.001      0.000      0.000      0.000      0.002      0.000     -0.002      0.000      0.000      0.000     -0.001      0.000      0.000      0.000      0.001      0.000      0.000      0.000      0.000      0.001      0.000      0.000      0.000      0.000      0.000      0.000      0.000      0.000     -0.001      0.000      0.000      0.000      0.000      0.008
     0.015      0.004      0.029     -0.041     -0.031     -0.016      0.024      0.003      0.000      0.000      0.000      0.000      0.000      0.000      0.000     -0.001      0.000      0.000      0.000      0.000      0.000      0.000      0.000      0.000      0.001      0.000      0.000     -0.001      0.000      0.000      0.000      0.000      0.000     -0.001      0.000      0.000      0.000      0.000      0.000      0.000      0.000      0.000      0.000      0.000      0.000      0.000     -0.001      0.000      0.000      0.000      0.000     -0.008
     0.063      0.036      0.025      0.040     -0.017      0.065      0.033      0.052      0.003      0.000      0.000      0.000      0.000      0.000      0.000      0.000      0.000      0.000      0.000      0.000      0.000      0.000      0.002      0.000     -0.002      0.000      0.000     -0.001      0.000      0.000      0.000      0.000      0.000      0.000      0.000      0.001      0.000     -0.001      0.000      0.000      0.000      0.000      0.000      0.000      0.000      0.000      0.000      0.000      0.000      0.000      0.000      0.005
    -0.037     -0.002      0.020     -0.031      0.025      0.015      0.092      0.048      0.020      0.002      0.000      0.000      0.000      0.000      0.000      0.000      0.000      0.000      0.000      0.000      0.000      0.000      0.001      0.000     -0.001      0.000      0.000      0.000      0.000      0.000      0.000      0.000      0.000      0.000      0.000     -0.001      0.000      0.001      0.000      0.000      0.000      0.000      0.000      0.000      0.000      0.000      0.001      0.000      0.000      0.000      0.000      0.001
     0.038      0.030      0.032      0.030      0.094      0.019      0.015      0.028      0.012     -0.010      0.003      0.000      0.000      0.000      0.000      0.000      0.000      0.000      0.000     -0.001      0.000      0.000      0.001      0.000     -0.001      0.000      0.000      0.000      0.000      0.000      0.000      0.000      0.000      0.000      0.000      0.000      0.000      0.000      0.000      0.000      0.000      0.000      0.000      0.000      0.000      0.000     -0.001      0.000      0.000      0.000      0.000      0.003
     0.019      0.008      0.041      0.011      0.018      0.005      0.060     -0.050     -0.026      0.037      0.008      0.004      0.000      0.000      0.000      0.000      0.000      0.000      0.000      0.000      0.000      0.000      0.000      0.000     -0.001      0.000      0.000      0.000      0.000      0.000      0.000      0.000      0.000      0.000      0.000     -0.001      0.000      0.004      0.000      0.000      0.000     -0.001      0.000      0.000      0.000      0.000     -0.006      0.000      0.000      0.000      0.000      0.017
    -0.018      0.016     -0.075     -0.016      0.000     -0.012      0.023     -0.010     -0.011      0.047     -0.058     -0.011      0.003      0.000      0.000     -0.001      0.000      0.000      0.000      0.000      0.000      0.000      0.000      0.000      0.000      0.000      0.000      0.001     -0.001      0.000      0.000      0.000      0.000      0.000      0.000      0.001      0.000      0.000      0.001      0.000      0.000      0.000      0.000      0.000      0.000      0.001      0.003      0.000      0.000      0.001      0.000      0.000
     0.016     -0.007      0.015     -0.018      0.010      0.022      0.069      0.005     -0.025     -0.007      0.059     -0.045      0.041      0.003      0.000     -0.001      0.000      0.000      0.000      0.000      0.000      0.000      0.000      0.000      0.000      0.000      0.001      0.000      0.000      0.000      0.000      0.000      0.000      0.000      0.000      0.000      0.000      0.000      0.000      0.000      0.000      0.000      0.000      0.000      0.000      0.000      0.000      0.000      0.000      0.000      0.000     -0.004
    -0.018     -0.010      0.003     -0.013      0.039      0.015     -0.003      0.075      0.013      0.000     -0.032      0.003      0.054      0.015      0.002      0.000      0.000      0.000      0.000      0.000      0.000      0.000     -0.001      0.000      0.000      0.000      0.000      0.000      0.000      0.000      0.000      0.000      0.000      0.000      0.000     -0.001      0.000      0.000      0.000      0.000     -0.001      0.000      0.000      0.000      0.000      0.000      0.001      0.000      0.000      0.000      0.000      0.000
    -0.065     -0.095     -0.005     -0.124     -0.002      0.002      0.047     -0.073      0.001      0.011      0.018      0.004     -0.031     -0.075      0.011      0.083     -0.009      0.000      0.011     -0.014      0.012      0.000      0.059      0.002     -0.040     -0.014      0.001     -0.005     -0.008      0.004     -0.001      0.000     -0.002      0.000     -0.001      0.001      0.001      0.003      0.000      0.000     -0.001      0.000      0.000      0.000      0.000     -0.003     -0.005      0.000      0.000      0.000     -0.002      0.010
     0.009      0.045     -0.005      0.060     -0.033     -0.074     -0.039      0.040     -0.006     -0.025      0.002      0.002      0.024      0.030     -0.027     -0.364      0.007      0.000     -0.002      0.002     -0.001      0.000     -0.020      0.001      0.011      0.002      0.000      0.000      0.001      0.000     -0.001      0.000      0.000      0.000      0.000     -0.001      0.000     -0.001      0.000      0.000      0.000      0.000      0.000      0.000      0.000      0.000      0.001      0.001      0.000      0.000      0.000     -0.006
     0.075      0.085      0.144      0.105      0.080      0.081      0.032     -0.030      0.016      0.000      0.006     -0.009     -0.090     -0.005     -0.052     -0.238     -0.491      0.000      0.000      0.000      0.000      0.000      0.000      0.000     -0.001      0.000      0.000      0.000      0.000      0.000      0.000      0.000      0.000      0.000      0.000      0.000      0.000      0.000      0.000      0.000      0.000      0.000      0.000      0.000      0.000      0.000      0.000      0.000      0.000      0.000      0.000      0.000
    -0.016      0.059      0.149      0.031      0.059      0.092      0.107      0.027      0.038      0.064      0.075      0.021     -0.023      0.032     -0.020      0.463     -0.233      0.091      0.007      0.001      0.001      0.001      0.010      0.000     -0.009     -0.004      0.001      0.000     -0.001      0.001     -0.001      0.000      0.000      0.000      0.000      0.001      0.000      0.002      0.000      0.000     -0.001      0.000      0.000      0.000      0.000      0.000     -0.002      0.000      0.000      0.000     -0.001      0.006
    -0.058     -0.026     -0.095      0.009     -0.109     -0.056     -0.044      0.006     -0.008     -0.025     -0.072     -0.001      0.026      0.015     -0.022     -0.288      0.142     -0.041      0.043      0.029      0.000     -0.001     -0.020     -0.001      0.019      0.003      0.002     -0.001      0.006     -0.001     -0.002      0.000      0.000      0.000     -0.001     -0.001      0.000     -0.001      0.000      0.000     -0.002      0.001      0.000      0.000      0.000      0.001      0.007      0.000      0.000     -0.001     -0.001     -0.005
    -0.007     -0.063      0.026      0.017      0.067      0.016      0.044     -0.027      0.024     -0.006     -0.003      0.050      0.014     -0.004     -0.003      0.485     -0.200     -0.087      0.168     -0.018      0.007      0.000      0.013     -0.001     -0.009     -0.002      0.000      0.000      0.000      0.001      0.000      0.000     -0.001      0.000      0.000      0.000      0.000     -0.001      0.000      0.000     -0.001      0.000      0.000      0.000      0.000     -0.001      0.000      0.000      0.000      0.000      0.000      0.000
     0.000      0.112      0.148      0.061      0.076      0.053      0.059      0.011      0.017      0.057      0.057      0.029     -0.021      0.034     -0.019      0.032     -0.062      0.220      0.431     -0.226     -0.086      0.001     -0.001      0.000     -0.002     -0.002      0.000      0.000      0.000      0.000      0.000      0.000      0.000      0.000      0.000      0.000      0.000      0.001      0.000      0.000      0.000      0.000      0.000      0.000      0.000      0.000     -0.003      0.000      0.000      0.001      0.000      0.002
     0.038     -0.001      0.073     -0.029      0.059      0.074      0.061     -0.002      0.076      0.043      0.049      0.007      0.006     -0.012     -0.025      0.425     -0.504      0.057      0.234     -0.239      0.326     -0.075      0.230     -0.002     -0.068     -0.009     -0.001     -0.002     -0.006      0.002     -0.002      0.001      0.001     -0.001      0.000     -0.001      0.001      0.006     -0.001      0.000      0.002      0.001      0.000     -0.001      0.000      0.000      0.004      0.001      0.000      0.000      0.000      0.034
    -0.011     -0.026     -0.028     -0.037     -0.032     -0.016     -0.024     -0.012      0.017      0.016      0.014     -0.001      0.026     -0.005      0.063      0.114      0.196     -0.316     -0.058     -0.110     -0.207      0.007     -0.058      0.004      0.005     -0.001      0.000      0.000      0.001      0.001      0.001      0.000      0.000     -0.001      0.000     -0.001      0.000      0.001      0.000      0.000      0.000      0.000      0.000      0.000      0.000      0.000      0.004      0.001      0.000      0.000      0.000     -0.005
    -0.014     -0.017     -0.157     -0.103     -0.137     -0.113     -0.106      0.031     -0.108     -0.073     -0.052     -0.050      0.022     -0.012      0.015     -0.423      0.411     -0.327     -0.310      0.343     -0.326     -0.165     -0.427      0.252      0.110      0.007      0.003     -0.004      0.009      0.001      0.000      0.000      0.000      0.000     -0.002     -0.003      0.000     -0.004      0.000     -0.002     -0.003      0.001      0.000     -0.001      0.000      0.004      0.018      0.002      0.000     -0.001      0.001      0.047
     0.007     -0.053     -0.175      0.002     -0.102     -0.077     -0.086      0.023     -0.031     -0.021     -0.073     -0.020      0.029      0.030      0.001     -0.617      0.312     -0.212     -0.598      0.250     -0.358     -0.528     -0.241     -0.179      0.277      0.006     -0.001      0.000      0.001     -0.001      0.000      0.000      0.000      0.000      0.000      0.000     -0.001     -0.001      0.000      0.000      0.000      0.000      0.000      0.000      0.000      0.000      0.001      0.000      0.000     -0.001      0.000     -0.007
    -0.038      0.005     -0.028      0.040     -0.081     -0.006      0.030     -0.007      0.039      0.038     -0.039     -0.024     -0.010      0.051      0.010      0.018     -0.017     -0.025      0.057      0.068      0.024      0.013     -0.009      0.001      0.050     -0.043      0.034     -0.001      0.002      0.003      0.001      0.001      0.000      0.001      0.000     -0.001      0.001     -0.002     -0.001     -0.001     -0.001      0.001      0.000      0.000      0.000      0.001      0.005      0.000      0.000     -0.001     -0.001     -0.017
    -0.044     -0.110      0.033      0.040      0.029      0.055      0.030     -0.055     -0.043      0.020     -0.017     -0.002      0.036     -0.021     -0.030     -0.061     -0.016      0.065     -0.017     -0.020     -0.017      0.006     -0.019     -0.004     -0.050      0.011     -0.026      0.069      0.001      0.000      0.001      0.000     -0.001     -0.001      0.000     -0.001     -0.001      0.004      0.000      0.000      0.000      0.000      0.001      0.000      0.000      0.005      0.019     -0.004      0.000     -0.001     -0.001      0.014
    -0.020     -0.021      0.100      0.005     -0.020     -0.020     -0.039      0.004      0.000     -0.013      0.025      0.025     -0.052      0.019      0.005     -0.115      0.051      0.000     -0.038      0.140     -0.008     -0.044     -0.049      0.045      0.112      0.063      0.038      0.015      0.065      0.000      0.001     -0.001     -0.001      0.001     -0.001      0.003      0.000     -0.001      0.001      0.001      0.000      0.000      0.001      0.000      0.000      0.003      0.014      0.000      0.000     -0.002     -0.002      0.108
    -0.016     -0.008      0.008     -0.088      0.029     -0.003     -0.019      0.010      0.011     -0.010      0.024     -0.025      0.005     -0.015     -0.007      0.053      0.000     -0.033      0.026     -0.030      0.036     -0.041      0.017      0.071      0.009     -0.058      0.071      0.000     -0.002      0.056      0.003      0.000      0.002     -0.001      0.001      0.001     -0.001     -0.002      0.001     -0.001     -0.001      0.001      0.001     -0.001      0.000      0.001      0.017      0.001      0.000     -0.003     -0.001      0.011
     0.005     -0.016      0.010     -0.009     -0.047      0.019      0.011     -0.015     -0.002     -0.003     -0.058      0.024      0.018      0.042      0.010     -0.018     -0.060      0.033     -0.084     -0.074     -0.018      0.024     -0.034      0.061      0.001      0.005      0.042      0.023      0.033      0.082      0.017      0.000      0.000     -0.001      0.000      0.000      0.000      0.000      0.000      0.001      0.001     -0.001      0.000      0.000      0.000      0.000      0.001     -0.001      0.000      0.001      0.000      0.003
    -0.001     -0.046      0.036      0.030     -0.036      0.017      0.021      0.007      0.035     -0.013      0.032     -0.003     -0.030      0.005     -0.008      0.003      0.023     -0.059      0.002     -0.021      0.003     -0.038      0.017      0.002     -0.008      0.039      0.040      0.008     -0.037      0.002     -0.007      0.017      0.000      0.000      0.000     -0.003     -0.001      0.001      0.000      0.000      0.001      0.000      0.000      0.000      0.000      0.001     -0.001      0.000      0.000      0.000      0.000      0.008
     0.007      0.003      0.001     -0.022     -0.058      0.037      0.076      0.013      0.010     -0.009     -0.014      0.023     -0.031      0.021     -0.013     -0.063      0.010      0.053     -0.016      0.002     -0.071      0.013      0.011      0.032      0.001      0.019     -0.006     -0.030     -0.037      0.059      0.023      0.036      0.012      0.000      0.000     -0.001      0.000      0.002      0.000      0.000      0.000      0.000      0.000      0.000      0.000      0.000      0.003      0.001      0.000      0.000      0.000      0.014
     0.000     -0.009      0.023      0.023      0.008     -0.033     -0.005     -0.120     -0.070     -0.002      0.040      0.041     -0.040      0.013     -0.062      0.013      0.049      0.025     -0.006     -0.016      0.042     -0.001     -0.026     -0.075     -0.002     -0.017      0.064     -0.020      0.029     -0.028     -0.044      0.035     -0.045      0.010      0.000      0.002     -0.001      0.001      0.000      0.000      0.000      0.000      0.000      0.000      0.000      0.000      0.003     -0.001      0.000      0.001      0.000      0.010
    -0.042     -0.004      0.054      0.019      0.051      0.034      0.007      0.005      0.074     -0.002     -0.024      0.002     -0.002     -0.002     -0.001     -0.052      0.006      0.067     -0.027     -0.054     -0.041      0.015     -0.011     -0.002     -0.062      0.021     -0.030      0.002     -0.027      0.032      0.012     -0.026      0.043      0.034      0.007     -0.001      0.000      0.000      0.000      0.000      0.001      0.000      0.000      0.000      0.000     -0.001     -0.001      0.000      0.000      0.000      0.000      0.001
     0.038     -0.014     -0.014      0.024     -0.038      0.056      0.001     -0.006      0.040     -0.036     -0.003     -0.039      0.035     -0.025     -0.042      0.005     -0.020      0.067      0.034     -0.017      0.007     -0.005     -0.005     -0.047     -0.024     -0.011     -0.019     -0.009      0.027      0.015      0.004     -0.066     -0.032      0.051     -0.020      0.137      0.001      0.000      0.001      0.001      0.001      0.000      0.000      0.001      0.000     -0.002      0.023      0.003      0.000      0.002     -0.002      0.025
    -0.014     -0.028     -0.011      0.012      0.013     -0.030     -0.042     -0.004      0.019      0.028      0.062     -0.038      0.059     -0.051      0.000      0.029     -0.017      0.036     -0.022     -0.005     -0.024      0.022      0.022      0.034      0.003     -0.061      0.026     -0.024      0.017     -0.023      0.027     -0.053      0.035     -0.046     -0.009      0.031      0.013      0.000      0.000      0.000      0.000      0.000      0.000      0.000      0.000     -0.001      0.006      0.000      0.000      0.000      0.000      0.000
     0.026      0.017      0.021      0.024     -0.036      0.005      0.048      0.008     -0.045      0.060     -0.032      0.196      0.026      0.015     -0.009      0.037     -0.027      0.000      0.074     -0.021     -0.047      0.104      0.039      0.075     -0.041     -0.058     -0.033      0.045     -0.017     -0.030     -0.004      0.037      0.047      0.044      0.004     -0.002     -0.009      0.089      0.000      0.000      0.002      0.001      0.001      0.000      0.000      0.003      0.012     -0.001      0.000      0.000      0.000      0.006
    -0.095      0.005      0.031     -0.042      0.049     -0.058     -0.027     -0.016      0.019      0.033     -0.011      0.016      0.101     -0.016      0.001      0.006      0.024     -0.004      0.011      0.001      0.014     -0.007     -0.027      0.010     -0.012     -0.016     -0.052     -0.004      0.024      0.027     -0.002      0.006     -0.016     -0.023      0.051      0.024     -0.001      0.001      0.008      0.000      0.000      0.000      0.000      0.000      0.000     -0.001     -0.002      0.000      0.000      0.000      0.000     -0.010
    -0.032     -0.008     -0.058      0.010      0.031      0.035      0.017     -0.014      0.000     -0.009      0.018     -0.017      0.015      0.120     -0.017      0.016     -0.015     -0.025      0.033      0.004      0.011      0.001     -0.011     -0.013     -0.061      0.020     -0.048     -0.004      0.041     -0.051      0.064      0.027     -0.004     -0.012      0.045      0.036     -0.015      0.020      0.038      0.006      0.000     -0.001      0.000      0.000      0.000     -0.001     -0.002      0.000      0.000     -0.001      0.000     -0.001
     0.050     -0.030      0.040     -0.008      0.018      0.036     -0.033     -0.043      0.031     -0.023      0.015     -0.027     -0.008      0.006     -0.108     -0.013      0.002      0.020     -0.062     -0.061     -0.032     -0.016      0.020      0.020     -0.055      0.022     -0.028      0.004     -0.009     -0.020      0.034      0.050      0.017     -0.008      0.032      0.018     -0.002      0.027      0.020     -0.015      0.037      0.000      0.000      0.000      0.000     -0.002     -0.006      0.000      0.000     -0.001      0.000     -0.007
     0.010     -0.018     -0.024      0.000      0.013      0.021      0.006      0.055      0.007      0.018      0.027     -0.115      0.039     -0.010      0.039     -0.003      0.008     -0.022      0.029      0.060     -0.021     -0.081      0.027     -0.003      0.056      0.039      0.064      0.012      0.005      0.036     -0.120      0.004     -0.003     -0.013     -0.042      0.012      0.033      0.052     -0.058     -0.093     -0.014      0.007      0.000     -0.001      0.000      0.003      0.022     -0.002      0.000     -0.002      0.000     -0.030
     0.031     -0.096      0.070      0.013     -0.024     -0.012      0.057     -0.038     -0.040      0.007      0.020     -0.024      0.025      0.016     -0.050      0.027     -0.018     -0.051      0.008     -0.014      0.035      0.007      0.020      0.025     -0.016     -0.009      0.094      0.140      0.112      0.166      0.109      0.067      0.020      0.052      0.008      0.044      0.026      0.098      0.052      0.005      0.032     -0.006      0.001      0.000      0.000      0.001      0.005      0.000      0.000      0.000      0.000     -0.021
     0.030      0.004      0.009      0.041     -0.010     -0.035     -0.015     -0.049      0.005      0.022      0.009      0.108     -0.058      0.002     -0.004     -0.022     -0.031      0.053     -0.039     -0.022     -0.042      0.001     -0.040     -0.015     -0.053      0.021     -0.043     -0.020      0.015     -0.097      0.047     -0.035      0.008      0.024      0.006      0.064     -0.011      0.011      0.072      0.091      0.035     -0.587     -0.153      0.001      0.000     -0.001     -0.005      0.000      0.000      0.000      0.000      0.007
    -0.031     -0.011     -0.023     -0.032      0.026      0.020      0.000      0.051      0.002     -0.027     -0.022     -0.097      0.046      0.000     -0.027      0.024      0.018     -0.036      0.040      0.036      0.048      0.017      0.034      0.001      0.017     -0.021      0.024     -0.003     -0.004      0.071     -0.037      0.001     -0.038     -0.038     -0.005     -0.098      0.010     -0.055     -0.064     -0.069     -0.060      0.395      0.109     -0.896      0.000      0.000      0.001      0.000      0.000      0.000      0.000     -0.001
     0.034      0.025      0.012      0.004     -0.100     -0.014     -0.004      0.011     -0.037      0.004     -0.049      0.033      0.074     -0.048     -0.005     -0.074     -0.018      0.023     -0.028      0.037     -0.042      0.035      0.001      0.002      0.078      0.026      0.040      0.126      0.084      0.015      0.016      0.031      0.024      0.016     -0.060     -0.037     -0.039      0.072     -0.082     -0.088     -0.072      0.255      0.190     -0.201      0.130      0.023      0.013     -0.010      0.000      0.004      0.001      0.039
    -0.017     -0.050     -0.008     -0.034     -0.029     -0.023     -0.011     -0.010      0.001      0.029     -0.015     -0.097      0.057      0.001      0.014     -0.019      0.008      0.021     -0.030      0.040     -0.006     -0.085      0.009      0.069      0.057      0.009      0.028      0.078      0.060      0.074      0.005     -0.009      0.034      0.029     -0.016      0.066      0.057      0.042     -0.020     -0.029     -0.035      0.284      0.219     -0.171      0.119      0.091      0.898     -0.009      0.000     -0.014      0.001     -0.444
     0.008     -0.028      0.016      0.000      0.031      0.030      0.041      0.040      0.032     -0.018     -0.001      0.015     -0.007      0.048      0.019     -0.005      0.048     -0.028     -0.010     -0.012      0.009     -0.003      0.010      0.048      0.039     -0.003     -0.015     -0.092     -0.003      0.025     -0.026     -0.004      0.063     -0.056      0.025      0.037      0.003     -0.023      0.011     -0.017      0.014     -0.133     -0.041     -0.057     -0.021     -0.381     -0.053      0.034      0.000     -0.002     -0.003      0.011
    -0.044      0.023      0.010     -0.052     -0.006     -0.001     -0.010     -0.036     -0.014      0.002      0.045     -0.089     -0.007      0.003      0.011      0.073      0.015     -0.037      0.088      0.019      0.025      0.003      0.020      0.012      0.006     -0.071      0.050      0.046     -0.031      0.074     -0.009      0.063     -0.009      0.010      0.022     -0.053      0.060      0.018     -0.037     -0.045      0.052      0.327      0.061     -0.360      0.240     -0.054      0.117     -0.337      0.000      0.000      0.000      0.000
    -0.039      0.037     -0.005     -0.007     -0.021     -0.022     -0.018      0.000     -0.019     -0.032     -0.034      0.000      0.053     -0.018     -0.003      0.004     -0.004      0.032      0.002     -0.038     -0.013      0.081      0.001      0.008     -0.014     -0.061     -0.026     -0.013     -0.048     -0.057      0.057      0.001      0.000      0.044     -0.007      0.024     -0.020     -0.006     -0.028     -0.058     -0.017     -0.131     -0.061      0.065     -0.057      0.145     -0.077     -0.045      0.084      0.039      0.000      0.039
    -0.020      0.068      0.050      0.015     -0.023     -0.028     -0.020     -0.017     -0.012     -0.037     -0.049     -0.055      0.002     -0.035      0.005     -0.060      0.025      0.067     -0.066     -0.041     -0.039     -0.007     -0.009     -0.021      0.039      0.014     -0.040     -0.050     -0.098     -0.023      0.025     -0.008      0.028      0.013      0.008     -0.062      0.003     -0.016     -0.022     -0.018     -0.010      0.061     -0.203     -0.177      0.108      0.050      0.007     -0.175      0.022     -0.002      0.009     -0.033
    -0.012      0.006     -0.023     -0.012      0.070     -0.008      0.041     -0.048      0.029      0.009      0.018      0.086     -0.001     -0.026     -0.002      0.011     -0.023      0.000      0.022     -0.009      0.000      0.015      0.023     -0.023      0.046     -0.027     -0.031      0.017      0.138      0.016      0.007      0.021      0.042      0.031      0.003      0.022      0.001      0.007     -0.036     -0.004     -0.012     -0.121     -0.298      0.075     -0.040      0.084     -0.153      0.019     -0.010      0.065     -0.114      9.372

Derivative matrix of expected statistics X by parameters and
covariance/correlation matrix of X can be found using
summary(ans) within R, or by using the 'verbose' option in Siena07.
 
Total computation time 618.16 seconds.
