

-----------------------------------
New Analysis started.
Date and time: 21/09/2026 16:53:18
New results follow.
-----------------------------------

RSiena version 1.3.10 (28 Apr 22)


@1
Estimation by stochastic approximation algorithm.
=================================================

Current random number seed is 52020082.
Effects object used: bound$effects 
Model Type:
 Initiative model
Behavioral Model Type:
 Standard behavior actor-oriented model ('restrict')
Estimation method: unconditional moment estimation
.

Time duration for simulations in each period is 1.0.
Changing composition.
Joiners/leavers option: 1
Standard errors are estimated with the likelihood ratio method.
Dolby method (regression on scores) is used.
Initial value of gain parameter is  0.2000000.
Reduction factor for gain parameter is  0.5000000.
Number of subphases in Phase 2 is 0.

Initial parameter values are 
  1. rate:  constant dv.net rate (period 1)                 0.0479
  2. rate:  constant dv.net rate (period 2)                 0.1413
  3. rate:  constant dv.net rate (period 3)                 0.4324
  4. rate:  constant dv.net rate (period 4)                 0.3507
  5. rate:  constant dv.net rate (period 5)                 0.3236
  6. rate:  constant dv.net rate (period 6)                 0.3205
  7. rate:  constant dv.net rate (period 7)                 0.3988
  8. rate:  constant dv.net rate (period 8)                 0.3092
  9. rate:  constant dv.net rate (period 9)                 0.3248
 10. rate:  constant dv.net rate (period 10)                0.2745
 11. rate:  constant dv.net rate (period 11)                0.3207
 12. rate:  constant dv.net rate (period 12)                0.4423
 13. rate:  constant dv.net rate (period 13)                0.3512
 14. rate:  constant dv.net rate (period 14)                0.3219
 15. rate:  constant dv.net rate (period 15)                0.2876
 16. rate:  constant dv.net rate (period 16)                0.5098
 17. rate:  constant dv.net rate (period 17)                0.3383
 18. eval:  degree (density)                               -5.7544
 19. eval:  transitive triads                               0.1803
 20. eval:  degree act+pop                                  0.0608
 21. eval:  nets.lndistance_d                              -0.9063
 22. eval:  nets.ATOP_d                                     1.1436
 23. eval:  nets.absidealdiff_d                            -0.6421
 24. eval:  nets.lntrade_d                                  0.0706
 25. eval:  nets.NATO_d                                    -3.7719
 26. eval:  milex.beh alter                                -0.0661
 27. eval:  beh.democracy_1 alter                           1.6161
 28. eval:  beh.lncinc_1 alter                              0.8177
 29. rate:  rate milex.beh (period 1)                       0.9340
 30. rate:  rate milex.beh (period 2)                       1.3133
 31. rate:  rate milex.beh (period 3)                       1.3496
 32. rate:  rate milex.beh (period 4)                       1.1841
 33. rate:  rate milex.beh (period 5)                       0.7010
 34. rate:  rate milex.beh (period 6)                       0.5673
 35. rate:  rate milex.beh (period 7)                       0.4763
 36. rate:  rate milex.beh (period 8)                       0.5275
 37. rate:  rate milex.beh (period 9)                       0.3762
 38. rate:  rate milex.beh (period 10)                      1.7538
 39. rate:  rate milex.beh (period 11)                      0.5902
 40. rate:  rate milex.beh (period 12)                      1.3438
 41. rate:  rate milex.beh (period 13)                      0.3270
 42. rate:  rate milex.beh (period 14)                      0.2989
 43. rate:  rate milex.beh (period 15)                      1.0941
 44. rate:  rate milex.beh (period 16)                      0.4204
 45. rate:  rate milex.beh (period 17)                      0.3635
 46. eval:  milex.beh linear shape                         -1.1892
 47. eval:  milex.beh quadratic shape                      -0.0352
 48. eval:  milex.beh degree                                0.0932
 49. eval:  milex.beh dense triads                         -0.0239
 50. eval:  milex.beh: effect from beh.democracy_1         -0.4962
 51. eval:  milex.beh: effect from beh.GDPgrowth_1         -2.4403
 52. eval:  milex.beh: effect from beh.nato_1               0.9209
 53. eval:  milex.beh: effect from beh.allies_1            -0.0110
 54. eval:  milex.beh: effect from beh.military_1           0.2633
 55. eval:  milex.beh: effect from beh.lnmids_1             0.1499
 56. eval:  milex.beh: effect from beh.milexSpLag_1         7.8081


Observed values of target statistics are
  1. Amount of network change in period 1                                10.0000
  2. Amount of network change in period 2                                34.0000
  3. Amount of network change in period 3                                86.0000
  4. Amount of network change in period 4                                94.0000
  5. Amount of network change in period 5                                76.0000
  6. Amount of network change in period 6                                76.0000
  7. Amount of network change in period 7                                94.0000
  8. Amount of network change in period 8                                78.0000
  9. Amount of network change in period 9                                84.0000
 10. Amount of network change in period 10                               72.0000
 11. Amount of network change in period 11                               84.0000
 12. Amount of network change in period 12                              114.0000
 13. Amount of network change in period 13                               94.0000
 14. Amount of network change in period 14                               88.0000
 15. Amount of network change in period 15                               80.0000
 16. Amount of network change in period 16                              138.0000
 17. Amount of network change in period 17                               96.0000
 18. Number of edges                                                   4749.0000
 19. Number of transitive triads                                       6550.0000
 20. Sum of squared degrees                                            295492.0000
 21. Sum of ties x nets.lndistance_d                                   -9747.6740
 22. Sum of ties x nets.ATOP_d                                         5448.6151
 23. Sum of ties x nets.absidealdiff_d                                 -2610.8800
 24. Sum of ties x nets.lntrade_d                                      33846.3182
 25. Sum of ties x nets.NATO_d                                         1074.4417
 26. Sum of degrees x milex.beh                                        -147.2762
 27. Sum of degrees x beh.democracy_1                                  2684.2037
 28. Sum of degrees x beh.lncinc_1                                     11911.5952
 29. Amount of behavioral change in period 1 on milex.beh                41.0000
 30. Amount of behavioral change in period 2 on milex.beh                50.0000
 31. Amount of behavioral change in period 3 on milex.beh                57.0000
 32. Amount of behavioral change in period 4 on milex.beh                52.0000
 33. Amount of behavioral change in period 5 on milex.beh                37.0000
 34. Amount of behavioral change in period 6 on milex.beh                32.0000
 35. Amount of behavioral change in period 7 on milex.beh                28.0000
 36. Amount of behavioral change in period 8 on milex.beh                31.0000
 37. Amount of behavioral change in period 9 on milex.beh                24.0000
 38. Amount of behavioral change in period 10 on milex.beh               71.0000
 39. Amount of behavioral change in period 11 on milex.beh               34.0000
 40. Amount of behavioral change in period 12 on milex.beh               55.0000
 41. Amount of behavioral change in period 13 on milex.beh               18.0000
 42. Amount of behavioral change in period 14 on milex.beh               17.0000
 43. Amount of behavioral change in period 15 on milex.beh               48.0000
 44. Amount of behavioral change in period 16 on milex.beh               20.0000
 45. Amount of behavioral change in period 17 on milex.beh               18.0000
 46. milex.beh centered sum                                             -67.9151
 47. milex.beh sum of cent. squares                                    5722.2550
 48. milex.beh outdegrees                                              -256.4846
 49. milex.beh dense triads                                            -2686.3147
 50. milex.beh x beh.democracy_1                                       -381.2796
 51. milex.beh x beh.GDPgrowth_1                                          0.3065
 52. milex.beh x beh.nato_1                                              47.2347
 53. milex.beh x beh.allies_1                                          -4376.9242
 54. milex.beh x beh.military_1                                         126.7983
 55. milex.beh x beh.lnmids_1                                           566.8675
 56. milex.beh x beh.milexSpLag_1                                        23.5793

 56 parameters, 56 statistics

Number of subphases is specified as 0.
Therefore the estimation phase is skipped
 and the program passes on immediately to phase 3
 for checking the current parameter values and calculating standard errors.
Estimation of derivatives by the LR method (type 1).


@2
End of stochastic approximation algorithm, phase 3.
---------------------------------------------------

Total of 3000 iterations.
Parameter estimates based on 0 iterations,
convergence diagnostics, covariance and derivative matrices based on 3000 iterations.

Information for convergence diagnosis.
Averages, standard deviations, and t-ratios for deviations from targets:
  1.   -0.1053    4.3415  -0.0243 
  2.    0.0780    8.0968   0.0096 
  3.   -0.0333   12.2821  -0.0027 
  4.    0.0887   13.8856   0.0064 
  5.   -0.2520   11.7371  -0.0215 
  6.    0.5200   12.0401   0.0432 
  7.    0.5280   13.3067   0.0397 
  8.    0.3440   12.2476   0.0281 
  9.   -0.2560   12.7093  -0.0201 
 10.    0.3473   11.3503   0.0306 
 11.   -0.1327   12.5024  -0.0106 
 12.    0.0047   14.8855   0.0003 
 13.   -0.2593   13.1315  -0.0197 
 14.   -0.3373   13.2168  -0.0255 
 15.    0.3840   12.2757   0.0313 
 16.   -0.5100   15.9576  -0.0320 
 17.   -0.0420   13.6693  -0.0031 
 18.   -0.5347   25.8118  -0.0207 
 19.   -3.3823   86.5158  -0.0391 
 20. -134.3480 2618.4961  -0.0513 
 21.    2.4220   66.8537   0.0362 
 22.   -0.4242   31.7548  -0.0134 
 23.    0.9557   46.4476   0.0206 
 24.   -2.7930  192.0709  -0.0145 
 25.   -0.0935    9.7004  -0.0096 
 26.    0.9348   53.2115   0.0176 
 27.   -0.1730   18.7965  -0.0092 
 28.   -1.0851   84.8449  -0.0128 
 29.    0.2257    5.7079   0.0395 
 30.    0.4127    6.0447   0.0683 
 31.   -0.0327    6.4640  -0.0051 
 32.   -0.0810    6.3948  -0.0127 
 33.    0.2393    5.5859   0.0428 
 34.    0.0360    5.2903   0.0068 
 35.    0.0417    4.9434   0.0084 
 36.   -0.0097    5.1957  -0.0019 
 37.   -0.1093    4.5340  -0.0241 
 38.    0.1733    6.9839   0.0248 
 39.    0.0463    5.3509   0.0087 
 40.    0.1143    6.2887   0.0182 
 41.    0.0600    4.0186   0.0149 
 42.   -0.0973    3.8626  -0.0252 
 43.   -0.0483    5.9843  -0.0081 
 44.    0.1847    4.2055   0.0439 
 45.    0.1730    3.9648   0.0436 
 46.   -0.0320   24.1704  -0.0013 
 47.   -0.4121   94.1313  -0.0044 
 48.   -3.4650  175.9057  -0.0197 
 49.   -3.6247  465.1522  -0.0078 
 50.    0.0924   12.1925   0.0076 
 51.   -0.1110    2.1671  -0.0512 
 52.    0.1794    9.4574   0.0190 
 53.   -5.7002  474.3117  -0.0120 
 54.   -0.0017    6.7449  -0.0003 
 55.   -0.4047   15.6339  -0.0259 
 56.   -0.0047    0.5111  -0.0092 

Good convergence is indicated by the t-ratios being close to zero.

Overall maximum convergence ratio =  0.1972 .



@2
Estimation Results.
-------------------

Regular end of estimation algorithm.
Total of 3000 iteration steps.


@3
Estimates and standard errors
                             
Network Dynamics
 1. rate:  constant dv.net rate (period 1)                         0.0479  (   0.0222)
 2. rate:  constant dv.net rate (period 2)                         0.1413  (   0.0364)
 3. rate:  constant dv.net rate (period 3)                         0.4324  (   0.0803)
 4. rate:  constant dv.net rate (period 4)                         0.3507  (   0.0526)
 5. rate:  constant dv.net rate (period 5)                         0.3236  (   0.0589)
 6. rate:  constant dv.net rate (period 6)                         0.3205  (   0.0559)
 7. rate:  constant dv.net rate (period 7)                         0.3988  (   0.0619)
 8. rate:  constant dv.net rate (period 8)                         0.3092  (   0.0523)
 9. rate:  constant dv.net rate (period 9)                         0.3248  (   0.0528)
10. rate:  constant dv.net rate (period 10)                        0.2745  (   0.0491)
11. rate:  constant dv.net rate (period 11)                        0.3207  (   0.0528)
12. rate:  constant dv.net rate (period 12)                        0.4423  (   0.0625)
13. rate:  constant dv.net rate (period 13)                        0.3512  (   0.0546)
14. rate:  constant dv.net rate (period 14)                        0.3219  (   0.0504)
15. rate:  constant dv.net rate (period 15)                        0.2876  (   0.0475)
16. rate:  constant dv.net rate (period 16)                        0.5098  (   0.0669)
17. rate:  constant dv.net rate (period 17)                        0.3383  (   0.0507)
18. eval:  degree (density)                                       -5.7544  (   0.2409)
19. eval:  transitive triads                                       0.1803  (   0.0588)
20. eval:  degree act+pop                                          0.0608  (   0.0055)
21. eval:  nets.lndistance_d                                      -0.9063  (   0.0773)
22. eval:  nets.ATOP_d                                             1.1436  (   0.1443)
23. eval:  nets.absidealdiff_d                                    -0.6421  (   0.0760)
24. eval:  nets.lntrade_d                                          0.0706  (   0.0323)
25. eval:  nets.NATO_d                                            -3.7719  (   0.4179)
26. eval:  milex.beh alter                                        -0.0661  (   0.0610)
27. eval:  beh.democracy_1 alter                                   1.6161  (   0.2718)
28. eval:  beh.lncinc_1 alter                                      0.8177  (   0.0715)
Behavior Dynamics

29. rate:  rate milex.beh (period 1)                               0.9340  (   0.1729)
30. rate:  rate milex.beh (period 2)                               1.3133  (   0.2489)
31. rate:  rate milex.beh (period 3)                               1.3496  (   0.2351)
32. rate:  rate milex.beh (period 4)                               1.1841  (   0.2286)
33. rate:  rate milex.beh (period 5)                               0.7010  (   0.1357)
34. rate:  rate milex.beh (period 6)                               0.5673  (   0.1184)
35. rate:  rate milex.beh (period 7)                               0.4763  (   0.0985)
36. rate:  rate milex.beh (period 8)                               0.5275  (   0.1070)
37. rate:  rate milex.beh (period 9)                               0.3762  (   0.0869)
38. rate:  rate milex.beh (period 10)                              1.7538  (   0.2988)
39. rate:  rate milex.beh (period 11)                              0.5902  (   0.1182)
40. rate:  rate milex.beh (period 12)                              1.3438  (   0.2381)
41. rate:  rate milex.beh (period 13)                              0.3270  (   0.0849)
42. rate:  rate milex.beh (period 14)                              0.2989  (   0.0750)
43. rate:  rate milex.beh (period 15)                              1.0941  (   0.2076)
44. rate:  rate milex.beh (period 16)                              0.4204  (   0.1114)
45. rate:  rate milex.beh (period 17)                              0.3635  (   0.0971)
46. eval:  milex.beh linear shape                                 -1.1892  (   0.0793)
47. eval:  milex.beh quadratic shape                              -0.0352  (   0.0247)
48. eval:  milex.beh degree                                        0.0932  (   0.0250)
49. eval:  milex.beh dense triads                                 -0.0239  (   0.0083)
50. eval:  milex.beh: effect from beh.democracy_1                 -0.4962  (   0.1429)
51. eval:  milex.beh: effect from beh.GDPgrowth_1                 -2.4403  (   0.9111)
52. eval:  milex.beh: effect from beh.nato_1                       0.9209  (   0.1760)
53. eval:  milex.beh: effect from beh.allies_1                    -0.0110  (   0.0036)
54. eval:  milex.beh: effect from beh.military_1                   0.2633  (   0.1979)
55. eval:  milex.beh: effect from beh.lnmids_1                     0.1499  (   0.0922)
56. eval:  milex.beh: effect from beh.milexSpLag_1                 7.8081  (   2.9482)


@3
Covariance matrices
                   
Covariance matrix of estimates (correlations below diagonal):
     0.000      0.000      0.000      0.000      0.000      0.000      0.000      0.000      0.000      0.000      0.000      0.000      0.000      0.000      0.000      0.000      0.000      0.000      0.000      0.000      0.000      0.000      0.000      0.000      0.000      0.000      0.000      0.000      0.000      0.000      0.000      0.000      0.000      0.000      0.000      0.000      0.000      0.000      0.000      0.000      0.000      0.000      0.000      0.000      0.000      0.000      0.000      0.000      0.000      0.000      0.001      0.000      0.000      0.000      0.000      0.000
    -0.040      0.001      0.000      0.000      0.000      0.000      0.000      0.000      0.000      0.000      0.000      0.000      0.000      0.000      0.000      0.000      0.000     -0.001      0.000      0.000      0.000      0.000      0.000      0.000      0.000      0.000      0.000      0.000      0.000     -0.001      0.000      0.000      0.000      0.000      0.000      0.000      0.000      0.000      0.000      0.000      0.000      0.000      0.000      0.000      0.000      0.000      0.000      0.000      0.000      0.000      0.000      0.000      0.000      0.000      0.000      0.000
    -0.001      0.048      0.006      0.000      0.000      0.000      0.000      0.000      0.000      0.000      0.000      0.000      0.000      0.000      0.000      0.000      0.000     -0.001      0.000      0.000      0.001     -0.001      0.000      0.000      0.002      0.000     -0.002     -0.001      0.000      0.000      0.000      0.000      0.000      0.000      0.000      0.000      0.000      0.000      0.000      0.000      0.000      0.000      0.000      0.000      0.000      0.000      0.000      0.000      0.000      0.000      0.001      0.000      0.000      0.000      0.000     -0.004
     0.031      0.041      0.006      0.003      0.000      0.000      0.000      0.000      0.000      0.000      0.000      0.000      0.000      0.000      0.000      0.000      0.000     -0.001      0.000      0.000      0.000      0.000      0.000      0.000      0.000      0.000     -0.001      0.000      0.000      0.000      0.000      0.001      0.000      0.000      0.000      0.000      0.000      0.000      0.000      0.000      0.000      0.000      0.000      0.000      0.000      0.000      0.000      0.000      0.000      0.000      0.000      0.000      0.000      0.000      0.000      0.001
     0.023      0.050      0.074      0.036      0.003      0.000      0.000      0.000      0.000      0.000      0.000      0.000      0.000      0.000      0.000      0.000      0.000      0.000      0.000      0.000      0.000      0.000      0.000      0.000      0.001      0.000     -0.002      0.000      0.000      0.000      0.000      0.000      0.000      0.000      0.000      0.000      0.000      0.000      0.000      0.000      0.000      0.000      0.000      0.000      0.000      0.000      0.000      0.000      0.000      0.000      0.000      0.000      0.000      0.000      0.000     -0.004
     0.030      0.001      0.039      0.046      0.005      0.003      0.000      0.000      0.000      0.000      0.000      0.000      0.000      0.000      0.000      0.000      0.000      0.000      0.000      0.000      0.000     -0.001      0.000      0.000      0.000      0.000     -0.001      0.000      0.000      0.000      0.000      0.000      0.000      0.000      0.000      0.000      0.000      0.000      0.000      0.000      0.000      0.000      0.000      0.000      0.000      0.000      0.000      0.000      0.000      0.000      0.001      0.000      0.000      0.000      0.000     -0.002
     0.023      0.023      0.020      0.033      0.034      0.014      0.004      0.000      0.000      0.000      0.000      0.000      0.000      0.000      0.000      0.000      0.000      0.000      0.000      0.000      0.000      0.000      0.000      0.000      0.001      0.000     -0.001      0.000      0.000      0.000      0.000      0.000      0.000      0.000      0.000      0.000      0.000      0.000      0.000      0.000      0.000      0.000      0.000      0.000      0.000      0.000      0.000      0.000      0.000      0.000     -0.001      0.000      0.000      0.000      0.000     -0.003
     0.008      0.011      0.031      0.018      0.016      0.030      0.038      0.003      0.000      0.000      0.000      0.000      0.000      0.000      0.000      0.000      0.000      0.000      0.000      0.000      0.000      0.000      0.000      0.000      0.001      0.000     -0.001      0.000      0.000      0.000      0.000      0.000      0.000      0.000      0.000      0.000      0.000      0.000      0.000      0.000      0.000      0.000      0.000      0.000      0.000      0.000      0.000      0.000      0.000      0.000      0.000      0.000      0.000      0.000      0.000      0.002
     0.001      0.026      0.035      0.036      0.012      0.020      0.021      0.016      0.003      0.000      0.000      0.000      0.000      0.000      0.000      0.000      0.000      0.000      0.000      0.000      0.000      0.000      0.000      0.000      0.000      0.000      0.000      0.000      0.000      0.000      0.000      0.000      0.000      0.000      0.000      0.000      0.000      0.000      0.000      0.000      0.000      0.000      0.000      0.000      0.000      0.000      0.000      0.000      0.000      0.000      0.000      0.000      0.000      0.000      0.000      0.001
     0.006      0.010      0.004      0.005     -0.008      0.028     -0.017      0.009      0.009      0.002      0.000      0.000      0.000      0.000      0.000      0.000      0.000      0.000      0.000      0.000      0.000      0.000      0.000      0.000      0.000      0.000      0.000      0.000      0.000      0.000      0.000      0.000      0.000      0.000      0.000      0.000      0.000      0.001      0.000      0.000      0.000      0.000      0.000      0.000      0.000      0.000      0.000      0.000      0.000      0.000      0.000      0.000      0.000      0.000      0.000     -0.003
     0.000      0.011      0.035      0.020      0.011     -0.007      0.023      0.009      0.020     -0.021      0.003      0.000      0.000      0.000      0.000      0.000      0.000      0.000      0.000      0.000      0.000      0.000      0.000      0.000      0.001      0.000     -0.001      0.000      0.000      0.000      0.000      0.000      0.000      0.000      0.000      0.000      0.000      0.000      0.000      0.000      0.000      0.000      0.000      0.000      0.000      0.000      0.000      0.000      0.000      0.000     -0.001      0.000      0.000      0.000      0.000      0.001
    -0.011      0.011     -0.006     -0.003      0.000      0.026      0.040      0.046     -0.011      0.036      0.011      0.004      0.000      0.000      0.000      0.000      0.000      0.000      0.000      0.000      0.000      0.000      0.000      0.000      0.001      0.000      0.000      0.000      0.000      0.000      0.000      0.000      0.000      0.000      0.000      0.000      0.000      0.000      0.000      0.000      0.000      0.000      0.000      0.000      0.000      0.000      0.000      0.000      0.000      0.000      0.001      0.000      0.000      0.000      0.000      0.002
     0.002      0.001      0.015      0.025      0.034      0.026     -0.003      0.024      0.018     -0.001     -0.009      0.006      0.003      0.000      0.000      0.000      0.000      0.000      0.000      0.000      0.000      0.000      0.000      0.000      0.001      0.000     -0.001      0.000      0.000      0.000      0.000      0.000      0.000      0.000      0.000      0.000      0.000      0.000      0.000      0.000      0.000      0.000      0.000      0.000      0.000      0.000      0.000      0.000      0.000      0.000      0.001      0.000      0.000      0.000      0.000      0.003
    -0.001      0.012     -0.003      0.035     -0.029     -0.007      0.035      0.018      0.010     -0.013      0.019      0.006     -0.018      0.003      0.000      0.000      0.000      0.000      0.000      0.000      0.000      0.000      0.000      0.000      0.000      0.000      0.000      0.000      0.000      0.000      0.000      0.000      0.000      0.000      0.000      0.000      0.000      0.000      0.000      0.000      0.000      0.000      0.000      0.000      0.000      0.000      0.000      0.000      0.000      0.000      0.002      0.000      0.000      0.000      0.000      0.004
     0.005      0.000      0.006      0.035     -0.003      0.015     -0.008      0.007     -0.019      0.032      0.028     -0.008      0.003      0.012      0.002      0.000      0.000      0.000      0.000      0.000      0.000      0.000      0.000      0.000      0.000      0.000      0.000      0.000      0.000      0.000      0.000      0.000      0.000      0.000      0.000      0.000      0.000      0.000      0.000      0.000      0.000      0.000      0.000      0.000      0.000      0.000      0.000      0.000      0.000      0.000      0.000      0.000      0.000      0.000      0.000      0.000
    -0.009     -0.006      0.025      0.004      0.025     -0.020      0.015     -0.003      0.014     -0.037     -0.007      0.012      0.016     -0.012     -0.005      0.004      0.000      0.001      0.000      0.000      0.000      0.000      0.000      0.000      0.002      0.000     -0.001      0.000      0.000      0.000      0.000      0.000      0.000      0.000      0.000      0.000      0.000      0.000      0.000      0.000      0.000      0.000      0.000      0.000      0.000      0.000      0.000      0.000      0.000      0.000     -0.001      0.000      0.000      0.000      0.000      0.002
    -0.010      0.001      0.042     -0.012     -0.007      0.008      0.014      0.009     -0.013      0.017     -0.009     -0.014     -0.005      0.002      0.029      0.007      0.003      0.000      0.000      0.000      0.000      0.000      0.000      0.000      0.000      0.000      0.000      0.000      0.000      0.000      0.000      0.000      0.000      0.000      0.000      0.000      0.000      0.000      0.000      0.000      0.000      0.000      0.000      0.000      0.000      0.000      0.000      0.000      0.000      0.000      0.001      0.000      0.000      0.000      0.000      0.004
    -0.051     -0.079     -0.032     -0.073     -0.002     -0.036     -0.022     -0.038     -0.029     -0.042     -0.008     -0.023      0.012      0.030     -0.033      0.060      0.027      0.058     -0.004      0.000      0.007     -0.009      0.007      0.000      0.036      0.002     -0.028     -0.009      0.000     -0.001      0.001     -0.003      0.000      0.000      0.000     -0.001      0.001      0.003      0.001     -0.001     -0.001      0.000     -0.001     -0.001      0.000      0.000      0.000      0.000      0.000      0.000      0.000     -0.001      0.000      0.003      0.000      0.014
     0.032     -0.014     -0.020     -0.024     -0.044      0.011     -0.004      0.002      0.004      0.024     -0.046     -0.016     -0.022     -0.028      0.031      0.009      0.068     -0.294      0.003      0.000     -0.001      0.000     -0.001      0.000     -0.012      0.000      0.005      0.001      0.000      0.001      0.000      0.000      0.000      0.000      0.000      0.000      0.000      0.000      0.000      0.000      0.000      0.000      0.000      0.000      0.000      0.000      0.000      0.000      0.000      0.000      0.000      0.000      0.000      0.000      0.000     -0.001
     0.020      0.104      0.140      0.118      0.082      0.094      0.023      0.048      0.032      0.027      0.054      0.017      0.003      0.013     -0.032     -0.034     -0.061     -0.298     -0.510      0.000      0.000      0.000      0.000      0.000      0.000      0.000      0.000      0.000      0.000      0.000      0.000      0.000      0.000      0.000      0.000      0.000      0.000      0.000      0.000      0.000      0.000      0.000      0.000      0.000      0.000      0.000      0.000      0.000      0.000      0.000      0.000      0.000      0.000      0.000      0.000      0.000
    -0.010      0.052      0.099      0.049      0.082      0.031      0.081      0.060      0.047      0.025      0.029      0.022      0.000      0.027      0.031      0.049      0.057      0.396     -0.191      0.085      0.006      0.001      0.001      0.001      0.007      0.000     -0.005     -0.003      0.000      0.000      0.000      0.000      0.000      0.000      0.000      0.000      0.000      0.000      0.000      0.000      0.000      0.000      0.000      0.000      0.000      0.000      0.000      0.000      0.000      0.000     -0.002      0.000      0.000      0.001      0.000      0.001
     0.007     -0.003     -0.057     -0.021     -0.039     -0.062     -0.027     -0.043      0.008     -0.002     -0.034     -0.027     -0.025     -0.031      0.005     -0.032     -0.041     -0.259      0.002     -0.002      0.134      0.021      0.000     -0.001     -0.009     -0.001      0.012      0.002      0.000      0.000     -0.001      0.000      0.000      0.000      0.000      0.000      0.000      0.000      0.000      0.000      0.000      0.000      0.000      0.000      0.000      0.000      0.000      0.000      0.000      0.000     -0.001      0.000      0.000     -0.001     -0.001      0.009
     0.020     -0.003      0.023      0.025      0.044      0.002      0.024      0.027     -0.006     -0.009      0.027      0.004      0.015      0.031     -0.023      0.036      0.010      0.362     -0.151     -0.023      0.093      0.044      0.006      0.000      0.009     -0.002     -0.006     -0.002      0.000      0.000      0.000      0.000      0.000      0.000      0.000      0.000      0.000      0.000      0.000      0.000      0.000      0.000      0.000      0.000      0.000      0.000      0.000      0.000      0.000      0.000      0.003     -0.001      0.000      0.000      0.000      0.002
    -0.005      0.092      0.121      0.082      0.117      0.047      0.050      0.088      0.025      0.037      0.015      0.013      0.011      0.014      0.002      0.009      0.046      0.018     -0.105      0.187      0.460     -0.206     -0.113      0.001     -0.001      0.000     -0.001     -0.001      0.000      0.000      0.000      0.000      0.000      0.000      0.000      0.000      0.000      0.000      0.000      0.000      0.000      0.000      0.000      0.000      0.000      0.000      0.000      0.000      0.000      0.000      0.000      0.000      0.000      0.000      0.000     -0.001
    -0.009      0.004      0.061      0.011      0.043      0.000      0.032      0.026      0.017      0.000      0.055      0.043      0.037      0.013      0.014      0.055      0.002      0.356     -0.489      0.056      0.210     -0.145      0.270     -0.054      0.175     -0.003     -0.046     -0.006      0.001      0.000     -0.001      0.000      0.000      0.000      0.000     -0.001      0.000      0.000      0.001     -0.001      0.001      0.000     -0.002     -0.001      0.000      0.000      0.000      0.000      0.000      0.001      0.000      0.000      0.000      0.001      0.000     -0.018
    -0.024     -0.030     -0.014     -0.046     -0.054     -0.016     -0.065     -0.028     -0.012     -0.008      0.000      0.005      0.001     -0.014      0.003      0.032      0.029      0.128      0.121     -0.238     -0.017     -0.146     -0.338      0.070     -0.125      0.004      0.004     -0.001      0.000      0.000      0.000      0.000      0.000      0.000      0.000      0.000      0.000      0.001      0.000      0.000      0.000      0.000      0.000      0.000      0.000      0.000      0.000      0.000      0.000      0.000     -0.002      0.000      0.000      0.000      0.000      0.002
     0.014     -0.049     -0.093     -0.045     -0.104     -0.073     -0.066     -0.048     -0.031     -0.014     -0.074     -0.004     -0.039     -0.031      0.037     -0.045     -0.032     -0.424      0.313     -0.251     -0.249      0.304     -0.302     -0.129     -0.403      0.224      0.074      0.005      0.000      0.003      0.000      0.002      0.001      0.000      0.000      0.001      0.000      0.000      0.000     -0.001      0.000      0.000     -0.001      0.000      0.001      0.000      0.000      0.000      0.000     -0.001     -0.001      0.002      0.000     -0.002      0.000     -0.017
     0.020     -0.055     -0.158     -0.085     -0.112     -0.073     -0.041     -0.060     -0.051     -0.026     -0.039     -0.026     -0.031     -0.047      0.011     -0.074     -0.037     -0.550      0.331     -0.241     -0.598      0.211     -0.276     -0.567     -0.197     -0.167      0.274      0.005      0.000      0.000     -0.001      0.000      0.000      0.000      0.000      0.000      0.000      0.000      0.000      0.000      0.000      0.000      0.000      0.000      0.000      0.000      0.000      0.000      0.000      0.000      0.000      0.000      0.000      0.000      0.000      0.002
    -0.048     -0.003     -0.009     -0.001     -0.047     -0.021     -0.036     -0.021     -0.015     -0.004     -0.030      0.018      0.005      0.025      0.026      0.002     -0.026      0.008     -0.019     -0.016      0.016     -0.011     -0.031      0.029      0.010      0.012      0.002      0.013      0.030      0.001      0.002      0.002      0.000      0.000      0.000      0.000      0.000      0.001      0.000      0.002      0.000      0.000      0.000      0.000      0.000      0.000      0.000      0.000      0.000      0.001      0.002      0.000      0.000     -0.002      0.000      0.010
     0.006     -0.094     -0.001     -0.024      0.006      0.017     -0.008      0.012      0.008     -0.032     -0.003     -0.009     -0.009      0.005     -0.011      0.027     -0.010     -0.017      0.037     -0.035     -0.017     -0.008     -0.004     -0.015      0.003      0.010      0.040      0.025      0.017      0.062      0.000      0.001      0.002      0.001      0.000      0.000      0.000      0.002      0.000      0.002      0.000      0.000      0.000      0.000      0.000      0.000      0.000      0.000      0.000      0.000      0.003      0.000      0.000     -0.001     -0.001      0.021
    -0.006      0.007     -0.006     -0.015     -0.004     -0.015     -0.009      0.002     -0.017      0.019      0.020     -0.024     -0.011      0.004      0.004     -0.014     -0.003      0.012     -0.002      0.007      0.008     -0.036      0.000      0.053     -0.005      0.031      0.007     -0.032      0.042     -0.002      0.055      0.001      0.002      0.001      0.000      0.000      0.000      0.000     -0.001      0.001      0.000      0.000      0.001      0.000      0.001      0.001      0.001      0.000      0.000      0.001      0.017     -0.003      0.000     -0.004      0.000      0.019
     0.030      0.020      0.023      0.047      0.020      0.016      0.018      0.013     -0.004      0.017      0.005     -0.027      0.005      0.008     -0.025      0.001      0.001     -0.057     -0.014      0.034      0.010      0.004     -0.006      0.053     -0.003     -0.008      0.032     -0.001      0.054      0.022      0.026      0.052      0.000      0.000      0.000      0.001      0.000      0.002      0.000     -0.001      0.000      0.000      0.001      0.000      0.000      0.001      0.001      0.000      0.000      0.001      0.017      0.000      0.000     -0.004      0.000      0.014
     0.038     -0.003     -0.022      0.014      0.027     -0.025      0.004     -0.016      0.006      0.013     -0.003      0.013      0.007      0.021      0.009      0.017     -0.026     -0.015      0.003      0.004      0.003     -0.011     -0.003     -0.002      0.006     -0.005      0.014      0.016      0.018      0.049      0.051     -0.005      0.018      0.001      0.001      0.001      0.000      0.000      0.000      0.001      0.000      0.000      0.000      0.000      0.000      0.000      0.000      0.000      0.000      0.000      0.009      0.000      0.000      0.000      0.000     -0.001
    -0.002      0.020      0.033      0.023      0.003     -0.036      0.012      0.006     -0.016      0.004      0.040      0.046      0.033      0.011     -0.035     -0.019     -0.007     -0.012      0.016      0.005     -0.007     -0.013     -0.019      0.017     -0.006      0.012      0.007     -0.006     -0.013      0.043      0.023      0.006      0.035      0.014      0.000      0.000      0.000      0.000      0.000      0.000      0.000      0.000      0.000      0.000      0.000      0.000      0.000      0.000      0.000      0.000      0.002      0.000      0.000      0.000      0.000      0.000
    -0.016     -0.002      0.003     -0.014     -0.017      0.012      0.028      0.000     -0.004      0.019     -0.009     -0.003      0.008     -0.028     -0.006      0.040      0.013     -0.005      0.001      0.002     -0.001     -0.032     -0.036      0.007      0.003      0.072      0.018     -0.028      0.009     -0.001     -0.008     -0.004      0.039     -0.023      0.010      0.000      0.000      0.000      0.000      0.000      0.000      0.000      0.000      0.000      0.000      0.000      0.000      0.000      0.000     -0.001     -0.001      0.000      0.000     -0.001      0.000     -0.003
    -0.011      0.020     -0.008     -0.008     -0.022     -0.021     -0.027     -0.031     -0.024     -0.028     -0.007      0.010     -0.020     -0.001     -0.034     -0.042     -0.009     -0.032      0.013      0.007     -0.041      0.007     -0.028     -0.036     -0.023      0.031      0.022      0.024      0.005      0.009      0.002      0.038      0.035      0.024      0.004      0.011      0.000      0.001      0.000      0.001      0.000      0.000      0.001     -0.001      0.000      0.000      0.000      0.000      0.000      0.000      0.003      0.000      0.000      0.000      0.000      0.009
    -0.022     -0.024     -0.011     -0.041     -0.010     -0.017     -0.043      0.019     -0.013     -0.024      0.011     -0.035      0.002      0.004     -0.015     -0.042     -0.033      0.062      0.015     -0.051      0.015     -0.013      0.018     -0.022      0.005     -0.012      0.005     -0.005      0.011     -0.004     -0.010      0.021      0.009      0.015     -0.018      0.009      0.008      0.000      0.000      0.000      0.000      0.000      0.000      0.000      0.000      0.000      0.000      0.000      0.000      0.000      0.002      0.000      0.000      0.000      0.000     -0.003
     0.010     -0.032     -0.017     -0.020     -0.025      0.026     -0.001     -0.006      0.029      0.057      0.004      0.004      0.003      0.004     -0.009      0.023      0.009      0.040     -0.024     -0.022      0.012      0.000     -0.020      0.005      0.000      0.067     -0.002     -0.017      0.011      0.034     -0.001      0.023     -0.001     -0.004     -0.005      0.046      0.012      0.089      0.000     -0.002      0.000      0.000      0.003      0.000      0.000     -0.001      0.000      0.000      0.000     -0.001     -0.005      0.000      0.000      0.001     -0.001      0.004
     0.020      0.023     -0.018      0.031     -0.018      0.011      0.012     -0.008     -0.004      0.014      0.048      0.044      0.006      0.022      0.016     -0.014     -0.007      0.032     -0.039     -0.007      0.032     -0.010     -0.012     -0.015      0.027      0.008      0.012     -0.013      0.002      0.005     -0.030      0.015      0.009      0.008     -0.023     -0.011      0.020     -0.006      0.014      0.000      0.000      0.000      0.001      0.000      0.000      0.000      0.000      0.000      0.000     -0.001      0.002      0.000      0.000      0.000      0.000      0.013
    -0.010     -0.007      0.011      0.025      0.009     -0.029      0.001      0.024      0.024     -0.007      0.012      0.029      0.020      0.029      0.013     -0.003     -0.031     -0.021      0.033     -0.002     -0.005      0.012     -0.011     -0.013     -0.009     -0.025     -0.013      0.025      0.048      0.035      0.022     -0.018      0.016      0.005      0.003      0.046      0.004     -0.031      0.010      0.057     -0.001      0.000     -0.001     -0.001      0.000      0.000      0.000      0.000      0.000     -0.001      0.007      0.000      0.000      0.001      0.000      0.009
     0.007     -0.003      0.013      0.005     -0.011      0.018      0.014      0.006     -0.019      0.006     -0.019     -0.021      0.041     -0.018      0.012     -0.020      0.010     -0.034     -0.007      0.017      0.013     -0.038     -0.008      0.066      0.015     -0.009      0.003     -0.013      0.010      0.014      0.003      0.020      0.015      0.029      0.005      0.004      0.037      0.018      0.003     -0.026      0.007      0.000      0.000      0.000      0.000      0.000      0.000      0.000      0.000      0.000     -0.003      0.000      0.000      0.000      0.000      0.004
     0.024      0.007      0.006     -0.008     -0.002      0.025      0.016     -0.013     -0.009      0.034      0.003     -0.015      0.020      0.011      0.028     -0.013      0.007      0.004     -0.015     -0.008      0.029      0.001      0.049      0.017      0.000      0.007      0.019     -0.030      0.021      0.017      0.010     -0.010      0.014     -0.001     -0.005      0.009     -0.011      0.005     -0.039      0.021      0.010      0.006      0.000      0.000      0.000      0.000      0.000      0.000      0.000      0.000      0.000      0.000      0.000      0.000      0.000     -0.009
     0.046      0.021      0.005      0.043     -0.002     -0.023     -0.001      0.009      0.002      0.015      0.004      0.018      0.009      0.000     -0.001     -0.012     -0.010     -0.016      0.018      0.003     -0.010     -0.014     -0.014      0.011     -0.025      0.000     -0.023      0.011     -0.009     -0.008      0.011      0.012     -0.007      0.005     -0.002      0.029      0.018      0.044      0.021     -0.014      0.023     -0.030      0.043      0.001      0.000     -0.001      0.000      0.000      0.000     -0.001     -0.001      0.000      0.000      0.000      0.000      0.002
    -0.005      0.002      0.027     -0.003     -0.002      0.020     -0.003      0.006     -0.014      0.010      0.010      0.018     -0.004     -0.032     -0.022     -0.014     -0.029     -0.043     -0.010      0.028     -0.026      0.000     -0.050     -0.002     -0.013      0.000     -0.003      0.028     -0.022     -0.013      0.012      0.005      0.023     -0.019      0.032     -0.056      0.001      0.001     -0.007     -0.027      0.009      0.008      0.041      0.012      0.000      0.000      0.000      0.000      0.000      0.000      0.000      0.001      0.000      0.000      0.000     -0.003
     0.025      0.022     -0.013     -0.017      0.017     -0.042      0.004     -0.010     -0.002     -0.030      0.003     -0.029     -0.039      0.012     -0.006     -0.009     -0.026      0.001      0.014     -0.022     -0.025     -0.005      0.018     -0.010     -0.004     -0.016      0.029      0.031     -0.019     -0.008      0.026     -0.015      0.021     -0.028     -0.007      0.006     -0.009      0.008      0.018      0.001     -0.008      0.014     -0.001      0.029      0.009      0.000      0.000      0.000      0.000      0.000     -0.003      0.001      0.000      0.000      0.001      0.007
    -0.013      0.024      0.042      0.005      0.014      0.021     -0.035      0.012      0.012     -0.010     -0.020      0.043     -0.003      0.014      0.012     -0.040     -0.015      0.008      0.009     -0.010      0.013      0.012      0.010      0.003     -0.006     -0.014     -0.014     -0.011     -0.015     -0.007      0.031      0.035     -0.018     -0.041     -0.044      0.002      0.003     -0.046      0.008     -0.014     -0.049     -0.053     -0.034     -0.049     -0.064      0.006      0.000     -0.001      0.000      0.002      0.015     -0.002      0.000     -0.001      0.001     -0.020
     0.039      0.004     -0.011      0.010      0.002      0.016      0.015      0.024     -0.013      0.005      0.014     -0.004      0.014      0.010      0.018     -0.031     -0.020     -0.019     -0.012      0.022      0.007     -0.025     -0.024      0.016      0.010     -0.013      0.000      0.009      0.086      0.074      0.119      0.145      0.100      0.067      0.061      0.043      0.048      0.067      0.039      0.045      0.029      0.020      0.023      0.026     -0.045     -0.080      0.001      0.000      0.000      0.001      0.006      0.000      0.000      0.000      0.000     -0.027
     0.001     -0.027     -0.049      0.016     -0.015     -0.047      0.040     -0.011      0.028     -0.008      0.038     -0.035      0.002      0.010     -0.007      0.050      0.048     -0.010     -0.014      0.000      0.004      0.029      0.009      0.017      0.001     -0.003      0.002     -0.004     -0.051     -0.027     -0.055     -0.075     -0.016      0.005     -0.004     -0.046     -0.014      0.013      0.009      0.003      0.021      0.001      0.021      0.019      0.013     -0.571     -0.176      0.001      0.000     -0.001     -0.003      0.000      0.000      0.000     -0.001      0.008
    -0.002      0.022      0.040     -0.015      0.018      0.030     -0.035      0.008     -0.039     -0.001     -0.024      0.019      0.001     -0.017      0.002     -0.044     -0.039      0.014      0.026     -0.006     -0.012     -0.035     -0.001     -0.014     -0.013      0.007      0.004      0.002      0.036      0.030      0.061      0.058      0.010     -0.002      0.014      0.028      0.001     -0.034     -0.025      0.003     -0.019      0.002     -0.013     -0.036      0.004      0.388      0.167     -0.901      0.000      0.000      0.001      0.000      0.000      0.000      0.000     -0.002
     0.025      0.027     -0.030      0.010      0.004     -0.014     -0.028      0.025      0.020     -0.017     -0.009     -0.006      0.021     -0.006     -0.011     -0.027     -0.014      0.004     -0.028      0.030      0.018     -0.016      0.001      0.026      0.010     -0.010     -0.035     -0.023      0.048     -0.004      0.027      0.028     -0.016     -0.004     -0.043      0.019     -0.005     -0.022     -0.048     -0.038     -0.029     -0.015     -0.045      0.013     -0.025      0.218      0.175     -0.183      0.142      0.020      0.006     -0.011      0.000      0.005      0.001      0.039
     0.042     -0.010      0.009     -0.010     -0.004      0.014     -0.015     -0.003      0.001     -0.007     -0.027      0.012      0.015      0.039      0.008     -0.020      0.028      0.000      0.004     -0.008     -0.028     -0.008      0.036     -0.006      0.000     -0.043     -0.004      0.008      0.011      0.012      0.077      0.082      0.073      0.020     -0.015      0.034      0.030     -0.017      0.021      0.034     -0.032      0.005     -0.006     -0.004     -0.036      0.207      0.258     -0.127      0.081      0.046      0.830     -0.002      0.000     -0.011     -0.001     -0.418
    -0.023     -0.008      0.009     -0.018     -0.022      0.032     -0.002     -0.012     -0.001      0.011     -0.012      0.009     -0.025     -0.001      0.021      0.011     -0.012     -0.022      0.017     -0.011     -0.025     -0.006     -0.041     -0.025      0.000      0.030      0.039      0.039     -0.010     -0.011     -0.066      0.001      0.012      0.012      0.028     -0.022      0.001      0.005      0.015     -0.010      0.033      0.024     -0.008      0.027      0.037     -0.168     -0.085     -0.051     -0.027     -0.456     -0.014      0.031      0.000      0.000     -0.002     -0.021
    -0.002      0.025      0.012     -0.020     -0.003      0.019      0.001      0.001     -0.006      0.037     -0.015      0.035      0.019      0.012      0.009     -0.011     -0.006      0.016      0.017     -0.029     -0.004      0.011      0.013     -0.023      0.001     -0.020     -0.017      0.001      0.023      0.004      0.065      0.039     -0.002     -0.020     -0.018      0.000      0.029      0.013      0.016     -0.015     -0.014     -0.014      0.001     -0.038     -0.050      0.410      0.055     -0.360      0.217      0.001      0.060     -0.328      0.000      0.000      0.000      0.000
    -0.002      0.003      0.004     -0.042     -0.002      0.017     -0.014      0.012     -0.001      0.006     -0.004      0.023      0.000     -0.005      0.007      0.031     -0.008      0.060      0.002     -0.042      0.045     -0.029     -0.015     -0.008      0.015      0.003     -0.046     -0.011     -0.059     -0.029     -0.078     -0.099      0.017      0.018     -0.056     -0.001      0.026      0.020      0.014      0.017     -0.002      0.006     -0.002      0.012     -0.018     -0.047     -0.098      0.026     -0.020      0.177     -0.061     -0.003      0.062      0.039      0.000      0.061
     0.026     -0.001      0.008     -0.027      0.054     -0.004     -0.027     -0.002      0.008     -0.019     -0.022     -0.009      0.001      0.015     -0.018      0.001     -0.028      0.010     -0.005      0.008     -0.006     -0.044      0.003      0.026     -0.008     -0.001     -0.001     -0.022      0.028     -0.038      0.014      0.010      0.002     -0.019      0.013      0.025      0.003     -0.022     -0.020     -0.006     -0.028      0.004     -0.023      0.016      0.081      0.077     -0.167     -0.239      0.189      0.084     -0.010     -0.131      0.004     -0.024      0.009     -0.022
     0.004      0.000     -0.017      0.008     -0.025     -0.009     -0.016      0.015      0.009     -0.020      0.008      0.010      0.016      0.024      0.001      0.012      0.030      0.020     -0.004     -0.018      0.004      0.021      0.011     -0.012     -0.014      0.008     -0.021      0.008      0.020      0.029      0.028      0.021     -0.003      0.000     -0.009      0.029     -0.012      0.005      0.038      0.013      0.017     -0.040      0.003     -0.009      0.025     -0.085     -0.369      0.103     -0.072      0.092     -0.156     -0.041      0.021      0.105     -0.080      8.692

Derivative matrix of expected statistics X by parameters and
covariance/correlation matrix of X can be found using
summary(ans) within R, or by using the 'verbose' option in Siena07.
 
Total computation time 751.57 seconds.
