

-----------------------------------
New Analysis started.
Date and time: 21/09/2026 16:39:57
New results follow.
-----------------------------------

RSiena version 1.3.10 (28 Apr 22)


@1
Estimation by stochastic approximation algorithm.
=================================================

Current random number seed is 52020071.
Effects object used: bound$effects 
Model Type:
 Initiative model
Behavioral Model Type:
 Standard behavior actor-oriented model ('restrict')
Estimation method: unconditional moment estimation
.

Time duration for simulations in each period is 1.0.
Changing composition.
Joiners/leavers option: 1
Standard errors are estimated with the likelihood ratio method.
Dolby method (regression on scores) is used.
Initial value of gain parameter is  0.2000000.
Reduction factor for gain parameter is  0.5000000.
Number of subphases in Phase 2 is 0.

Initial parameter values are 
  1. rate:  constant dv.net rate (period 1)                 0.0466
  2. rate:  constant dv.net rate (period 2)                 0.1366
  3. rate:  constant dv.net rate (period 3)                 0.4319
  4. rate:  constant dv.net rate (period 4)                 0.3446
  5. rate:  constant dv.net rate (period 5)                 0.3212
  6. rate:  constant dv.net rate (period 6)                 0.3184
  7. rate:  constant dv.net rate (period 7)                 0.4009
  8. rate:  constant dv.net rate (period 8)                 0.3022
  9. rate:  constant dv.net rate (period 9)                 0.3268
 10. rate:  constant dv.net rate (period 10)                0.2809
 11. rate:  constant dv.net rate (period 11)                0.3245
 12. rate:  constant dv.net rate (period 12)                0.4391
 13. rate:  constant dv.net rate (period 13)                0.3524
 14. rate:  constant dv.net rate (period 14)                0.3179
 15. rate:  constant dv.net rate (period 15)                0.2854
 16. rate:  constant dv.net rate (period 16)                0.5122
 17. eval:  degree (density)                               -5.8739
 18. eval:  transitive triads                               0.2232
 19. eval:  degree act+pop                                  0.0615
 20. eval:  nets.lndistance_d                              -0.9532
 21. eval:  nets.ATOP_d                                     1.1559
 22. eval:  nets.absidealdiff_d                            -0.6527
 23. eval:  nets.lntrade_d                                  0.0552
 24. eval:  nets.NATO_d                                    -3.8405
 25. eval:  milex.beh alter                                -0.0495
 26. eval:  beh.democracy_1 alter                           1.8038
 27. eval:  beh.lncinc_1 alter                              0.8237
 28. rate:  rate milex.beh (period 1)                       0.9363
 29. rate:  rate milex.beh (period 2)                       1.3056
 30. rate:  rate milex.beh (period 3)                       1.3557
 31. rate:  rate milex.beh (period 4)                       1.2021
 32. rate:  rate milex.beh (period 5)                       0.7029
 33. rate:  rate milex.beh (period 6)                       0.5740
 34. rate:  rate milex.beh (period 7)                       0.4826
 35. rate:  rate milex.beh (period 8)                       0.5304
 36. rate:  rate milex.beh (period 9)                       0.3786
 37. rate:  rate milex.beh (period 10)                      1.7946
 38. rate:  rate milex.beh (period 11)                      0.5949
 39. rate:  rate milex.beh (period 12)                      1.3534
 40. rate:  rate milex.beh (period 13)                      0.3306
 41. rate:  rate milex.beh (period 14)                      0.3007
 42. rate:  rate milex.beh (period 15)                      1.1076
 43. rate:  rate milex.beh (period 16)                      0.4320
 44. eval:  milex.beh linear shape                         -1.1982
 45. eval:  milex.beh quadratic shape                      -0.0346
 46. eval:  milex.beh degree                                0.0933
 47. eval:  milex.beh dense triads                         -0.0264
 48. eval:  milex.beh: effect from beh.democracy_1         -0.5068
 49. eval:  milex.beh: effect from beh.GDPgrowth_1         -2.5878
 50. eval:  milex.beh: effect from beh.nato_1               0.8948
 51. eval:  milex.beh: effect from beh.allies_1            -0.0113
 52. eval:  milex.beh: effect from beh.military_1           0.2412
 53. eval:  milex.beh: effect from beh.lnmids_1             0.2053
 54. eval:  milex.beh: effect from beh.milexSpLag_1         7.8630


Observed values of target statistics are
  1. Amount of network change in period 1                                10.0000
  2. Amount of network change in period 2                                34.0000
  3. Amount of network change in period 3                                86.0000
  4. Amount of network change in period 4                                94.0000
  5. Amount of network change in period 5                                76.0000
  6. Amount of network change in period 6                                76.0000
  7. Amount of network change in period 7                                94.0000
  8. Amount of network change in period 8                                78.0000
  9. Amount of network change in period 9                                84.0000
 10. Amount of network change in period 10                               72.0000
 11. Amount of network change in period 11                               84.0000
 12. Amount of network change in period 12                              114.0000
 13. Amount of network change in period 13                               94.0000
 14. Amount of network change in period 14                               88.0000
 15. Amount of network change in period 15                               80.0000
 16. Amount of network change in period 16                              138.0000
 17. Number of edges                                                   4265.0000
 18. Number of transitive triads                                       5799.0000
 19. Sum of squared degrees                                            260112.0000
 20. Sum of ties x nets.lndistance_d                                   -8870.7440
 21. Sum of ties x nets.ATOP_d                                         4953.4629
 22. Sum of ties x nets.absidealdiff_d                                 -2358.0283
 23. Sum of ties x nets.lntrade_d                                      30355.5071
 24. Sum of ties x nets.NATO_d                                          902.1365
 25. Sum of degrees x milex.beh                                         -18.6684
 26. Sum of degrees x beh.democracy_1                                  2457.4901
 27. Sum of degrees x beh.lncinc_1                                     10857.5339
 28. Amount of behavioral change in period 1 on milex.beh                41.0000
 29. Amount of behavioral change in period 2 on milex.beh                50.0000
 30. Amount of behavioral change in period 3 on milex.beh                57.0000
 31. Amount of behavioral change in period 4 on milex.beh                52.0000
 32. Amount of behavioral change in period 5 on milex.beh                37.0000
 33. Amount of behavioral change in period 6 on milex.beh                32.0000
 34. Amount of behavioral change in period 7 on milex.beh                28.0000
 35. Amount of behavioral change in period 8 on milex.beh                31.0000
 36. Amount of behavioral change in period 9 on milex.beh                24.0000
 37. Amount of behavioral change in period 10 on milex.beh               71.0000
 38. Amount of behavioral change in period 11 on milex.beh               34.0000
 39. Amount of behavioral change in period 12 on milex.beh               55.0000
 40. Amount of behavioral change in period 13 on milex.beh               18.0000
 41. Amount of behavioral change in period 14 on milex.beh               17.0000
 42. Amount of behavioral change in period 15 on milex.beh               48.0000
 43. Amount of behavioral change in period 16 on milex.beh               20.0000
 44. milex.beh centered sum                                             -65.8453
 45. milex.beh sum of cent. squares                                    5577.0824
 46. milex.beh outdegrees                                              -304.0788
 47. milex.beh dense triads                                            -2642.8490
 48. milex.beh x beh.democracy_1                                       -377.6470
 49. milex.beh x beh.GDPgrowth_1                                          1.0505
 50. milex.beh x beh.nato_1                                              36.7931
 51. milex.beh x beh.allies_1                                          -3748.6989
 52. milex.beh x beh.military_1                                         122.1105
 53. milex.beh x beh.lnmids_1                                           550.8479
 54. milex.beh x beh.milexSpLag_1                                        23.1712

 54 parameters, 54 statistics

Number of subphases is specified as 0.
Therefore the estimation phase is skipped
 and the program passes on immediately to phase 3
 for checking the current parameter values and calculating standard errors.
Estimation of derivatives by the LR method (type 1).


@2
End of stochastic approximation algorithm, phase 3.
---------------------------------------------------

Total of 3000 iterations.
Parameter estimates based on 0 iterations,
convergence diagnostics, covariance and derivative matrices based on 3000 iterations.

Information for convergence diagnosis.
Averages, standard deviations, and t-ratios for deviations from targets:
  1.  -0.3820    4.3663  -0.0875 
  2.  -1.1960    8.3408  -0.1434 
  3.  -0.3073   12.0367  -0.0255 
  4.  -1.6280   13.5467  -0.1202 
  5.  -0.3807   11.8726  -0.0321 
  6.  -0.3387   11.7625  -0.0288 
  7.   1.3053   12.9511   0.1008 
  8.  -0.9133   12.1736  -0.0750 
  9.   0.5267   12.6429   0.0417 
 10.   1.7740   11.5247   0.1539 
 11.   1.0060   12.5223   0.0803 
 12.  -0.2980   14.3323  -0.0208 
 13.   0.7727   13.0250   0.0593 
 14.  -1.2980   12.8593  -0.1009 
 15.  -0.4580   12.2847  -0.0373 
 16.   0.4853   16.2674   0.0298 
 17.   1.5063   25.4708   0.0591 
 18.  -1.7843   83.9955  -0.0212 
 19.   1.1573 2549.3677   0.0005 
 20.  -3.2104   64.9605  -0.0494 
 21.   1.9747   30.5764   0.0646 
 22.  -2.0617   44.3474  -0.0465 
 23.   5.4281  184.7629   0.0294 
 24.   0.1844    9.3515   0.0197 
 25.  -0.2574   53.8579  -0.0048 
 26.   1.1221   18.0747   0.0621 
 27.   2.3532   81.3138   0.0289 
 28.  -0.1377    5.7108  -0.0241 
 29.  -0.0210    6.0332  -0.0035 
 30.   0.1087    6.5021   0.0167 
 31.   0.3220    6.5125   0.0494 
 32.   0.1297    5.4820   0.0237 
 33.  -0.1233    5.1914  -0.0238 
 34.   0.0580    4.9084   0.0118 
 35.   0.0410    5.0080   0.0082 
 36.  -0.0837    4.6003  -0.0182 
 37.   0.1223    6.8947   0.0177 
 38.  -0.1010    5.4065  -0.0187 
 39.  -0.2600    6.1910  -0.0420 
 40.   0.0857    3.9616   0.0216 
 41.  -0.0923    3.9115  -0.0236 
 42.  -0.0123    6.0238  -0.0020 
 43.   0.2463    4.2216   0.0584 
 44.   0.3690   23.4064   0.0158 
 45.   3.6359   95.6308   0.0380 
 46.   3.3533  165.2538   0.0203 
 47.   8.4240  432.4453   0.0195 
 48.   0.0506   11.9767   0.0042 
 49.   0.1960    2.1435   0.0914 
 50.   0.4114    9.1450   0.0450 
 51.  -5.8230  464.1240  -0.0125 
 52.  -0.1333    6.5442  -0.0204 
 53.   0.5885   15.2980   0.0385 
 54.   0.0126    0.5131   0.0245 

Good convergence is indicated by the t-ratios being close to zero.

Overall maximum convergence ratio =  0.4565 .



@2
Estimation Results.
-------------------

Regular end of estimation algorithm.
Total of 3000 iteration steps.


@3
Estimates and standard errors
                             
Network Dynamics
 1. rate:  constant dv.net rate (period 1)                         0.0466  (   0.0216)
 2. rate:  constant dv.net rate (period 2)                         0.1366  (   0.0329)
 3. rate:  constant dv.net rate (period 3)                         0.4319  (   0.0829)
 4. rate:  constant dv.net rate (period 4)                         0.3446  (   0.0518)
 5. rate:  constant dv.net rate (period 5)                         0.3212  (   0.0573)
 6. rate:  constant dv.net rate (period 6)                         0.3184  (   0.0560)
 7. rate:  constant dv.net rate (period 7)                         0.4009  (   0.0653)
 8. rate:  constant dv.net rate (period 8)                         0.3022  (   0.0519)
 9. rate:  constant dv.net rate (period 9)                         0.3268  (   0.0542)
10. rate:  constant dv.net rate (period 10)                        0.2809  (   0.0503)
11. rate:  constant dv.net rate (period 11)                        0.3245  (   0.0536)
12. rate:  constant dv.net rate (period 12)                        0.4391  (   0.0638)
13. rate:  constant dv.net rate (period 13)                        0.3524  (   0.0555)
14. rate:  constant dv.net rate (period 14)                        0.3179  (   0.0501)
15. rate:  constant dv.net rate (period 15)                        0.2854  (   0.0477)
16. rate:  constant dv.net rate (period 16)                        0.5122  (   0.0678)
17. eval:  degree (density)                                       -5.8739  (   0.2642)
18. eval:  transitive triads                                       0.2232  (   0.0679)
19. eval:  degree act+pop                                          0.0615  (   0.0057)
20. eval:  nets.lndistance_d                                      -0.9532  (   0.0808)
21. eval:  nets.ATOP_d                                             1.1559  (   0.1523)
22. eval:  nets.absidealdiff_d                                    -0.6527  (   0.0809)
23. eval:  nets.lntrade_d                                          0.0552  (   0.0320)
24. eval:  nets.NATO_d                                            -3.8405  (   0.4549)
25. eval:  milex.beh alter                                        -0.0495  (   0.0611)
26. eval:  beh.democracy_1 alter                                   1.8038  (   0.3077)
27. eval:  beh.lncinc_1 alter                                      0.8237  (   0.0745)
Behavior Dynamics

28. rate:  rate milex.beh (period 1)                               0.9363  (   0.1713)
29. rate:  rate milex.beh (period 2)                               1.3056  (   0.2441)
30. rate:  rate milex.beh (period 3)                               1.3557  (   0.2333)
31. rate:  rate milex.beh (period 4)                               1.2021  (   0.2199)
32. rate:  rate milex.beh (period 5)                               0.7029  (   0.1407)
33. rate:  rate milex.beh (period 6)                               0.5740  (   0.1175)
34. rate:  rate milex.beh (period 7)                               0.4826  (   0.1091)
35. rate:  rate milex.beh (period 8)                               0.5304  (   0.1086)
36. rate:  rate milex.beh (period 9)                               0.3786  (   0.0843)
37. rate:  rate milex.beh (period 10)                              1.7946  (   0.3660)
38. rate:  rate milex.beh (period 11)                              0.5949  (   0.1107)
39. rate:  rate milex.beh (period 12)                              1.3534  (   0.2447)
40. rate:  rate milex.beh (period 13)                              0.3306  (   0.0853)
41. rate:  rate milex.beh (period 14)                              0.3007  (   0.0750)
42. rate:  rate milex.beh (period 15)                              1.1076  (   0.2174)
43. rate:  rate milex.beh (period 16)                              0.4320  (   0.1059)
44. eval:  milex.beh linear shape                                 -1.1982  (   0.0814)
45. eval:  milex.beh quadratic shape                              -0.0346  (   0.0260)
46. eval:  milex.beh degree                                        0.0933  (   0.0271)
47. eval:  milex.beh dense triads                                 -0.0264  (   0.0094)
48. eval:  milex.beh: effect from beh.democracy_1                 -0.5068  (   0.1423)
49. eval:  milex.beh: effect from beh.GDPgrowth_1                 -2.5878  (   0.8999)
50. eval:  milex.beh: effect from beh.nato_1                       0.8948  (   0.1786)
51. eval:  milex.beh: effect from beh.allies_1                    -0.0113  (   0.0037)
52. eval:  milex.beh: effect from beh.military_1                   0.2412  (   0.1985)
53. eval:  milex.beh: effect from beh.lnmids_1                     0.2053  (   0.0936)
54. eval:  milex.beh: effect from beh.milexSpLag_1                 7.8630  (   2.8923)


@3
Covariance matrices
                   
Covariance matrix of estimates (correlations below diagonal):
     0.000      0.000      0.000      0.000      0.000      0.000      0.000      0.000      0.000      0.000      0.000      0.000      0.000      0.000      0.000      0.000      0.000      0.000      0.000      0.000      0.000      0.000      0.000      0.000      0.000      0.000      0.000      0.000      0.000      0.000      0.000      0.000      0.000      0.000      0.000      0.000      0.000      0.000      0.000      0.000      0.000      0.000      0.000      0.000      0.000      0.000      0.000      0.000      0.000      0.000      0.000      0.000      0.000      0.002
     0.004      0.001      0.000      0.000      0.000      0.000      0.000      0.000      0.000      0.000      0.000      0.000      0.000      0.000      0.000      0.000     -0.001      0.000      0.000      0.000      0.000      0.000      0.000      0.000      0.000      0.000      0.000      0.000      0.000      0.000      0.000      0.000      0.000      0.000      0.000      0.000      0.000      0.000      0.000      0.000      0.000      0.000      0.000      0.000      0.000      0.000      0.000      0.000      0.001      0.000      0.000      0.000      0.000     -0.001
     0.004      0.035      0.007      0.000      0.000      0.000      0.000      0.000      0.000      0.000      0.000      0.000      0.000      0.000      0.000      0.000     -0.001      0.000      0.000      0.001     -0.001      0.000      0.000      0.002      0.000     -0.003     -0.001      0.000      0.001     -0.002      0.000      0.000      0.000      0.000      0.000      0.000      0.000      0.000      0.001      0.000      0.000      0.000      0.000      0.000      0.000      0.000      0.000      0.000     -0.002      0.000      0.000      0.000      0.000     -0.002
     0.023      0.052      0.071      0.003      0.000      0.000      0.000      0.000      0.000      0.000      0.000      0.000      0.000      0.000      0.000      0.000      0.000      0.000      0.000      0.000      0.000      0.000      0.000      0.000      0.000     -0.001      0.000      0.000      0.000      0.000      0.000      0.000      0.000      0.000      0.000      0.000      0.000      0.000      0.000      0.000      0.000      0.000      0.000      0.000      0.000      0.000      0.000      0.000     -0.002      0.000      0.000      0.000      0.000      0.001
    -0.017     -0.017      0.043      0.035      0.003      0.000      0.000      0.000      0.000      0.000      0.000      0.000      0.000      0.000      0.000      0.000      0.000      0.000      0.000      0.000      0.000      0.000      0.000      0.002      0.000     -0.002      0.000      0.000      0.000      0.000      0.000      0.000      0.000      0.000      0.000      0.000      0.000      0.000      0.000      0.000      0.000      0.000      0.000      0.000      0.000      0.000      0.000      0.000     -0.001      0.001      0.000      0.000      0.000      0.007
     0.014      0.015      0.005     -0.012      0.016      0.003      0.000      0.000      0.000      0.000      0.000      0.000      0.000      0.000      0.000      0.000     -0.001      0.000      0.000      0.000      0.000      0.000      0.000      0.000      0.000     -0.001      0.000      0.000      0.000      0.000      0.000      0.000      0.000      0.000      0.000      0.000      0.000      0.000      0.000      0.000      0.000      0.000      0.000      0.000      0.000      0.000      0.000      0.000      0.000      0.000      0.000      0.000      0.000     -0.001
     0.022      0.040      0.062      0.019      0.047      0.009      0.004      0.000      0.000      0.000      0.000      0.000      0.000      0.000      0.000      0.000      0.000      0.000      0.000      0.001      0.000      0.000      0.000      0.000      0.000     -0.001      0.000      0.000      0.000      0.000      0.000      0.000      0.000      0.000      0.000      0.000      0.000      0.000      0.000      0.000      0.000      0.000      0.000      0.000      0.000      0.000      0.000      0.000      0.000      0.000      0.000      0.000      0.000     -0.002
    -0.002     -0.006      0.027      0.014      0.023      0.004      0.010      0.003      0.000      0.000      0.000      0.000      0.000      0.000      0.000      0.000      0.000      0.000      0.000      0.000      0.000      0.000      0.000      0.001      0.000     -0.001      0.000      0.000      0.000      0.000      0.000      0.000      0.000      0.000      0.000      0.000      0.000      0.000      0.000      0.000      0.000      0.000      0.000      0.000      0.000      0.000      0.000      0.000     -0.001      0.000      0.000      0.000      0.000      0.001
     0.000      0.020      0.024      0.018      0.040     -0.011      0.026      0.000      0.003      0.000      0.000      0.000      0.000      0.000      0.000      0.000      0.000      0.000      0.000      0.000      0.000      0.000      0.000      0.000      0.000     -0.001      0.000      0.000      0.000      0.000      0.000      0.000      0.000      0.000      0.000      0.000      0.000      0.000      0.000      0.000      0.000      0.000      0.000      0.000      0.000      0.000      0.000      0.000      0.001      0.000      0.000      0.000      0.000      0.003
     0.011      0.030      0.004      0.001      0.007      0.004      0.020      0.011      0.003      0.003      0.000      0.000      0.000      0.000      0.000      0.000      0.000      0.000      0.000      0.000      0.000      0.000      0.000      0.000      0.000      0.000      0.000      0.000      0.000      0.000      0.000      0.000      0.000      0.000      0.000      0.000     -0.002      0.000      0.000      0.000      0.000      0.000      0.000      0.000      0.000      0.000      0.000      0.000      0.001      0.000      0.000      0.000      0.000      0.001
     0.037     -0.005      0.041      0.012      0.027      0.016      0.021     -0.008      0.005     -0.030      0.003      0.000      0.000      0.000      0.000      0.000      0.000      0.000      0.000      0.000      0.000      0.000      0.000      0.001      0.000     -0.001      0.000      0.000      0.000      0.000      0.000      0.000      0.000      0.000      0.000      0.000      0.000      0.000      0.000      0.000      0.000      0.000      0.000      0.000      0.000      0.000      0.000      0.000      0.000      0.000      0.000      0.000      0.000      0.002
     0.028      0.021      0.022      0.022     -0.016      0.040      0.009      0.003      0.005      0.016     -0.004      0.004      0.000      0.000      0.000      0.000      0.000      0.000      0.000      0.000      0.000      0.000      0.000      0.001      0.000     -0.001      0.000      0.000      0.000      0.000      0.000      0.000      0.000      0.000      0.000      0.000     -0.001      0.000      0.001      0.000      0.000      0.000      0.000      0.000      0.000      0.000      0.000      0.000      0.000      0.000      0.000      0.000      0.000      0.003
     0.004      0.014     -0.007      0.015      0.025      0.013      0.008      0.024      0.012     -0.011      0.008      0.008      0.003      0.000      0.000      0.000      0.000      0.000      0.000      0.000      0.000      0.000      0.000      0.000      0.000      0.000      0.000      0.000     -0.001      0.000      0.000      0.000      0.000      0.000      0.000      0.000      0.000      0.000      0.000      0.000      0.000      0.000      0.000      0.000      0.000      0.000      0.000      0.000      0.002      0.000      0.000      0.000      0.000      0.001
    -0.015      0.029     -0.008     -0.006      0.008      0.020      0.042      0.038      0.003      0.051     -0.013      0.017      0.011      0.003      0.000      0.000      0.000      0.000      0.000      0.000      0.000      0.000      0.000      0.000      0.000     -0.001      0.000      0.000      0.000      0.000      0.000      0.000      0.000      0.000      0.000      0.000      0.000      0.000      0.000      0.000      0.000      0.000      0.000      0.000      0.000      0.000      0.000      0.000      0.001      0.000      0.000      0.000      0.000     -0.002
    -0.011      0.001      0.016      0.009      0.018      0.039      0.037      0.022     -0.004     -0.004      0.022      0.013      0.020     -0.038      0.002      0.000      0.000      0.000      0.000      0.000      0.000      0.000      0.000      0.001      0.000     -0.001      0.000      0.000      0.000      0.000      0.000      0.000      0.000      0.000      0.000      0.000      0.000      0.000      0.000      0.000      0.000      0.000      0.000      0.000      0.000      0.000      0.000      0.000      0.000      0.000      0.000      0.000      0.000     -0.002
     0.004      0.016      0.009      0.003     -0.016      0.003      0.018     -0.011     -0.009     -0.023     -0.002     -0.019      0.005      0.007      0.013      0.005      0.000      0.000      0.000      0.000     -0.001      0.000      0.000      0.001      0.000     -0.001      0.000      0.000      0.000      0.001      0.000      0.000      0.000      0.000      0.000      0.000      0.000      0.000      0.000      0.000      0.000      0.001     -0.001      0.000      0.000      0.000      0.000      0.000     -0.002      0.000      0.000      0.000      0.000     -0.003
    -0.030     -0.084     -0.027     -0.033      0.012     -0.055      0.004     -0.013     -0.012     -0.028     -0.008      0.014     -0.015      0.008      0.013      0.022      0.070     -0.006      0.000      0.009     -0.009      0.009      0.000      0.038      0.002     -0.036     -0.012      0.000      0.001     -0.002     -0.001      0.000      0.000     -0.001      0.001      0.000     -0.002     -0.001      0.000      0.000     -0.001      0.000      0.000      0.000      0.000      0.000      0.000      0.001      0.004     -0.001      0.000      0.000      0.000     -0.016
     0.013      0.025     -0.042      0.007     -0.057      0.019     -0.012      0.047     -0.003      0.003     -0.020     -0.009      0.012     -0.014     -0.016      0.036     -0.348      0.005      0.000     -0.001      0.000     -0.001      0.000     -0.016      0.001      0.007      0.002      0.000      0.000      0.000      0.000      0.000      0.000      0.000      0.000      0.000     -0.001      0.000      0.000      0.000      0.000      0.000      0.000      0.000      0.000      0.000      0.000      0.000      0.000      0.000      0.000      0.000      0.000      0.002
     0.038      0.047      0.143      0.058      0.084      0.051      0.034      0.039      0.020      0.007      0.031     -0.013      0.011      0.024      0.018     -0.048     -0.240     -0.483      0.000      0.000      0.000      0.000      0.000      0.000      0.000      0.000      0.000      0.000      0.000      0.000      0.000      0.000      0.000      0.000      0.000      0.000      0.000      0.000      0.000      0.000      0.000      0.000      0.000      0.000      0.000      0.000      0.000      0.000      0.000      0.000      0.000      0.000      0.000      0.000
     0.054      0.026      0.100      0.036      0.079      0.032      0.096      0.049      0.058      0.009      0.036      0.033      0.028      0.019      0.043      0.019      0.411     -0.170      0.060      0.007      0.002      0.001      0.001      0.004      0.000     -0.005     -0.004      0.000      0.000      0.000      0.000      0.000      0.000      0.000      0.000      0.000     -0.001      0.000      0.000      0.000      0.000     -0.001      0.000      0.000      0.000      0.000      0.000      0.000     -0.001      0.000      0.000      0.000      0.000     -0.003
     0.007      0.016     -0.097     -0.019     -0.042     -0.039     -0.048     -0.027     -0.028      0.011     -0.029     -0.024     -0.028      0.003     -0.032     -0.067     -0.232      0.045     -0.060      0.179      0.023      0.000     -0.001     -0.012     -0.001      0.016      0.002      0.000      0.001     -0.001     -0.001      0.000      0.000      0.000     -0.001      0.000     -0.001      0.000      0.000      0.000      0.000      0.000      0.000      0.000      0.000      0.000      0.000      0.000      0.001     -0.001      0.000      0.000      0.000     -0.019
     0.018     -0.028      0.033      0.024      0.051     -0.018      0.024      0.012      0.024     -0.003      0.010      0.032     -0.002      0.051      0.021      0.028      0.439     -0.202     -0.060      0.149      0.028      0.007      0.000      0.010     -0.002     -0.009     -0.002      0.000      0.000      0.000      0.000      0.000      0.000      0.000      0.000      0.000     -0.001      0.000      0.000      0.000      0.000      0.000      0.000      0.000      0.000      0.000      0.000      0.000     -0.001      0.000      0.000      0.000      0.000     -0.010
     0.061      0.054      0.133      0.065      0.069      0.050      0.089      0.057      0.076      0.021      0.038      0.054      0.065      0.018      0.040      0.027      0.019     -0.115      0.204      0.444     -0.176     -0.085      0.001     -0.001      0.000     -0.001     -0.001      0.000      0.000      0.000      0.000      0.000      0.000      0.000      0.000      0.000      0.000      0.000      0.000      0.000      0.000      0.000      0.000      0.000      0.000      0.000      0.000      0.000      0.001      0.000      0.000      0.000      0.000      0.001
    -0.032     -0.015      0.053      0.011      0.069     -0.016      0.013      0.024      0.007     -0.021      0.040      0.023      0.008     -0.004      0.042      0.032      0.320     -0.507      0.075      0.116     -0.176      0.281     -0.086      0.207     -0.003     -0.053     -0.005      0.000     -0.001     -0.003     -0.001      0.001     -0.001     -0.001     -0.002      0.000      0.007     -0.001     -0.005      0.001      0.000      0.000      0.001      0.000      0.000      0.000      0.000      0.001     -0.004      0.001      0.000     -0.001      0.001     -0.004
     0.019      0.001     -0.015     -0.002     -0.070     -0.016     -0.020     -0.051     -0.006      0.002      0.016     -0.001     -0.014     -0.033      0.020      0.030      0.109      0.144     -0.225     -0.027     -0.137     -0.323      0.070     -0.124      0.004      0.004     -0.001      0.000      0.001      0.000      0.000      0.000      0.000      0.000      0.000      0.000      0.000      0.000      0.000      0.000      0.000      0.000      0.000      0.000      0.000      0.000      0.000      0.000      0.002      0.000      0.000      0.000      0.000     -0.002
    -0.016     -0.008     -0.119     -0.068     -0.102     -0.034     -0.039     -0.067     -0.053     -0.017     -0.043     -0.035     -0.012     -0.035     -0.060     -0.030     -0.446      0.346     -0.255     -0.207      0.342     -0.350     -0.115     -0.379      0.232      0.095      0.006      0.000      0.002      0.002     -0.001      0.001     -0.001      0.002     -0.001      0.000      0.005      0.000      0.001      0.000      0.000      0.001     -0.002      0.001      0.000      0.000      0.000      0.000      0.001      0.000      0.000      0.000     -0.001     -0.001
    -0.060     -0.005     -0.133     -0.061     -0.100     -0.025     -0.094     -0.047     -0.062     -0.016     -0.045     -0.053     -0.042     -0.035     -0.049     -0.039     -0.594      0.324     -0.235     -0.606      0.186     -0.309     -0.539     -0.138     -0.170      0.248      0.006      0.000     -0.001      0.000      0.000      0.000      0.000      0.000      0.000      0.000      0.000      0.000     -0.001      0.000      0.000      0.000      0.000      0.000      0.000      0.000      0.000      0.000     -0.001      0.000      0.000      0.000      0.000      0.005
     0.107      0.045      0.006     -0.008     -0.003      0.036      0.036      0.002      0.016      0.020      0.000     -0.001     -0.001      0.022      0.008     -0.001     -0.002     -0.008      0.014      0.027      0.012      0.015      0.044     -0.001     -0.031      0.002     -0.028      0.029      0.002      0.001      0.002      0.000      0.001      0.000      0.000      0.000      0.000      0.000      0.001      0.000      0.000      0.000      0.000      0.000      0.001      0.000      0.000      0.001      0.008     -0.002      0.000     -0.001      0.000      0.008
     0.032      0.026      0.044      0.025     -0.016     -0.006      0.004      0.007     -0.003      0.015      0.016     -0.002     -0.055      0.003      0.014     -0.011      0.012     -0.014     -0.019      0.011      0.029     -0.008      0.032     -0.006      0.061      0.022     -0.035      0.044      0.060      0.000      0.000      0.000      0.001     -0.001      0.000      0.000      0.001      0.000      0.002      0.000      0.001     -0.001     -0.001      0.000      0.001      0.000      0.000      0.001      0.004     -0.002      0.000     -0.002     -0.001     -0.041
     0.015      0.025     -0.085     -0.020     -0.001      0.020     -0.003     -0.014      0.015      0.011     -0.013     -0.011      0.014      0.000      0.005      0.051     -0.026      0.007      0.027     -0.022     -0.021     -0.013      0.009     -0.032      0.025      0.032     -0.009      0.028     -0.004      0.054      0.002      0.001      0.001      0.001      0.001      0.001     -0.001      0.000      0.000     -0.001      0.001      0.002     -0.001      0.001      0.001      0.000      0.000      0.001      0.033     -0.002      0.000     -0.002      0.000      0.014
    -0.028      0.031     -0.011      0.026      0.005      0.030     -0.015      0.003      0.008     -0.017      0.013      0.023     -0.004     -0.022      0.018      0.011     -0.010     -0.014      0.041      0.003     -0.017     -0.021      0.015     -0.008      0.005     -0.021     -0.021      0.062      0.007      0.038      0.048      0.002      0.001      0.000      0.000      0.001      0.001      0.000      0.001      0.000      0.000      0.001      0.000      0.000      0.001      0.000      0.000      0.001      0.022      0.000      0.000     -0.002      0.000      0.032
     0.013      0.005     -0.017      0.019      0.039     -0.014     -0.003      0.019     -0.027     -0.029      0.002      0.012     -0.003     -0.008     -0.002     -0.027     -0.004     -0.008      0.009     -0.001      0.001      0.004     -0.001      0.011      0.055      0.018     -0.024      0.002     -0.008      0.042      0.051      0.020      0.000      0.000      0.000      0.000      0.000      0.001      0.001      0.000      0.000      0.000      0.000      0.000      0.000      0.000      0.000      0.000      0.013      0.000      0.000     -0.001      0.000      0.012
    -0.025     -0.013      0.014      0.003     -0.015      0.005     -0.005      0.010     -0.005      0.010     -0.016     -0.004      0.016      0.031      0.013     -0.008      0.003     -0.001      0.008      0.003      0.001     -0.025     -0.008     -0.011      0.003     -0.032      0.012      0.030      0.031      0.038      0.020      0.020      0.014      0.000      0.000      0.000      0.000      0.000      0.000      0.000      0.000     -0.001      0.000      0.000      0.000      0.000      0.000      0.000      0.000      0.001      0.000      0.000      0.000      0.006
     0.031     -0.021      0.011     -0.005     -0.015      0.013      0.011     -0.031     -0.026     -0.018      0.004      0.008     -0.007     -0.023      0.023     -0.014     -0.048      0.054     -0.022     -0.049      0.006      0.007     -0.057     -0.020      0.023      0.050      0.044      0.006     -0.029      0.021      0.017      0.003      0.021      0.012      0.000      0.000      0.001      0.000      0.000      0.000      0.000      0.000      0.000      0.000      0.000      0.000      0.000      0.000      0.000      0.001      0.000      0.000      0.000      0.002
    -0.002     -0.014     -0.011     -0.006      0.023      0.020     -0.011     -0.036      0.007     -0.004      0.003      0.002      0.007     -0.002     -0.031      0.051      0.040     -0.024      0.001     -0.006     -0.063      0.027      0.036     -0.035      0.034     -0.023     -0.047      0.023     -0.003      0.021      0.017      0.012     -0.026     -0.017      0.012      0.000      0.001      0.000      0.001      0.000      0.000      0.000      0.000      0.000      0.000      0.000      0.000      0.000      0.003      0.000      0.000      0.000      0.000      0.002
    -0.005     -0.011     -0.044      0.014      0.025      0.022     -0.014     -0.014     -0.037      0.001      0.020      0.036     -0.013     -0.030     -0.014     -0.011     -0.016      0.024      0.007     -0.008      0.012     -0.002     -0.014      0.001      0.011      0.002      0.018      0.006     -0.007      0.049      0.053     -0.004      0.019      0.028      0.010      0.007      0.000      0.000      0.000      0.000      0.000      0.000      0.000      0.000      0.000      0.000      0.000      0.000      0.004      0.000      0.000      0.000      0.000      0.003
    -0.009     -0.020     -0.014     -0.016     -0.010      0.012     -0.016     -0.011     -0.001     -0.111      0.002     -0.026      0.008     -0.020      0.022      0.000     -0.020     -0.025     -0.001     -0.019     -0.027     -0.041     -0.005      0.044     -0.001      0.044      0.017      0.002      0.010     -0.008      0.008      0.004     -0.007      0.015      0.013      0.007      0.134     -0.001      0.000      0.001      0.000     -0.001      0.000      0.000      0.001      0.000      0.000      0.000      0.007     -0.001      0.000     -0.002     -0.002      0.007
    -0.009     -0.014      0.030     -0.013      0.012      0.002      0.019      0.042      0.022      0.018      0.035      0.007      0.006     -0.001     -0.024     -0.007     -0.018      0.031     -0.011      0.005      0.004     -0.016      0.017     -0.018      0.038      0.006      0.006      0.000      0.014      0.017      0.003      0.035     -0.011      0.000      0.009     -0.004     -0.016      0.012      0.001      0.000      0.000      0.000      0.000      0.000      0.000      0.000      0.000     -0.001      0.001      0.000      0.000      0.000      0.000     -0.008
     0.005      0.007      0.031      0.025     -0.004     -0.003     -0.004     -0.005     -0.003     -0.004      0.000      0.035      0.008     -0.005      0.009     -0.017     -0.003      0.012      0.019      0.008     -0.009      0.010      0.029     -0.041      0.001      0.012     -0.030      0.028      0.029      0.000      0.021      0.034      0.008     -0.006      0.034      0.006      0.000      0.020      0.060     -0.001      0.000      0.000      0.001      0.000      0.000      0.000      0.000     -0.002      0.000      0.001      0.000     -0.001     -0.001     -0.006
    -0.003      0.024     -0.027     -0.008      0.000     -0.031      0.008     -0.019     -0.016      0.013     -0.021      0.004      0.027      0.005      0.007     -0.033      0.002     -0.018      0.010     -0.025      0.005      0.004     -0.026      0.020     -0.006      0.005      0.013      0.006      0.020     -0.030     -0.007     -0.022      0.022      0.006      0.012      0.015      0.020     -0.029     -0.026      0.007      0.000      0.000      0.000      0.000      0.000      0.000      0.000      0.000      0.000      0.000      0.000      0.000      0.000     -0.008
     0.002      0.004     -0.008      0.014      0.024      0.034      0.016      0.011     -0.010      0.007      0.002      0.026      0.013      0.049      0.016     -0.015     -0.027     -0.035      0.019      0.015      0.022     -0.010     -0.001     -0.004     -0.009      0.019      0.018     -0.008      0.029      0.032      0.011      0.024      0.034      0.001      0.009      0.024      0.012     -0.010      0.007     -0.010      0.006      0.000      0.000      0.000      0.000      0.000      0.000      0.000      0.002      0.000      0.000      0.000      0.000      0.003
     0.024     -0.002     -0.013     -0.010     -0.002      0.020     -0.003      0.033      0.000      0.001      0.000     -0.006      0.020      0.006     -0.027      0.040      0.006      0.028     -0.014     -0.039     -0.008      0.027     -0.014     -0.002      0.001      0.016      0.005     -0.010     -0.015      0.034      0.014      0.014     -0.022      0.020     -0.020      0.021     -0.012     -0.015      0.002     -0.022     -0.002      0.047      0.000      0.000      0.000      0.000      0.000     -0.001      0.007     -0.001      0.000      0.000      0.000      0.007
     0.000      0.000      0.007      0.009      0.023      0.012      0.021     -0.001      0.001      0.028     -0.014      0.013      0.035     -0.013      0.011     -0.097      0.009     -0.016      0.051      0.002     -0.004      0.008     -0.015      0.014     -0.032     -0.052     -0.015      0.013     -0.040     -0.054     -0.013     -0.012      0.019      0.007     -0.006     -0.017     -0.001      0.005      0.024      0.019     -0.010     -0.022      0.011     -0.001      0.000      0.000      0.000     -0.001     -0.001      0.001      0.000      0.000      0.000      0.008
    -0.010      0.009     -0.020     -0.001     -0.019     -0.019      0.007      0.013     -0.015     -0.017     -0.001      0.003     -0.010     -0.026      0.028     -0.020     -0.012      0.020     -0.018     -0.012      0.034     -0.033     -0.020      0.000      0.047      0.025      0.019      0.008      0.008      0.030     -0.012     -0.001     -0.025     -0.036     -0.047     -0.016     -0.010     -0.032     -0.020     -0.045     -0.026      0.004     -0.088      0.007      0.000     -0.001      0.000      0.003      0.013     -0.003      0.000     -0.001      0.001     -0.027
    -0.005      0.021     -0.007      0.022     -0.006     -0.010     -0.044     -0.022     -0.003     -0.019     -0.006      0.016     -0.016     -0.017      0.024     -0.009      0.006      0.000      0.007     -0.002      0.018      0.030      0.016     -0.027      0.019      0.022     -0.031      0.122      0.140      0.126      0.165      0.100      0.063      0.066      0.026      0.047      0.075      0.048      0.062      0.025      0.033      0.028      0.015     -0.102      0.001      0.000      0.000      0.001      0.005      0.000      0.000      0.000     -0.001     -0.027
     0.003     -0.039     -0.012      0.010     -0.016      0.029      0.021     -0.001     -0.009      0.021      0.017     -0.036      0.014      0.022     -0.021      0.012      0.015     -0.009      0.000      0.015     -0.024      0.009      0.013      0.006     -0.026     -0.023     -0.003     -0.036     -0.050     -0.046     -0.084     -0.030     -0.033     -0.015      0.025     -0.016      0.026      0.013      0.022      0.038      0.021      0.031      0.029     -0.558     -0.168      0.001      0.000     -0.001     -0.003      0.000      0.000      0.000     -0.001      0.009
    -0.015      0.034      0.028      0.003      0.011     -0.030     -0.013      0.001      0.012     -0.019     -0.025      0.029     -0.009     -0.021      0.011     -0.006     -0.021      0.017     -0.010     -0.019      0.032     -0.016     -0.015     -0.012      0.022      0.038      0.012      0.031      0.055      0.031      0.074      0.019      0.018      0.005     -0.037      0.006     -0.032     -0.008     -0.024     -0.038     -0.021     -0.054     -0.028      0.382      0.139     -0.904      0.000      0.000      0.001      0.000      0.000      0.000      0.000     -0.002
    -0.004      0.035      0.003      0.015      0.001     -0.025     -0.005      0.006     -0.027     -0.025      0.019      0.000     -0.002     -0.019     -0.012     -0.016      0.021      0.004     -0.003      0.043     -0.004      0.028      0.024      0.010     -0.017     -0.011     -0.021      0.034      0.041      0.042      0.033     -0.009     -0.002     -0.003     -0.015      0.013      0.007     -0.035     -0.070     -0.028     -0.007     -0.027     -0.036      0.267      0.136     -0.218      0.172      0.020      0.006     -0.011      0.000      0.005      0.002      0.039
     0.014      0.029     -0.025     -0.038     -0.012     -0.001     -0.002     -0.017      0.017      0.024     -0.006      0.000      0.033      0.025      0.000     -0.035      0.016     -0.001     -0.004     -0.015      0.008     -0.011      0.023     -0.011      0.037      0.002     -0.021      0.052      0.018      0.155      0.109      0.105     -0.001      0.003      0.032      0.047      0.021      0.012      0.000     -0.001      0.031      0.035     -0.014      0.175      0.226     -0.112      0.067      0.046      0.810      0.002      0.000     -0.005     -0.002     -0.363
     0.032     -0.010      0.028     -0.048      0.051     -0.003     -0.005      0.010     -0.001      0.005      0.015      0.011      0.016      0.014     -0.014      0.008     -0.011     -0.010      0.015     -0.021     -0.024     -0.009     -0.022      0.012      0.016      0.005     -0.011     -0.060     -0.039     -0.039      0.003      0.011      0.028      0.046      0.017      0.024     -0.016      0.000      0.020      0.021     -0.018     -0.022      0.060     -0.217     -0.032     -0.047     -0.010     -0.417      0.011      0.032      0.000      0.000     -0.003     -0.022
     0.029      0.009     -0.058      0.031     -0.017     -0.006     -0.006     -0.006      0.012     -0.005     -0.005      0.014     -0.007     -0.001      0.033      0.004      0.001      0.032     -0.013     -0.009      0.012     -0.011     -0.002     -0.034      0.016      0.014      0.005      0.034      0.036      0.053      0.008      0.047     -0.007      0.009     -0.011     -0.005     -0.006     -0.004     -0.001     -0.031     -0.005      0.023     -0.071      0.392      0.077     -0.362      0.216     -0.005      0.053     -0.331      0.000      0.000      0.000      0.000
    -0.018      0.017     -0.019      0.014      0.023     -0.008      0.016     -0.033     -0.008     -0.016      0.012     -0.003      0.015      0.015      0.003      0.012      0.009      0.021     -0.001      0.013     -0.001      0.016      0.010     -0.009     -0.019      0.008     -0.010     -0.030     -0.043     -0.036     -0.041     -0.030     -0.008     -0.007     -0.008     -0.021     -0.030      0.003     -0.015     -0.007     -0.010      0.005     -0.002     -0.076     -0.089      0.042     -0.019      0.167     -0.029     -0.003      0.017      0.039      0.000      0.014
    -0.039      0.004     -0.008     -0.006      0.023      0.005      0.018      0.000      0.016      0.031     -0.045      0.009     -0.014      0.009     -0.017      0.018      0.011     -0.054      0.026      0.026      0.005      0.032      0.025      0.020     -0.030     -0.034     -0.022     -0.016     -0.028      0.002     -0.014      0.019     -0.003     -0.010      0.003     -0.007     -0.055     -0.019     -0.033     -0.004      0.003      0.001     -0.011      0.113     -0.232     -0.220      0.154      0.135     -0.019     -0.192      0.013      0.000      0.009     -0.004
     0.028     -0.012     -0.006      0.005      0.040     -0.006     -0.013      0.007      0.022      0.008      0.014      0.015      0.007     -0.014     -0.015     -0.015     -0.021      0.009      0.004     -0.015     -0.044     -0.044      0.012     -0.003     -0.013     -0.001      0.023      0.017     -0.058      0.021      0.050      0.028      0.019      0.008      0.006      0.014      0.006     -0.024     -0.008     -0.030      0.013      0.011      0.027     -0.115     -0.358      0.115     -0.074      0.094     -0.140     -0.042     -0.026      0.024     -0.017      8.365

Derivative matrix of expected statistics X by parameters and
covariance/correlation matrix of X can be found using
summary(ans) within R, or by using the 'verbose' option in Siena07.
 
Total computation time 619.06 seconds.
