

-----------------------------------
New Analysis started.
Date and time: 21/09/2026 17:11:52
New results follow.
-----------------------------------

RSiena version 1.3.10 (28 Apr 22)


@1
Estimation by stochastic approximation algorithm.
=================================================

Current random number seed is 12346.
Effects object used: effs 
Model Type:
 Initiative model
Behavioral Model Type:
 Standard behavior actor-oriented model ('restrict')
Estimation method: unconditional moment estimation
.

Time duration for simulations in each period is 1.0.
Changing composition.
Joiners/leavers option: 1
Standard errors are estimated with the likelihood ratio method.
Dolby method (regression on scores) is used.
Initial value of gain parameter is  0.2000000.
Reduction factor for gain parameter is  0.5000000.
Number of subphases in Phase 2 is 3.

Initial parameter values are 
  1. rate:  constant dv.net rate (period 1)                 0.0519
  2. rate:  constant dv.net rate (period 2)                 0.1647
  3. rate:  constant dv.net rate (period 3)                 0.5454
  4. rate:  constant dv.net rate (period 4)                 0.3905
  5. rate:  constant dv.net rate (period 5)                 0.3871
  6. rate:  constant dv.net rate (period 6)                 0.3663
  7. rate:  constant dv.net rate (period 7)                 0.4520
  8. rate:  constant dv.net rate (period 8)                 0.3499
  9. rate:  constant dv.net rate (period 9)                 0.3709
 10. rate:  constant dv.net rate (period 10)                0.3044
 11. rate:  constant dv.net rate (period 11)                0.3655
 12. rate:  constant dv.net rate (period 12)                0.5063
 13. rate:  constant dv.net rate (period 13)                0.3897
 14. rate:  constant dv.net rate (period 14)                0.3651
 15. rate:  constant dv.net rate (period 15)                0.3162
 16. rate:  constant dv.net rate (period 16)                0.5706
 17. rate:  constant dv.net rate (period 17)                0.3704
 18. rate:  constant dv.net rate (period 18)                0.4373
 19. eval:  degree (density)                               -5.9936
 20. eval:  GWESP (69)                                      2.1821
 21. eval:  degree act+pop                                  0.0287
 22. eval:  nets.lndistance_d                              -0.8017
 23. eval:  nets.ATOP_d                                     0.8774
 24. eval:  nets.absidealdiff_d                            -0.5035
 25. eval:  nets.lntrade_d                                  0.0319
 26. eval:  nets.NATO_d                                    -3.5219
 27. eval:  milex.beh alter                                -0.0651
 28. eval:  beh.democracy_1 alter                           1.3062
 29. eval:  beh.lncinc_1 alter                              0.7890
 30. rate:  rate milex.beh (period 1)                       0.9332
 31. rate:  rate milex.beh (period 2)                       1.3025
 32. rate:  rate milex.beh (period 3)                       1.3567
 33. rate:  rate milex.beh (period 4)                       1.1961
 34. rate:  rate milex.beh (period 5)                       0.6987
 35. rate:  rate milex.beh (period 6)                       0.5711
 36. rate:  rate milex.beh (period 7)                       0.4800
 37. rate:  rate milex.beh (period 8)                       0.5226
 38. rate:  rate milex.beh (period 9)                       0.3750
 39. rate:  rate milex.beh (period 10)                      1.7204
 40. rate:  rate milex.beh (period 11)                      0.5847
 41. rate:  rate milex.beh (period 12)                      1.3232
 42. rate:  rate milex.beh (period 13)                      0.3227
 43. rate:  rate milex.beh (period 14)                      0.2975
 44. rate:  rate milex.beh (period 15)                      1.0886
 45. rate:  rate milex.beh (period 16)                      0.4076
 46. rate:  rate milex.beh (period 17)                      0.3537
 47. rate:  rate milex.beh (period 18)                      0.4027
 48. eval:  milex.beh linear shape                         -1.1685
 49. eval:  milex.beh quadratic shape                      -0.0268
 50. eval:  milex.beh degree                                0.0896
 51. eval:  milex.beh dense triads                         -0.0208
 52. eval:  milex.beh: effect from beh.democracy_1         -0.4487
 53. eval:  milex.beh: effect from beh.GDPgrowth_1         -2.2438
 54. eval:  milex.beh: effect from beh.nato_1               0.8678
 55. eval:  milex.beh: effect from beh.allies_1            -0.0109
 56. eval:  milex.beh: effect from beh.military_1           0.2550
 57. eval:  milex.beh: effect from beh.lnmids_1             0.1398
 58. eval:  milex.beh: effect from beh.milexSpLag_1         7.0715


Observed values of target statistics are
  1. Amount of network change in period 1                                10.0000
  2. Amount of network change in period 2                                34.0000
  3. Amount of network change in period 3                                86.0000
  4. Amount of network change in period 4                                94.0000
  5. Amount of network change in period 5                                76.0000
  6. Amount of network change in period 6                                76.0000
  7. Amount of network change in period 7                                94.0000
  8. Amount of network change in period 8                                78.0000
  9. Amount of network change in period 9                                84.0000
 10. Amount of network change in period 10                               72.0000
 11. Amount of network change in period 11                               84.0000
 12. Amount of network change in period 12                              114.0000
 13. Amount of network change in period 13                               94.0000
 14. Amount of network change in period 14                               88.0000
 15. Amount of network change in period 15                               80.0000
 16. Amount of network change in period 16                              138.0000
 17. Amount of network change in period 17                               96.0000
 18. Amount of network change in period 18                              112.0000
 19. Number of edges                                                   5257.0000
 20. Numb. edgew. shrd prtns.(69)                                      15264.4804
 21. Sum of squared degrees                                            333172.0000
 22. Sum of ties x nets.lndistance_d                                   -10629.6066
 23. Sum of ties x nets.ATOP_d                                         5960.4379
 24. Sum of ties x nets.absidealdiff_d                                 -2858.5692
 25. Sum of ties x nets.lntrade_d                                      37643.5933
 26. Sum of ties x nets.NATO_d                                         1247.4871
 27. Sum of degrees x milex.beh                                        -136.5119
 28. Sum of degrees x beh.democracy_1                                  2911.8786
 29. Sum of degrees x beh.lncinc_1                                     13015.0208
 30. Amount of behavioral change in period 1 on milex.beh                41.0000
 31. Amount of behavioral change in period 2 on milex.beh                50.0000
 32. Amount of behavioral change in period 3 on milex.beh                57.0000
 33. Amount of behavioral change in period 4 on milex.beh                52.0000
 34. Amount of behavioral change in period 5 on milex.beh                37.0000
 35. Amount of behavioral change in period 6 on milex.beh                32.0000
 36. Amount of behavioral change in period 7 on milex.beh                28.0000
 37. Amount of behavioral change in period 8 on milex.beh                31.0000
 38. Amount of behavioral change in period 9 on milex.beh                24.0000
 39. Amount of behavioral change in period 10 on milex.beh               71.0000
 40. Amount of behavioral change in period 11 on milex.beh               34.0000
 41. Amount of behavioral change in period 12 on milex.beh               55.0000
 42. Amount of behavioral change in period 13 on milex.beh               18.0000
 43. Amount of behavioral change in period 14 on milex.beh               17.0000
 44. Amount of behavioral change in period 15 on milex.beh               48.0000
 45. Amount of behavioral change in period 16 on milex.beh               20.0000
 46. Amount of behavioral change in period 17 on milex.beh               18.0000
 47. Amount of behavioral change in period 18 on milex.beh               21.0000
 48. milex.beh centered sum                                             -69.2728
 49. milex.beh sum of cent. squares                                    5872.2362
 50. milex.beh outdegrees                                              -140.2801
 51. milex.beh dense triads                                            -2487.5508
 52. milex.beh x beh.democracy_1                                       -379.2596
 53. milex.beh x beh.GDPgrowth_1                                         -0.6794
 54. milex.beh x beh.nato_1                                              58.7026
 55. milex.beh x beh.allies_1                                          -4906.7851
 56. milex.beh x beh.military_1                                         125.8892
 57. milex.beh x beh.lnmids_1                                           583.7664
 58. milex.beh x beh.milexSpLag_1                                        23.9632

 58 parameters, 58 statistics

Estimation of derivatives by the LR method (type 1).


@2
End of stochastic approximation algorithm, phase 3.
---------------------------------------------------

Total of 3206 iterations.
Parameter estimates based on 2206 iterations,
convergence diagnostics, covariance and derivative matrices based on 1000 iterations.

Information for convergence diagnosis.
Averages, standard deviations, and t-ratios for deviations from targets:
  1.  -0.0380    4.3577  -0.0087 
  2.  -0.3200    8.4395  -0.0379 
  3.   0.7060   12.3360   0.0572 
  4.   0.4720   13.8481   0.0341 
  5.   0.5580   11.6432   0.0479 
  6.  -0.5940   11.4482  -0.0519 
  7.   0.0700   13.0749   0.0054 
  8.  -0.0780   11.7640  -0.0066 
  9.  -0.2180   12.2952  -0.0177 
 10.   0.1480   11.2143   0.0132 
 11.  -0.7020   12.4013  -0.0566 
 12.   0.2020   14.4611   0.0140 
 13.  -0.5640   13.0499  -0.0432 
 14.  -0.2060   12.8816  -0.0160 
 15.  -0.0360   12.5738  -0.0029 
 16.   0.3000   16.5979   0.0181 
 17.  -0.4960   13.8565  -0.0358 
 18.   0.6040   14.4525   0.0418 
 19.   0.8660   26.3450   0.0329 
 20.  -0.2608  100.4132  -0.0026 
 21.  77.3520 2618.0339   0.0295 
 22.  -2.1246   67.9751  -0.0313 
 23.   0.2626   33.6398   0.0078 
 24.  -0.2844   48.2912  -0.0059 
 25.   7.5487  199.1046   0.0379 
 26.   0.0454    9.8489   0.0046 
 27.   1.0423   53.0298   0.0197 
 28.   0.3207   19.5830   0.0164 
 29.   1.0807   88.4281   0.0122 
 30.  -0.1050    5.8549  -0.0179 
 31.  -0.1540    6.0164  -0.0256 
 32.  -0.2960    6.2273  -0.0475 
 33.  -0.0900    6.6242  -0.0136 
 34.   0.1380    5.4905   0.0251 
 35.   0.3550    5.3364   0.0665 
 36.  -0.1350    4.7711  -0.0283 
 37.  -0.2380    5.0627  -0.0470 
 38.   0.1950    4.6349   0.0421 
 39.  -0.1770    6.8168  -0.0260 
 40.   0.0690    5.5285   0.0125 
 41.   0.3250    6.3529   0.0512 
 42.   0.0250    3.9329   0.0064 
 43.   0.0350    3.7900   0.0092 
 44.   0.1610    6.0803   0.0265 
 45.   0.0110    4.2158   0.0026 
 46.  -0.1650    4.0613  -0.0406 
 47.   0.0630    4.1831   0.0151 
 48.   0.2010   25.4741   0.0079 
 49.  -2.0627   97.2090  -0.0212 
 50.   4.1990  186.3314   0.0225 
 51.   9.1240  492.6691   0.0185 
 52.   0.7386   12.1277   0.0609 
 53.   0.0701    2.1376   0.0328 
 54.   0.3629    9.4819   0.0383 
 55.  18.8220  491.5114   0.0383 
 56.   0.2510    6.7865   0.0370 
 57.  -0.2442   14.9429  -0.0163 
 58.   0.0081    0.4940   0.0164 

Good convergence is indicated by the t-ratios being close to zero.

Overall maximum convergence ratio =  0.2523 .



@2
Estimation Results.
-------------------

Regular end of estimation algorithm.
Total of 3206 iteration steps.


@3
Estimates and standard errors
                             
Network Dynamics
 1. rate:  constant dv.net rate (period 1)                         0.0564  (   0.0273)
 2. rate:  constant dv.net rate (period 2)                         0.1649  (   0.0411)
 3. rate:  constant dv.net rate (period 3)                         0.5544  (   0.0991)
 4. rate:  constant dv.net rate (period 4)                         0.3935  (   0.0606)
 5. rate:  constant dv.net rate (period 5)                         0.3792  (   0.0689)
 6. rate:  constant dv.net rate (period 6)                         0.3710  (   0.0786)
 7. rate:  constant dv.net rate (period 7)                         0.4597  (   0.0802)
 8. rate:  constant dv.net rate (period 8)                         0.3531  (   0.0640)
 9. rate:  constant dv.net rate (period 9)                         0.3730  (   0.0685)
10. rate:  constant dv.net rate (period 10)                        0.3132  (   0.0587)
11. rate:  constant dv.net rate (period 11)                        0.3656  (   0.0608)
12. rate:  constant dv.net rate (period 12)                        0.5056  (   0.0785)
13. rate:  constant dv.net rate (period 13)                        0.3908  (   0.0632)
14. rate:  constant dv.net rate (period 14)                        0.3575  (   0.0553)
15. rate:  constant dv.net rate (period 15)                        0.3170  (   0.0510)
16. rate:  constant dv.net rate (period 16)                        0.5719  (   0.0750)
17. rate:  constant dv.net rate (period 17)                        0.3707  (   0.0547)
18. rate:  constant dv.net rate (period 18)                        0.4278  (   0.0613)
19. eval:  degree (density)                                       -6.0113  (   0.2286)
20. eval:  GWESP (69)                                              2.1871  (   0.1985)
21. eval:  degree act+pop                                          0.0291  (   0.0047)
22. eval:  nets.lndistance_d                                      -0.8015  (   0.0685)
23. eval:  nets.ATOP_d                                             0.8761  (   0.1381)
24. eval:  nets.absidealdiff_d                                    -0.5055  (   0.0734)
25. eval:  nets.lntrade_d                                          0.0331  (   0.0301)
26. eval:  nets.NATO_d                                            -3.5258  (   0.3471)
27. eval:  milex.beh alter                                        -0.0643  (   0.0611)
28. eval:  beh.democracy_1 alter                                   1.3101  (   0.2229)
29. eval:  beh.lncinc_1 alter                                      0.7867  (   0.0638)
Behavior Dynamics

30. rate:  rate milex.beh (period 1)                               0.9325  (   0.1748)
31. rate:  rate milex.beh (period 2)                               1.2973  (   0.2298)
32. rate:  rate milex.beh (period 3)                               1.3475  (   0.2707)
33. rate:  rate milex.beh (period 4)                               1.1925  (   0.2191)
34. rate:  rate milex.beh (period 5)                               0.6923  (   0.1365)
35. rate:  rate milex.beh (period 6)                               0.5703  (   0.1045)
36. rate:  rate milex.beh (period 7)                               0.4741  (   0.1008)
37. rate:  rate milex.beh (period 8)                               0.5197  (   0.1190)
38. rate:  rate milex.beh (period 9)                               0.3764  (   0.0810)
39. rate:  rate milex.beh (period 10)                              1.7193  (   0.2752)
40. rate:  rate milex.beh (period 11)                              0.5914  (   0.1102)
41. rate:  rate milex.beh (period 12)                              1.3169  (   0.2809)
42. rate:  rate milex.beh (period 13)                              0.3248  (   0.0877)
43. rate:  rate milex.beh (period 14)                              0.2961  (   0.0880)
44. rate:  rate milex.beh (period 15)                              1.0869  (   0.2365)
45. rate:  rate milex.beh (period 16)                              0.4101  (   0.0951)
46. rate:  rate milex.beh (period 17)                              0.3553  (   0.0831)
47. rate:  rate milex.beh (period 18)                              0.4081  (   0.0961)
48. eval:  milex.beh linear shape                                 -1.1725  (   0.0815)
49. eval:  milex.beh quadratic shape                              -0.0275  (   0.0243)
50. eval:  milex.beh degree                                        0.0911  (   0.0240)
51. eval:  milex.beh dense triads                                 -0.0212  (   0.0075)
52. eval:  milex.beh: effect from beh.democracy_1                 -0.4472  (   0.1376)
53. eval:  milex.beh: effect from beh.GDPgrowth_1                 -2.2324  (   0.8394)
54. eval:  milex.beh: effect from beh.nato_1                       0.8703  (   0.1639)
55. eval:  milex.beh: effect from beh.allies_1                    -0.0108  (   0.0035)
56. eval:  milex.beh: effect from beh.military_1                   0.2646  (   0.1926)
57. eval:  milex.beh: effect from beh.lnmids_1                     0.1390  (   0.0888)
58. eval:  milex.beh: effect from beh.milexSpLag_1                 7.1200  (   2.8152)


@3
Covariance matrices
                   
Covariance matrix of estimates (correlations below diagonal):
     0.001      0.000      0.000      0.000      0.000      0.000      0.000      0.000      0.000      0.000      0.000      0.000      0.000      0.000      0.000      0.000      0.000      0.000      0.000      0.000      0.000      0.000      0.000      0.000      0.000      0.000      0.000      0.000      0.000      0.000      0.000     -0.001      0.000      0.000      0.000      0.000      0.000      0.000      0.000      0.000      0.000      0.000      0.000      0.000      0.000      0.000      0.000      0.000      0.000      0.000      0.000      0.000      0.000      0.000      0.000      0.000      0.000     -0.004
    -0.008      0.002      0.000      0.000      0.000      0.000      0.000      0.000      0.000      0.000      0.000      0.000      0.000      0.000      0.000      0.000      0.000      0.000     -0.002      0.001      0.000      0.000      0.000      0.000      0.000      0.000      0.000      0.000      0.000      0.000      0.002      0.000      0.000      0.000      0.000      0.000      0.000      0.000      0.000      0.000      0.000      0.000      0.000      0.000      0.000      0.000      0.000      0.000      0.000      0.000      0.000      0.000      0.000      0.000      0.000      0.000      0.000      0.000
    -0.056      0.002      0.010      0.001      0.000      0.000      0.000      0.000      0.000      0.000      0.000      0.000      0.000      0.000      0.000      0.000      0.000      0.000     -0.001      0.000      0.000      0.000     -0.001      0.000      0.000     -0.001      0.000     -0.001      0.000      0.000      0.000      0.003     -0.001      0.000      0.000      0.000      0.000      0.000     -0.001      0.000     -0.002      0.000      0.000     -0.001      0.000      0.000      0.000      0.000      0.000      0.000      0.000      0.000      0.001      0.000      0.000      0.000      0.000     -0.013
     0.016      0.024      0.102      0.004      0.000      0.000      0.000      0.000      0.000      0.000      0.000      0.000      0.000      0.000      0.000      0.000      0.000      0.000     -0.002      0.001      0.000      0.000      0.000      0.000      0.000      0.000      0.000      0.000      0.000      0.000      0.000     -0.001     -0.001      0.000      0.000      0.000      0.000      0.000     -0.001      0.000      0.000      0.000      0.000      0.000      0.000      0.000      0.000      0.000      0.000      0.000      0.000      0.000      0.000      0.000      0.000      0.000      0.000     -0.008
     0.034     -0.014      0.043      0.092      0.005      0.000      0.000      0.000      0.000      0.000      0.000      0.000      0.000      0.000      0.000      0.000      0.000      0.000      0.000      0.000      0.000      0.000      0.000      0.000      0.000      0.001      0.000     -0.001      0.000     -0.001      0.000      0.000      0.000     -0.001      0.000      0.000     -0.001      0.000      0.001      0.000      0.000      0.000      0.000      0.000      0.000      0.000      0.000      0.000      0.000      0.000      0.000     -0.001     -0.001      0.001      0.000      0.000      0.000     -0.005
     0.037      0.026      0.029      0.057      0.041      0.006      0.000      0.000      0.000      0.000      0.000      0.000      0.000      0.000      0.000      0.000      0.000      0.000     -0.003      0.002      0.000      0.000      0.000      0.000      0.000     -0.001      0.000      0.001      0.000      0.000      0.001      0.001      0.000      0.000      0.000      0.000      0.000      0.000     -0.001      0.000      0.000      0.000      0.000      0.000      0.000      0.000      0.000      0.000      0.000      0.000      0.000      0.000     -0.003      0.000      0.000      0.000      0.000      0.001
     0.014      0.025      0.011      0.037      0.000     -0.014      0.006      0.000      0.000      0.000      0.000      0.000      0.000      0.000      0.000      0.000      0.000      0.000      0.000      0.000      0.000      0.000      0.000      0.000      0.000      0.000      0.000     -0.001      0.000      0.000      0.001      0.000     -0.001      0.000      0.000      0.000      0.000      0.000     -0.001      0.000      0.000      0.000      0.000      0.001      0.000      0.000      0.000      0.000      0.000      0.000      0.000      0.000      0.001      0.001      0.000      0.001      0.000      0.000
     0.005      0.095      0.027      0.036     -0.027      0.016     -0.003      0.004      0.000      0.000      0.000      0.000      0.000      0.000      0.000      0.000      0.000      0.000     -0.001      0.001      0.000      0.000      0.000      0.000      0.000      0.000      0.000     -0.001      0.000      0.000      0.000      0.000      0.000      0.000      0.000      0.000      0.000      0.000      0.000      0.000      0.000      0.000      0.000      0.000      0.000      0.000      0.000      0.000      0.000      0.000      0.000      0.000      0.001      0.000      0.000      0.001      0.000     -0.003
    -0.042     -0.024      0.023      0.069      0.032      0.034     -0.016     -0.004      0.005      0.000      0.000      0.000      0.000      0.000      0.000      0.000      0.000      0.000      0.000      0.000      0.000      0.000      0.000      0.000      0.000      0.000      0.000      0.000      0.000      0.000      0.000      0.000      0.000      0.000      0.000      0.000      0.000      0.000      0.000      0.000      0.000      0.000      0.000      0.000      0.000      0.000      0.000      0.000      0.000      0.000      0.000      0.000      0.001      0.000      0.000      0.000      0.000     -0.010
     0.046      0.003     -0.025     -0.028      0.030      0.027      0.005      0.024     -0.006      0.003      0.000      0.000      0.000      0.000      0.000      0.000      0.000      0.000     -0.001      0.000      0.000      0.000      0.000      0.000      0.000     -0.001      0.000      0.000      0.000      0.000      0.000      0.001      0.000      0.000      0.000      0.000      0.000      0.000      0.000      0.000     -0.001      0.000      0.000      0.000      0.000      0.000      0.000      0.000      0.000      0.000      0.000      0.000     -0.002     -0.001      0.000      0.000      0.000     -0.006
    -0.002      0.072      0.079      0.029     -0.043     -0.036      0.053     -0.043      0.002      0.003      0.004      0.000      0.000      0.000      0.000      0.000      0.000      0.000      0.000      0.000      0.000      0.000      0.000      0.000      0.000      0.000      0.000      0.001      0.000      0.000      0.000      0.001      0.000      0.000      0.000      0.000      0.001      0.000     -0.001     -0.001      0.000      0.000      0.000      0.000      0.000      0.000      0.000      0.000      0.000      0.000      0.000      0.000      0.000      0.000      0.000      0.000      0.000      0.001
    -0.018      0.032      0.004      0.033      0.034      0.018     -0.001      0.041      0.029     -0.001     -0.010      0.006      0.000      0.000      0.000      0.000      0.000      0.000      0.000      0.000      0.000      0.000      0.000      0.000      0.000      0.001      0.000     -0.001      0.000      0.000      0.000      0.000     -0.001      0.000      0.000      0.001      0.000      0.000     -0.001      0.000      0.002      0.000      0.000      0.000      0.000      0.000      0.000      0.000      0.000      0.000      0.000      0.000      0.003      0.000      0.000      0.001      0.000      0.003
    -0.021      0.051     -0.016     -0.005      0.014      0.013      0.027     -0.006      0.009      0.012     -0.011      0.003      0.004      0.000      0.000      0.000      0.000      0.000      0.000      0.000      0.000      0.000     -0.001      0.000      0.000      0.000      0.000     -0.001      0.000      0.000      0.000     -0.001      0.000      0.000      0.000      0.000      0.000      0.000      0.000      0.000      0.000      0.000      0.000      0.000      0.000      0.000      0.000      0.000      0.000      0.000      0.000      0.000     -0.003      0.000      0.000      0.000      0.000      0.001
     0.040     -0.005      0.038      0.027     -0.013     -0.008      0.070     -0.034      0.045      0.025      0.023      0.025      0.001      0.003      0.000      0.000      0.000      0.000     -0.001      0.001      0.000      0.000      0.000      0.000      0.000      0.001      0.000      0.000      0.000      0.000      0.000      0.000     -0.001      0.000      0.000      0.000      0.000      0.000      0.000      0.000     -0.001      0.000      0.000      0.000      0.000      0.000      0.000      0.000      0.000      0.000      0.000      0.000     -0.002      0.000      0.000      0.000      0.000     -0.003
     0.015      0.002      0.026      0.026      0.048     -0.026     -0.008     -0.013     -0.028      0.001     -0.002      0.000      0.030     -0.003      0.003      0.000      0.000      0.000      0.000      0.000      0.000      0.000      0.000      0.000      0.000      0.000      0.000      0.000      0.000      0.000      0.000     -0.001      0.000      0.000      0.000      0.000      0.000      0.000      0.000      0.000      0.000      0.000      0.000      0.000      0.000      0.000      0.000      0.000      0.000      0.000      0.000      0.000     -0.003      0.000      0.000      0.000      0.000     -0.003
     0.037      0.037     -0.015      0.032      0.048      0.029      0.048     -0.002      0.032      0.020      0.012      0.084      0.002      0.001      0.025      0.006      0.000      0.000      0.000      0.001      0.000      0.001      0.000      0.000      0.000     -0.001      0.000      0.000      0.000     -0.001      0.000      0.000      0.000      0.000      0.000      0.001      0.000      0.000     -0.001      0.000      0.001      0.000      0.000      0.000      0.001      0.000      0.000      0.000      0.000      0.000      0.000      0.000     -0.002      0.001      0.000      0.000      0.000     -0.010
     0.036      0.021     -0.035     -0.016      0.005     -0.027      0.009      0.028      0.008     -0.030      0.018      0.005      0.015      0.044      0.016     -0.021      0.003      0.000     -0.001      0.001      0.000      0.000      0.000      0.000      0.000      0.000      0.000      0.000      0.000      0.000      0.001     -0.001      0.000      0.000      0.000      0.000      0.000      0.000      0.001      0.000     -0.001      0.000      0.000     -0.001      0.000      0.000      0.000      0.000      0.000      0.000      0.000      0.000      0.003      0.000      0.000     -0.001      0.000     -0.004
     0.004     -0.019      0.065      0.005     -0.031      0.016     -0.028      0.021      0.064     -0.023     -0.018     -0.008      0.011      0.049      0.002      0.025     -0.023      0.004     -0.001      0.000      0.000      0.000      0.000      0.000      0.000      0.000      0.000      0.000      0.000      0.000      0.000      0.000      0.000      0.000      0.000      0.000      0.000      0.000      0.001      0.000      0.001      0.000      0.000     -0.001      0.000      0.000      0.001      0.000      0.000      0.000      0.000      0.001      0.000      0.000      0.000      0.000      0.000     -0.008
    -0.078     -0.168     -0.044     -0.143     -0.024     -0.151     -0.010     -0.066     -0.030     -0.056     -0.020      0.014      0.002     -0.042     -0.012     -0.003     -0.062     -0.061      0.052     -0.027      0.000      0.007     -0.005      0.006      0.001      0.030      0.001     -0.021     -0.009      0.001     -0.002      0.002      0.002      0.000      0.001      0.001     -0.001      0.000      0.001      0.001      0.004      0.001      0.000     -0.002      0.001      0.000     -0.002      0.000      0.000      0.000      0.000     -0.001     -0.002      0.000      0.000     -0.001      0.000      0.016
     0.085      0.063      0.024      0.089     -0.022      0.113     -0.025      0.053     -0.006      0.021     -0.008      0.028     -0.021      0.068      0.015      0.063      0.066      0.011     -0.596      0.039      0.000     -0.004      0.002     -0.002     -0.002     -0.025      0.001      0.013      0.006      0.001      0.000     -0.001     -0.003      0.002      0.000     -0.001      0.001     -0.001      0.000     -0.001     -0.003      0.000      0.000      0.003      0.000      0.000      0.001      0.000      0.000      0.000      0.000      0.002     -0.001     -0.002      0.000      0.000      0.000     -0.015
     0.021      0.086      0.087      0.072      0.128      0.009      0.027      0.043      0.009      0.019      0.014     -0.047      0.058     -0.026     -0.031     -0.034     -0.045      0.036     -0.090     -0.497      0.000      0.000      0.000      0.000      0.000      0.000      0.000      0.000      0.000      0.000      0.000      0.000      0.000      0.000      0.000      0.000      0.000      0.000      0.000      0.000      0.000      0.000      0.000      0.000      0.000      0.000      0.000      0.000      0.000      0.000      0.000      0.000      0.000      0.000      0.000      0.000      0.000      0.000
    -0.011     -0.042      0.046     -0.031      0.056     -0.015      0.060      0.026      0.054     -0.019      0.048      0.053      0.073     -0.015      0.028      0.130     -0.054     -0.014      0.438     -0.305      0.115      0.005      0.002      0.000      0.001      0.004      0.000     -0.004     -0.002      0.000     -0.001      0.000      0.000      0.000      0.000      0.001     -0.001      0.000      0.001      0.001      0.000      0.000      0.000     -0.001      0.000      0.000     -0.001      0.000      0.000      0.000      0.000      0.000      0.000      0.000      0.000      0.000      0.000      0.002
    -0.018     -0.026     -0.060     -0.033      0.019      0.008     -0.041     -0.047      0.003     -0.060      0.019     -0.009     -0.060     -0.035     -0.017     -0.039     -0.046     -0.017     -0.146      0.062     -0.046      0.200      0.019      0.001     -0.001     -0.005     -0.001      0.005      0.002      0.000     -0.002     -0.002      0.001     -0.001      0.000      0.001      0.000      0.001     -0.001     -0.001      0.001     -0.001      0.000     -0.001      0.000      0.000     -0.001      0.000      0.000      0.000      0.000      0.001     -0.001      0.001      0.000      0.001      0.000      0.014
    -0.027     -0.057     -0.028      0.000      0.048     -0.048      0.035     -0.057     -0.019     -0.051     -0.017      0.041     -0.030     -0.009     -0.035     -0.027     -0.053     -0.077      0.328     -0.158     -0.038      0.082      0.099      0.005      0.000      0.007     -0.002     -0.005     -0.001      0.000     -0.001      0.000      0.001      0.000      0.000      0.000      0.000      0.000      0.001      0.000      0.001      0.000      0.000     -0.001      0.000      0.000      0.000      0.000      0.000      0.000      0.000      0.000      0.002      0.000      0.000      0.000      0.000      0.010
    -0.010      0.033      0.054      0.039      0.019      0.019      0.088      0.064      0.073      0.049     -0.002      0.000      0.053     -0.029      0.011      0.027     -0.029      0.009      0.209     -0.325      0.192      0.417     -0.282     -0.022      0.001      0.000      0.000     -0.001     -0.001      0.000      0.000      0.000      0.000      0.000      0.000      0.000      0.000      0.000      0.001      0.000      0.000      0.000      0.000      0.000      0.000      0.000      0.000      0.000      0.000      0.000      0.000      0.000      0.001      0.000      0.000      0.000      0.000     -0.003
     0.004     -0.016     -0.030     -0.022      0.024     -0.043      0.008     -0.018     -0.012     -0.034     -0.002      0.044      0.021      0.029      0.004     -0.021     -0.014     -0.023      0.381     -0.357      0.013      0.164     -0.094      0.258      0.002      0.120     -0.002     -0.019     -0.005      0.002     -0.001     -0.005      0.002      0.002     -0.001      0.001      0.000     -0.001     -0.004      0.001      0.003      0.001      0.001     -0.002      0.000      0.001     -0.001      0.000      0.000     -0.001      0.000     -0.002     -0.003      0.002      0.000     -0.002      0.001     -0.030
    -0.001     -0.056      0.007     -0.010     -0.008     -0.092     -0.070     -0.033      0.029      0.083     -0.001      0.002     -0.025     -0.030      0.051      0.039      0.053      0.063      0.084      0.080     -0.105     -0.002     -0.134     -0.357      0.021     -0.073      0.004      0.002     -0.001      0.000      0.000      0.000     -0.001      0.000      0.000      0.000      0.000      0.000      0.000      0.000      0.000      0.000      0.000      0.000      0.000      0.000      0.000      0.000      0.000      0.000      0.000      0.000     -0.001      0.000      0.000      0.000      0.000     -0.005
    -0.024      0.020     -0.036     -0.006     -0.088      0.060     -0.030     -0.045     -0.020      0.013      0.045     -0.052     -0.097     -0.027      0.035     -0.024      0.014     -0.033     -0.418      0.288     -0.211     -0.247      0.162     -0.287     -0.194     -0.252      0.163      0.050      0.004     -0.001      0.000     -0.002     -0.003      0.000     -0.001     -0.001      0.001      0.001      0.000      0.000     -0.003      0.000     -0.001      0.001      0.000      0.000      0.001      0.000      0.000      0.000      0.000      0.001     -0.004      0.000      0.000      0.001      0.000     -0.007
     0.032      0.038     -0.075     -0.007     -0.090      0.028     -0.079     -0.033     -0.038     -0.031     -0.034     -0.030     -0.049      0.008     -0.015     -0.079      0.051      0.012     -0.632      0.447     -0.259     -0.564      0.193     -0.255     -0.612     -0.214     -0.158      0.250      0.004      0.000      0.000      0.000      0.000      0.000      0.000      0.000      0.000      0.000     -0.001     -0.001      0.000      0.000      0.000      0.002      0.000      0.000      0.001      0.000      0.000      0.000      0.000      0.001     -0.002      0.000      0.000      0.000      0.000      0.004
     0.009     -0.024     -0.025      0.037     -0.043      0.003     -0.016     -0.032      0.034     -0.007     -0.019      0.026     -0.009     -0.005      0.022     -0.059     -0.035     -0.047      0.027      0.039     -0.037      0.009     -0.004      0.009     -0.007      0.032      0.045     -0.025     -0.005      0.031     -0.001      0.005      0.000      0.001      0.001     -0.001      0.001      0.001      0.001      0.000      0.000      0.000     -0.001      0.001      0.001      0.000      0.000      0.000      0.001      0.000      0.000      0.002     -0.003     -0.003      0.000     -0.001      0.000      0.003
     0.012      0.172     -0.016     -0.024      0.006      0.037      0.030      0.024     -0.025      0.024      0.015      0.024      0.005     -0.008     -0.036     -0.015      0.064     -0.012     -0.032      0.004      0.030     -0.054     -0.058     -0.051      0.010     -0.010      0.035     -0.002      0.016     -0.021      0.053      0.002      0.000      0.002      0.001      0.000      0.001     -0.001     -0.002      0.000      0.001     -0.001      0.000      0.001      0.000      0.000      0.000      0.000      0.001      0.000      0.000      0.000     -0.003      0.001      0.000     -0.003      0.000     -0.008
    -0.093     -0.038      0.118     -0.051      0.003      0.053     -0.015     -0.004      0.022      0.071      0.036      0.019     -0.045      0.014     -0.055      0.002     -0.034     -0.029      0.033     -0.014      0.008      0.023     -0.050     -0.015     -0.021     -0.058      0.002     -0.028     -0.014      0.101      0.029      0.073      0.000      0.001      0.001      0.000      0.001      0.001      0.001      0.002      0.000      0.001      0.000      0.003      0.001     -0.001      0.001     -0.001      0.001      0.000      0.000     -0.001      0.029     -0.002      0.000      0.000     -0.001      0.041
    -0.020      0.001     -0.054     -0.063      0.006     -0.013     -0.030      0.018     -0.023     -0.010     -0.001     -0.031     -0.001     -0.058      0.036     -0.005      0.007     -0.007      0.036     -0.065      0.036      0.014      0.017      0.036      0.041      0.027     -0.095     -0.058     -0.023     -0.002      0.004     -0.002      0.048      0.002      0.000      0.000      0.001      0.001      0.002      0.000      0.000     -0.002     -0.001     -0.001     -0.001      0.000      0.000      0.000      0.001     -0.001      0.000     -0.001      0.007      0.002      0.000     -0.003      0.000     -0.014
    -0.034     -0.001      0.012      0.039     -0.092      0.038      0.037      0.026      0.022      0.017     -0.012     -0.007     -0.023      0.023     -0.029     -0.016      0.006     -0.034      0.010      0.057     -0.063     -0.012     -0.030     -0.012      0.003      0.052      0.051     -0.004      0.003      0.031      0.069      0.027      0.058      0.019      0.001      0.000      0.000      0.000     -0.001      0.000      0.000      0.000      0.000      0.001      0.000     -0.001      0.000     -0.001      0.000      0.000      0.000      0.000      0.009      0.002      0.000      0.000      0.000     -0.012
    -0.001      0.002      0.033     -0.038     -0.060     -0.046      0.021      0.027      0.019     -0.020      0.003      0.006      0.057     -0.026      0.006     -0.017     -0.034     -0.032      0.033      0.012     -0.011      0.011     -0.032      0.031      0.008     -0.025     -0.031     -0.030     -0.023      0.029      0.043      0.047      0.008      0.091      0.011      0.001      0.000      0.000      0.001      0.000      0.000      0.000      0.000      0.001      0.000      0.000      0.000     -0.001      0.000      0.000      0.000      0.000      0.003      0.000      0.000      0.000      0.000      0.003
     0.024     -0.045      0.015      0.060      0.051      0.006      0.044     -0.028     -0.036      0.048     -0.010      0.073     -0.011      0.057     -0.036      0.067      0.017      0.036      0.039     -0.035      0.030      0.074      0.040      0.030      0.016      0.036     -0.001     -0.046     -0.056     -0.032      0.003      0.013      0.020      0.011      0.052      0.010      0.000      0.000      0.000     -0.001     -0.001      0.000     -0.001      0.001      0.000      0.000      0.000     -0.001      0.000      0.000      0.000      0.001     -0.004      0.000      0.000      0.001      0.000     -0.001
     0.020     -0.007     -0.020      0.001     -0.066     -0.006     -0.001     -0.045     -0.032      0.018      0.069      0.053      0.012      0.040     -0.004     -0.037     -0.001      0.061     -0.020      0.039     -0.013     -0.089     -0.012     -0.013     -0.064      0.008      0.040      0.046      0.041      0.034      0.046      0.021      0.044     -0.009     -0.010      0.012      0.014      0.000      0.000     -0.001     -0.001      0.000      0.000      0.000      0.000      0.000     -0.001      0.000      0.000      0.000      0.000      0.000      0.006      0.001      0.000      0.001      0.000      0.011
    -0.020      0.029     -0.009     -0.008     -0.001      0.009     -0.019     -0.022      0.004      0.020      0.051      0.027     -0.015      0.020      0.012      0.031     -0.035     -0.025      0.017     -0.032      0.012      0.002      0.052     -0.022      0.004     -0.026      0.036      0.054     -0.032      0.052     -0.076      0.049      0.067      0.039     -0.024     -0.037     -0.006      0.007      0.000      0.000      0.000      0.000      0.000      0.000      0.000      0.000      0.000      0.000      0.000      0.000      0.000     -0.001      0.003      0.001      0.000     -0.001      0.000     -0.003
     0.066      0.008     -0.026     -0.040      0.034     -0.028     -0.047      0.007      0.025     -0.027     -0.060     -0.039     -0.023     -0.028     -0.010     -0.027      0.049      0.037      0.010     -0.008      0.016      0.035     -0.033      0.040      0.066     -0.042     -0.026      0.002     -0.039      0.011     -0.032      0.010      0.026     -0.020      0.036     -0.016     -0.009     -0.017      0.076      0.000     -0.005      0.000      0.001      0.001      0.001      0.002      0.000      0.001      0.000      0.000      0.000      0.000      0.008     -0.003      0.000      0.001      0.001      0.015
     0.003     -0.004     -0.001      0.061      0.011     -0.026      0.016      0.006     -0.025      0.029     -0.113      0.006     -0.023      0.012     -0.035      0.001     -0.020     -0.049      0.056     -0.027      0.030      0.078     -0.072     -0.055      0.064      0.013      0.043     -0.020     -0.088     -0.021      0.007      0.074      0.009      0.017     -0.008     -0.074     -0.068      0.003     -0.015      0.012      0.000      0.000      0.000     -0.002      0.000      0.000      0.000      0.000      0.000      0.000      0.000      0.000      0.009      0.000      0.000     -0.001      0.000      0.015
     0.001     -0.004     -0.072     -0.002      0.020      0.002     -0.013      0.015      0.012     -0.034      0.013      0.109      0.010     -0.055     -0.023      0.037     -0.053      0.044      0.065     -0.057      0.014      0.013      0.020      0.029     -0.019      0.031     -0.015     -0.046     -0.010     -0.007      0.017      0.005     -0.006     -0.003      0.011     -0.024     -0.023     -0.008     -0.061      0.003      0.079      0.001      0.000      0.003     -0.001      0.000      0.000     -0.001      0.000      0.000      0.000     -0.003      0.002      0.001      0.000     -0.001      0.002      0.029
    -0.040      0.004      0.003     -0.007     -0.002      0.003      0.013      0.006     -0.035      0.005      0.017     -0.021      0.044     -0.014     -0.009     -0.014      0.012     -0.002      0.067     -0.023     -0.022      0.014     -0.092      0.050      0.019      0.026      0.040     -0.016     -0.047     -0.011     -0.053      0.036     -0.081      0.036      0.021     -0.034     -0.025     -0.027      0.017     -0.021      0.050      0.008      0.000      0.002      0.000      0.000      0.000      0.000      0.000      0.000      0.000     -0.001      0.003      0.000      0.000      0.001      0.000      0.001
    -0.024     -0.005     -0.040      0.009      0.060      0.022      0.020      0.000     -0.048      0.043      0.023     -0.009      0.013      0.014      0.025      0.058     -0.033      0.016      0.005     -0.017     -0.014      0.008     -0.031     -0.001     -0.008      0.019      0.018     -0.040      0.008     -0.038      0.001     -0.008     -0.063     -0.011      0.001     -0.064     -0.004     -0.047      0.041     -0.029     -0.005      0.027      0.008      0.001      0.000      0.000      0.000      0.000      0.000      0.000      0.000     -0.001      0.001      0.000      0.000      0.000     -0.001      0.002
    -0.073     -0.010     -0.029      0.014      0.008     -0.007      0.031      0.003      0.028      0.003      0.025     -0.004     -0.003     -0.004      0.041      0.017     -0.053     -0.035     -0.029      0.071     -0.111     -0.070     -0.044     -0.032     -0.054     -0.018     -0.005      0.025      0.100      0.029      0.012      0.041     -0.015      0.039      0.026      0.024      0.014      0.006      0.020     -0.058      0.048      0.073      0.057      0.056     -0.001      0.000      0.000     -0.003      0.001      0.000      0.000     -0.002     -0.008      0.000      0.000      0.002      0.001      0.002
     0.017     -0.007      0.017     -0.041     -0.039      0.064     -0.026     -0.039      0.007      0.017     -0.012     -0.037     -0.010      0.031     -0.006      0.097     -0.034     -0.012      0.033      0.007     -0.032     -0.016     -0.016     -0.058     -0.017      0.003      0.051      0.013      0.003      0.051      0.012      0.049     -0.024      0.021      0.016      0.021     -0.006     -0.028      0.035     -0.002     -0.041      0.011      0.026     -0.030      0.009      0.000      0.000     -0.001      0.000      0.000      0.000      0.000     -0.002      0.001      0.000      0.000      0.000      0.024
    -0.027      0.055     -0.017      0.008      0.021     -0.056      0.007      0.002     -0.019      0.035     -0.034     -0.057     -0.001     -0.017      0.062      0.029      0.030     -0.035      0.019     -0.016      0.010      0.027     -0.009      0.006      0.059      0.029      0.013      0.025     -0.036     -0.025     -0.021     -0.034      0.019     -0.046     -0.021      0.035      0.010     -0.052      0.100     -0.014     -0.004     -0.011      0.000      0.003     -0.050      0.007      0.000      0.000      0.000      0.000      0.000      0.000      0.000      0.001      0.000     -0.001      0.000      0.001
    -0.059      0.013      0.035      0.015      0.046      0.045      0.013      0.001      0.006     -0.031      0.005     -0.020     -0.016      0.011      0.006     -0.007     -0.005      0.089     -0.100      0.057     -0.024     -0.078     -0.045     -0.058     -0.031     -0.040      0.014      0.029      0.114      0.016     -0.004      0.027     -0.012      0.032      0.011     -0.036     -0.080     -0.022      0.007     -0.014      0.013      0.016     -0.035     -0.009      0.032      0.011      0.009     -0.001      0.000      0.000      0.000     -0.001     -0.003      0.001      0.000      0.001      0.001     -0.015
     0.032      0.041     -0.006      0.026     -0.010     -0.044     -0.020      0.041     -0.014     -0.007      0.010     -0.028     -0.019     -0.057     -0.002     -0.033      0.042     -0.015      0.026      0.007     -0.066      0.000      0.019      0.052     -0.004      0.014     -0.020     -0.022      0.002      0.023     -0.020     -0.053      0.010     -0.056     -0.113     -0.081     -0.030     -0.021      0.041     -0.027     -0.065      0.000     -0.036     -0.138     -0.094      0.018     -0.080      0.007      0.000     -0.001      0.000      0.002      0.013     -0.002      0.000     -0.001      0.001     -0.030
    -0.018      0.042      0.031      0.002     -0.012      0.011      0.022     -0.034     -0.005      0.046     -0.018     -0.021      0.008     -0.041     -0.005      0.020     -0.019      0.030      0.005      0.033     -0.020      0.019     -0.043     -0.043      0.012     -0.011      0.028     -0.015      0.009      0.201      0.109      0.189      0.106      0.130      0.111      0.065      0.071      0.021      0.046      0.028      0.048      0.053     -0.012      0.117      0.007     -0.045     -0.004     -0.145      0.001      0.000      0.000      0.001      0.003      0.000      0.000      0.000      0.000     -0.019
    -0.049     -0.027      0.007     -0.011      0.036      0.010     -0.002     -0.022      0.008     -0.004      0.051      0.069     -0.002      0.032     -0.029      0.035     -0.027      0.022      0.012     -0.023      0.083      0.016     -0.026     -0.009      0.051     -0.068      0.079      0.016     -0.100     -0.076     -0.023      0.017     -0.097     -0.035      0.026      0.070     -0.021      0.001     -0.067      0.058     -0.002     -0.017      0.021     -0.011      0.062     -0.044      0.060     -0.572     -0.170      0.001      0.000     -0.001     -0.002      0.000      0.000      0.000      0.000      0.010
     0.045      0.017     -0.018     -0.012     -0.035      0.001      0.004      0.030     -0.016      0.003     -0.069     -0.076      0.005     -0.012      0.022     -0.048      0.008     -0.015     -0.022      0.033     -0.092     -0.029      0.028     -0.016     -0.049      0.046     -0.071     -0.021      0.123      0.072      0.023     -0.004      0.095      0.036     -0.007     -0.086      0.005     -0.008      0.056     -0.046      0.013      0.012     -0.007      0.044     -0.036      0.025     -0.063      0.389      0.183     -0.907      0.000      0.000      0.000      0.000      0.000      0.000      0.000     -0.003
     0.007     -0.009      0.001      0.017     -0.071     -0.040     -0.022     -0.006      0.025      0.054      0.006      0.028      0.035     -0.004     -0.038     -0.027     -0.043      0.060     -0.040      0.074     -0.077     -0.052      0.063     -0.006     -0.067     -0.044      0.025      0.049      0.058      0.072     -0.006     -0.023     -0.032     -0.025     -0.029      0.038      0.009     -0.065      0.011     -0.028     -0.086     -0.079     -0.047     -0.072      0.021      0.001     -0.076      0.201      0.177     -0.157      0.127      0.019     -0.002     -0.010      0.000      0.005      0.001      0.030
     0.012      0.002      0.009     -0.005     -0.025     -0.047      0.015      0.009      0.024     -0.043      0.008      0.052     -0.053     -0.039     -0.068     -0.036      0.056     -0.010     -0.012     -0.005      0.038     -0.007     -0.012      0.028      0.042     -0.010     -0.018     -0.024     -0.030     -0.019     -0.018      0.128      0.038      0.081      0.031     -0.050      0.060      0.044      0.036      0.094      0.009      0.036      0.012     -0.042     -0.024      0.001     -0.041      0.188      0.160     -0.101      0.047     -0.017      0.705      0.004      0.000      0.004      0.001     -0.186
     0.000     -0.040     -0.006     -0.046      0.063      0.020      0.050     -0.016     -0.003     -0.064     -0.001     -0.036      0.001     -0.024      0.027      0.061      0.054     -0.049      0.009     -0.051      0.035      0.018      0.024     -0.021     -0.006      0.040     -0.038      0.007      0.015     -0.096      0.023     -0.053      0.069      0.080      0.026      0.024      0.036      0.039     -0.062     -0.010      0.023      0.017      0.001      0.006      0.036      0.046      0.033     -0.164     -0.036     -0.101      0.061     -0.423      0.028      0.027      0.000      0.000     -0.002     -0.024
     0.034      0.036      0.035     -0.031     -0.023     -0.016     -0.026     -0.001     -0.025      0.033      0.010     -0.023     -0.027      0.008      0.000     -0.025     -0.047      0.008      0.027     -0.009     -0.005     -0.015     -0.027      0.036     -0.051      0.024     -0.003     -0.020     -0.009      0.075      0.007      0.032      0.032     -0.044     -0.028     -0.024      0.041     -0.002      0.011     -0.039     -0.023      0.086      0.018     -0.033     -0.085     -0.021     -0.072      0.426      0.015     -0.363      0.201     -0.043      0.103     -0.299      0.000      0.000      0.000      0.000
     0.005     -0.055      0.009      0.038      0.010     -0.016      0.097      0.070     -0.016     -0.021      0.011      0.059      0.010      0.033     -0.014      0.033     -0.064     -0.005     -0.034     -0.001     -0.008      0.022      0.022     -0.006     -0.019     -0.023      0.029      0.035      0.029     -0.036     -0.070      0.000     -0.071      0.005      0.014      0.056      0.031     -0.061      0.024     -0.037     -0.027      0.059     -0.004      0.049     -0.020     -0.032      0.029     -0.060     -0.042      0.052     -0.056      0.178      0.026      0.011      0.044      0.037     -0.001      0.043
     0.049      0.017     -0.041      0.031     -0.055      0.011     -0.018     -0.009      0.048     -0.010     -0.012      0.015      0.002     -0.004      0.031     -0.025      0.083      0.021     -0.007      0.005     -0.035     -0.003      0.030      0.012     -0.008      0.023     -0.006      0.016      0.022     -0.015     -0.003     -0.056      0.001     -0.018     -0.002     -0.037     -0.001     -0.022      0.027     -0.002      0.071     -0.016     -0.074      0.030     -0.015      0.056      0.104      0.136     -0.183     -0.230      0.166      0.060      0.010     -0.162      0.031     -0.051      0.008     -0.037
    -0.050      0.003     -0.048     -0.044     -0.024      0.006      0.002     -0.014     -0.053     -0.035      0.005      0.013      0.007     -0.020     -0.023     -0.048     -0.026     -0.044      0.025     -0.027      0.004      0.008      0.035      0.051     -0.040     -0.031     -0.031     -0.011      0.021      0.005     -0.012      0.053     -0.023     -0.032      0.012     -0.003      0.034     -0.015      0.020      0.049      0.037      0.003      0.009      0.003      0.091      0.005     -0.056     -0.132     -0.285      0.154     -0.124      0.078     -0.079     -0.051     -0.024      0.079     -0.149      7.925

Derivative matrix of expected statistics X by parameters and
covariance/correlation matrix of X can be found using
summary(ans) within R, or by using the 'verbose' option in Siena07.
 
Total computation time 940.74 seconds.
