

-----------------------------------
New Analysis started.
Date and time: 21/09/2026 16:39:56
New results follow.
-----------------------------------

RSiena version 1.3.10 (28 Apr 22)


@1
Estimation by stochastic approximation algorithm.
=================================================

Current random number seed is 12345.
Effects object used: effs 
Model Type:
 Initiative model
Behavioral Model Type:
 Standard behavior actor-oriented model ('restrict')
Estimation method: unconditional moment estimation
.

Time duration for simulations in each period is 1.0.
Changing composition.
Joiners/leavers option: 1
Standard errors are estimated with the likelihood ratio method.
Dolby method (regression on scores) is used.
Initial value of gain parameter is  0.2000000.
Reduction factor for gain parameter is  0.5000000.
Number of subphases in Phase 2 is 3.

Initial parameter values are 
  1. rate:  constant dv.net rate (period 1)                 0.1737
  2. rate:  constant dv.net rate (period 2)                 0.4673
  3. rate:  constant dv.net rate (period 3)                 0.8177
  4. rate:  constant dv.net rate (period 4)                 1.1922
  5. rate:  constant dv.net rate (period 5)                 0.9644
  6. rate:  constant dv.net rate (period 6)                 0.9644
  7. rate:  constant dv.net rate (period 7)                 1.1922
  8. rate:  constant dv.net rate (period 8)                 0.9897
  9. rate:  constant dv.net rate (period 9)                 1.0657
 10. rate:  constant dv.net rate (period 10)                0.9138
 11. rate:  constant dv.net rate (period 11)                1.0657
 12. rate:  constant dv.net rate (period 12)                1.4453
 13. rate:  constant dv.net rate (period 13)                1.1922
 14. rate:  constant dv.net rate (period 14)                1.1163
 15. rate:  constant dv.net rate (period 15)                1.0150
 16. rate:  constant dv.net rate (period 16)                1.7491
 17. rate:  constant dv.net rate (period 17)                1.2175
 18. rate:  constant dv.net rate (period 18)                1.4200
 19. eval:  degree (density)                               -0.2598
 20. eval:  GWESP (69)                                      0.0000
 21. eval:  degree act+pop                                  0.0000
 22. eval:  nets.lndistance_d                               0.0000
 23. eval:  nets.ATOP_d                                     0.0000
 24. eval:  nets.absidealdiff_d                             0.0000
 25. eval:  nets.lntrade_d                                  0.0000
 26. eval:  nets.NATO_d                                     0.0000
 27. eval:  milex.beh alter                                 0.0000
 28. eval:  beh.democracy_1 alter                           0.0000
 29. eval:  beh.lncinc_1 alter                              0.0000
 30. rate:  rate milex.beh (period 1)                       0.7680
 31. rate:  rate milex.beh (period 2)                       0.9106
 32. rate:  rate milex.beh (period 3)                       1.2728
 33. rate:  rate milex.beh (period 4)                       0.8873
 34. rate:  rate milex.beh (period 5)                       0.3413
 35. rate:  rate milex.beh (period 6)                       0.5489
 36. rate:  rate milex.beh (period 7)                       0.3224
 37. rate:  rate milex.beh (period 8)                       0.3545
 38. rate:  rate milex.beh (period 9)                       0.2491
 39. rate:  rate milex.beh (period 10)                      0.9035
 40. rate:  rate milex.beh (period 11)                      0.3190
 41. rate:  rate milex.beh (period 12)                      0.9347
 42. rate:  rate milex.beh (period 13)                      0.2118
 43. rate:  rate milex.beh (period 14)                      0.2056
 44. rate:  rate milex.beh (period 15)                      0.6321
 45. rate:  rate milex.beh (period 16)                      0.2242
 46. rate:  rate milex.beh (period 17)                      0.2118
 47. rate:  rate milex.beh (period 18)                      0.2304
 48. eval:  milex.beh linear shape                         -0.0720
 49. eval:  milex.beh quadratic shape                       0.0000
 50. eval:  milex.beh degree                                0.0000
 51. eval:  milex.beh dense triads                          0.0000
 52. eval:  milex.beh: effect from beh.democracy_1          0.0000
 53. eval:  milex.beh: effect from beh.GDPgrowth_1          0.0000
 54. eval:  milex.beh: effect from beh.nato_1               0.0000
 55. eval:  milex.beh: effect from beh.allies_1             0.0000
 56. eval:  milex.beh: effect from beh.military_1           0.0000
 57. eval:  milex.beh: effect from beh.lnmids_1             0.0000
 58. eval:  milex.beh: effect from beh.milexSpLag_1         0.0000


Observed values of target statistics are
  1. Amount of network change in period 1                                10.0000
  2. Amount of network change in period 2                                34.0000
  3. Amount of network change in period 3                                86.0000
  4. Amount of network change in period 4                                94.0000
  5. Amount of network change in period 5                                76.0000
  6. Amount of network change in period 6                                76.0000
  7. Amount of network change in period 7                                94.0000
  8. Amount of network change in period 8                                78.0000
  9. Amount of network change in period 9                                84.0000
 10. Amount of network change in period 10                               72.0000
 11. Amount of network change in period 11                               84.0000
 12. Amount of network change in period 12                              114.0000
 13. Amount of network change in period 13                               94.0000
 14. Amount of network change in period 14                               88.0000
 15. Amount of network change in period 15                               80.0000
 16. Amount of network change in period 16                              138.0000
 17. Amount of network change in period 17                               96.0000
 18. Amount of network change in period 18                              112.0000
 19. Number of edges                                                   5257.0000
 20. Numb. edgew. shrd prtns.(69)                                      15264.4804
 21. Sum of squared degrees                                            333172.0000
 22. Sum of ties x nets.lndistance_d                                   -10629.6066
 23. Sum of ties x nets.ATOP_d                                         5960.4379
 24. Sum of ties x nets.absidealdiff_d                                 -2858.5692
 25. Sum of ties x nets.lntrade_d                                      37643.5933
 26. Sum of ties x nets.NATO_d                                         1247.4871
 27. Sum of degrees x milex.beh                                        -136.5119
 28. Sum of degrees x beh.democracy_1                                  2911.8786
 29. Sum of degrees x beh.lncinc_1                                     13015.0208
 30. Amount of behavioral change in period 1 on milex.beh                41.0000
 31. Amount of behavioral change in period 2 on milex.beh                50.0000
 32. Amount of behavioral change in period 3 on milex.beh                57.0000
 33. Amount of behavioral change in period 4 on milex.beh                52.0000
 34. Amount of behavioral change in period 5 on milex.beh                37.0000
 35. Amount of behavioral change in period 6 on milex.beh                32.0000
 36. Amount of behavioral change in period 7 on milex.beh                28.0000
 37. Amount of behavioral change in period 8 on milex.beh                31.0000
 38. Amount of behavioral change in period 9 on milex.beh                24.0000
 39. Amount of behavioral change in period 10 on milex.beh               71.0000
 40. Amount of behavioral change in period 11 on milex.beh               34.0000
 41. Amount of behavioral change in period 12 on milex.beh               55.0000
 42. Amount of behavioral change in period 13 on milex.beh               18.0000
 43. Amount of behavioral change in period 14 on milex.beh               17.0000
 44. Amount of behavioral change in period 15 on milex.beh               48.0000
 45. Amount of behavioral change in period 16 on milex.beh               20.0000
 46. Amount of behavioral change in period 17 on milex.beh               18.0000
 47. Amount of behavioral change in period 18 on milex.beh               21.0000
 48. milex.beh centered sum                                             -69.2728
 49. milex.beh sum of cent. squares                                    5872.2362
 50. milex.beh outdegrees                                              -140.2801
 51. milex.beh dense triads                                            -2487.5508
 52. milex.beh x beh.democracy_1                                       -379.2596
 53. milex.beh x beh.GDPgrowth_1                                         -0.6794
 54. milex.beh x beh.nato_1                                              58.7026
 55. milex.beh x beh.allies_1                                          -4906.7851
 56. milex.beh x beh.military_1                                         125.8892
 57. milex.beh x beh.lnmids_1                                           583.7664
 58. milex.beh x beh.milexSpLag_1                                        23.9632

 58 parameters, 58 statistics

Estimation of derivatives by the LR method (type 1).


@2
End of stochastic approximation algorithm, phase 3.
---------------------------------------------------

Total of 3387 iterations.
Parameter estimates based on 2387 iterations,
convergence diagnostics, covariance and derivative matrices based on 1000 iterations.

Information for convergence diagnosis.
Averages, standard deviations, and t-ratios for deviations from targets:
  1.  -0.7140    4.3082  -0.1657 
  2.   0.1620    8.4641   0.0191 
  3.   0.2700   11.8463   0.0228 
  4.  -1.3740   13.6190  -0.1009 
  5.   1.0280   11.4544   0.0897 
  6.  -0.5500   11.5850  -0.0475 
  7.  -1.1600   12.8160  -0.0905 
  8.  -0.4440   11.7411  -0.0378 
  9.   0.2120   12.3879   0.0171 
 10.  -2.3420   11.9873  -0.1954 
 11.   0.3920   12.2309   0.0320 
 12.   1.4240   14.5062   0.0982 
 13.   0.7200   13.5830   0.0530 
 14.   1.1340   13.0390   0.0870 
 15.   0.2560   12.5560   0.0204 
 16.  -0.8120   16.3014  -0.0498 
 17.   0.8660   13.5852   0.0637 
 18.   3.0140   15.3713   0.1961 
 19.   1.2390   26.8105   0.0462 
 20.   1.6329   99.5778   0.0164 
 21. 113.0480 2665.2467   0.0424 
 22.  -0.3926   67.2755  -0.0058 
 23.   1.9938   33.9124   0.0588 
 24.   0.9400   47.5351   0.0198 
 25.   6.3744  205.3026   0.0310 
 26.   0.0915   10.2654   0.0089 
 27.  -2.9572   51.7169  -0.0572 
 28.  -0.5884   19.6930  -0.0299 
 29.   3.2327   89.3827   0.0362 
 30.  -0.4620    5.6961  -0.0811 
 31.  -0.2480    6.0812  -0.0408 
 32.   0.3330    6.4468   0.0517 
 33.  -0.0480    6.3073  -0.0076 
 34.   0.1420    5.5323   0.0257 
 35.   0.4720    5.2284   0.0903 
 36.   0.2330    5.0420   0.0462 
 37.  -0.2880    5.2265  -0.0551 
 38.   0.1320    4.7300   0.0279 
 39.   0.1420    6.8594   0.0207 
 40.  -0.1170    5.3058  -0.0221 
 41.  -0.3360    6.1578  -0.0546 
 42.  -0.1940    4.0235  -0.0482 
 43.   0.1610    3.9044   0.0412 
 44.   0.2800    5.8527   0.0478 
 45.  -0.0190    4.2843  -0.0044 
 46.   0.0410    3.8836   0.0106 
 47.  -0.0880    4.3913  -0.0200 
 48.   0.6720   24.6816   0.0272 
 49.   1.4956  101.4333   0.0147 
 50.   3.7500  187.2958   0.0200 
 51.  22.0670  503.9750   0.0438 
 52.  -0.4181   12.4384  -0.0336 
 53.   0.0751    2.2880   0.0328 
 54.  -0.6366    9.3319  -0.0682 
 55. -15.3731  482.5206  -0.0319 
 56.  -0.0491    6.6926  -0.0073 
 57.  -0.4673   15.5074  -0.0301 
 58.   0.0113    0.5016   0.0225 

Good convergence is indicated by the t-ratios being close to zero.

Overall maximum convergence ratio =  0.4969 .



@2
Estimation Results.
-------------------

Regular end of estimation algorithm.
Total of 3387 iteration steps.


@3
Estimates and standard errors
                             
Network Dynamics
 1. rate:  constant dv.net rate (period 1)                         0.0519  (   0.0250)
 2. rate:  constant dv.net rate (period 2)                         0.1647  (   0.0386)
 3. rate:  constant dv.net rate (period 3)                         0.5454  (   0.1159)
 4. rate:  constant dv.net rate (period 4)                         0.3905  (   0.0586)
 5. rate:  constant dv.net rate (period 5)                         0.3871  (   0.0755)
 6. rate:  constant dv.net rate (period 6)                         0.3663  (   0.0717)
 7. rate:  constant dv.net rate (period 7)                         0.4520  (   0.0773)
 8. rate:  constant dv.net rate (period 8)                         0.3499  (   0.0626)
 9. rate:  constant dv.net rate (period 9)                         0.3709  (   0.0629)
10. rate:  constant dv.net rate (period 10)                        0.3044  (   0.0531)
11. rate:  constant dv.net rate (period 11)                        0.3655  (   0.0664)
12. rate:  constant dv.net rate (period 12)                        0.5063  (   0.0752)
13. rate:  constant dv.net rate (period 13)                        0.3897  (   0.0612)
14. rate:  constant dv.net rate (period 14)                        0.3651  (   0.0576)
15. rate:  constant dv.net rate (period 15)                        0.3162  (   0.0501)
16. rate:  constant dv.net rate (period 16)                        0.5706  (   0.0754)
17. rate:  constant dv.net rate (period 17)                        0.3704  (   0.0571)
18. rate:  constant dv.net rate (period 18)                        0.4373  (   0.0612)
19. eval:  degree (density)                                       -5.9936  (   0.2443)
20. eval:  GWESP (69)                                              2.1821  (   0.2055)
21. eval:  degree act+pop                                          0.0287  (   0.0049)
22. eval:  nets.lndistance_d                                      -0.8017  (   0.0701)
23. eval:  nets.ATOP_d                                             0.8774  (   0.1410)
24. eval:  nets.absidealdiff_d                                    -0.5035  (   0.0716)
25. eval:  nets.lntrade_d                                          0.0319  (   0.0307)
26. eval:  nets.NATO_d                                            -3.5219  (   0.3566)
27. eval:  milex.beh alter                                        -0.0651  (   0.0617)
28. eval:  beh.democracy_1 alter                                   1.3062  (   0.2281)
29. eval:  beh.lncinc_1 alter                                      0.7890  (   0.0664)
Behavior Dynamics

30. rate:  rate milex.beh (period 1)                               0.9332  (   0.1780)
31. rate:  rate milex.beh (period 2)                               1.3025  (   0.2457)
32. rate:  rate milex.beh (period 3)                               1.3567  (   0.2635)
33. rate:  rate milex.beh (period 4)                               1.1961  (   0.2300)
34. rate:  rate milex.beh (period 5)                               0.6987  (   0.1302)
35. rate:  rate milex.beh (period 6)                               0.5711  (   0.1128)
36. rate:  rate milex.beh (period 7)                               0.4800  (   0.0949)
37. rate:  rate milex.beh (period 8)                               0.5226  (   0.1028)
38. rate:  rate milex.beh (period 9)                               0.3750  (   0.0865)
39. rate:  rate milex.beh (period 10)                              1.7204  (   0.3816)
40. rate:  rate milex.beh (period 11)                              0.5847  (   0.1210)
41. rate:  rate milex.beh (period 12)                              1.3232  (   0.2552)
42. rate:  rate milex.beh (period 13)                              0.3227  (   0.0780)
43. rate:  rate milex.beh (period 14)                              0.2975  (   0.0784)
44. rate:  rate milex.beh (period 15)                              1.0886  (   0.2002)
45. rate:  rate milex.beh (period 16)                              0.4076  (   0.1051)
46. rate:  rate milex.beh (period 17)                              0.3537  (   0.0983)
47. rate:  rate milex.beh (period 18)                              0.4027  (   0.0955)
48. eval:  milex.beh linear shape                                 -1.1685  (   0.0773)
49. eval:  milex.beh quadratic shape                              -0.0268  (   0.0236)
50. eval:  milex.beh degree                                        0.0896  (   0.0237)
51. eval:  milex.beh dense triads                                 -0.0208  (   0.0073)
52. eval:  milex.beh: effect from beh.democracy_1                 -0.4487  (   0.1346)
53. eval:  milex.beh: effect from beh.GDPgrowth_1                 -2.2438  (   0.9051)
54. eval:  milex.beh: effect from beh.nato_1                       0.8678  (   0.1602)
55. eval:  milex.beh: effect from beh.allies_1                    -0.0109  (   0.0035)
56. eval:  milex.beh: effect from beh.military_1                   0.2550  (   0.1947)
57. eval:  milex.beh: effect from beh.lnmids_1                     0.1398  (   0.0876)
58. eval:  milex.beh: effect from beh.milexSpLag_1                 7.0715  (   2.7712)


@3
Covariance matrices
                   
Covariance matrix of estimates (correlations below diagonal):
     0.001      0.000      0.000      0.000      0.000      0.000      0.000      0.000      0.000      0.000      0.000      0.000      0.000      0.000      0.000      0.000      0.000      0.000     -0.001      0.000      0.000      0.000      0.000      0.000      0.000      0.000      0.000      0.000      0.000      0.000      0.000      0.000      0.000      0.000      0.000      0.000      0.000      0.000      0.000      0.000      0.000      0.000      0.000      0.000      0.000      0.000      0.000      0.000      0.000      0.000      0.000      0.000      0.000      0.000      0.000      0.000      0.000      0.000
     0.005      0.001      0.000      0.000      0.000      0.000      0.000      0.000      0.000      0.000      0.000      0.000      0.000      0.000      0.000      0.000      0.000      0.000     -0.001      0.001      0.000      0.000      0.000      0.000      0.000      0.000      0.000      0.000      0.000      0.000      0.000      0.001      0.000      0.000      0.000      0.000      0.000      0.000      0.000      0.000      0.000      0.000      0.000      0.001      0.000      0.000      0.000      0.000      0.000      0.000      0.000      0.000      0.001      0.000      0.000      0.000      0.000      0.001
     0.020      0.048      0.013      0.000      0.000      0.000      0.001      0.000      0.000      0.000      0.000      0.000      0.000      0.000      0.001      0.000      0.000      0.000     -0.001      0.001      0.000      0.001     -0.001      0.000      0.000      0.001      0.000     -0.002     -0.001     -0.001     -0.001     -0.007      0.001      0.000      0.000      0.000      0.000     -0.001     -0.001     -0.001      0.000      0.000      0.000     -0.001      0.000      0.001      0.000      0.000      0.000      0.000      0.000      0.000     -0.001      0.000      0.000      0.000      0.000      0.023
    -0.004      0.057      0.074      0.003      0.000      0.000      0.000      0.000      0.000      0.000      0.000      0.000      0.000      0.000      0.000      0.000      0.000      0.000     -0.003      0.001      0.000      0.000      0.000      0.000      0.000     -0.001      0.000      0.000      0.000      0.000      0.000      0.000     -0.001      0.000      0.000      0.000      0.000      0.000      0.000      0.000     -0.001      0.000      0.000      0.000      0.000      0.000      0.000      0.000      0.000      0.000      0.000      0.000      0.000      0.000      0.000      0.000      0.000      0.011
     0.024     -0.071     -0.008      0.007      0.006      0.000      0.000      0.000      0.000      0.000      0.000      0.000      0.000      0.000      0.000      0.000      0.000      0.000     -0.001      0.001      0.000      0.000      0.000      0.000      0.000     -0.001      0.000      0.000      0.000     -0.001      0.000      0.000      0.000      0.001      0.000      0.000      0.000      0.000     -0.001      0.000      0.000      0.000      0.000     -0.001      0.000      0.000      0.000      0.000      0.000      0.000      0.000      0.000      0.001      0.000      0.000      0.000      0.000     -0.011
     0.040      0.048     -0.026      0.054      0.016      0.005      0.000      0.000      0.000      0.000      0.000      0.000      0.000      0.000      0.000      0.000      0.000      0.000     -0.001      0.000      0.000      0.000      0.000      0.000      0.000      0.000      0.000     -0.001      0.000      0.000      0.000      0.000      0.000      0.000      0.000      0.000      0.000      0.000      0.000      0.000     -0.001      0.000      0.000      0.000      0.000      0.000      0.000      0.000      0.000      0.000      0.000      0.000      0.001      0.000      0.000      0.000      0.000     -0.008
     0.059      0.010      0.065      0.063     -0.004      0.013      0.006      0.000      0.000      0.000      0.000      0.000      0.000      0.000      0.000      0.000      0.000      0.000     -0.002      0.001      0.000      0.000      0.000      0.000      0.000     -0.001      0.000      0.000      0.000      0.000      0.000     -0.002      0.000      0.000      0.000      0.000      0.000      0.000      0.000      0.000      0.000      0.000      0.000      0.000      0.000      0.001      0.000      0.000      0.000      0.000      0.000      0.000     -0.002      0.000      0.000      0.001      0.000      0.011
     0.011     -0.013      0.024      0.033      0.035      0.030      0.033      0.004      0.000      0.000      0.000      0.000      0.000      0.000      0.000      0.000      0.000      0.000     -0.001      0.000      0.000      0.000      0.000      0.000      0.000      0.000      0.000     -0.001      0.000      0.000      0.001      0.001      0.000      0.000      0.000      0.000      0.000      0.000      0.000      0.000      0.000      0.000      0.000      0.001      0.000      0.000      0.000      0.000      0.000      0.000      0.000      0.000     -0.001      0.000      0.000      0.000      0.000      0.004
    -0.034      0.029      0.050     -0.006      0.017      0.002      0.000      0.049      0.004      0.000      0.000      0.000      0.000      0.000      0.000      0.000      0.000      0.000     -0.001      0.001      0.000      0.000      0.000      0.000      0.000     -0.002      0.000      0.000      0.000      0.000      0.000      0.000     -0.001      0.000      0.000      0.000      0.000      0.000      0.000      0.000      0.001      0.000      0.000      0.000      0.000      0.001      0.000      0.000      0.000      0.000      0.000      0.000      0.000      0.000      0.000      0.000      0.000      0.000
    -0.022     -0.008      0.005      0.019      0.047      0.052      0.078      0.041      0.024      0.003      0.000      0.000      0.000      0.000      0.000      0.000      0.000      0.000     -0.001      0.000      0.000      0.000      0.000      0.000      0.000     -0.001      0.000      0.000      0.000      0.000      0.000     -0.001     -0.001      0.000      0.000      0.000      0.000      0.000     -0.002      0.000     -0.001      0.000      0.000      0.000      0.000      0.000      0.000      0.000      0.000      0.000      0.000      0.000     -0.002      0.000      0.000      0.000      0.000      0.001
     0.000      0.002      0.034     -0.004     -0.050     -0.014     -0.052     -0.006      0.034      0.115      0.004      0.000      0.000      0.000      0.000      0.000      0.000      0.000      0.000      0.000      0.000      0.000      0.000      0.000      0.000      0.001      0.000      0.000      0.000     -0.001      0.000      0.000      0.001      0.000      0.000      0.000      0.000      0.000     -0.001      0.000     -0.001      0.000      0.000      0.000      0.000      0.000      0.000      0.000      0.000      0.000      0.000      0.000      0.003      0.000      0.000      0.000      0.000     -0.007
    -0.012     -0.004      0.000      0.010      0.017      0.020     -0.049      0.100     -0.075     -0.032      0.035      0.006      0.000      0.000      0.000      0.000      0.000      0.000      0.000      0.001      0.000      0.000      0.000      0.000      0.000      0.000      0.000     -0.001      0.000      0.000      0.000     -0.001      0.000      0.000      0.000      0.000      0.000      0.000      0.001      0.000     -0.001      0.000      0.000     -0.001      0.001      0.000      0.000      0.000      0.000      0.000      0.000      0.000      0.002      0.000      0.000      0.000      0.000     -0.008
    -0.027      0.002     -0.004      0.045     -0.014      0.013      0.012      0.019      0.026      0.011      0.042      0.000      0.004      0.000      0.000      0.000      0.000      0.000     -0.001      0.000      0.000      0.000      0.000      0.000      0.000      0.000      0.000      0.000      0.000      0.000      0.000      0.000     -0.001      0.000      0.000      0.000      0.000      0.000     -0.001      0.000     -0.001     -0.001      0.000      0.001      0.000      0.000      0.000      0.000      0.000      0.000      0.000      0.001     -0.001      0.000      0.000      0.000      0.000     -0.002
     0.019      0.060      0.035      0.035      0.004      0.020      0.019      0.009      0.012     -0.001     -0.008     -0.035     -0.010      0.003      0.000      0.000      0.000      0.000      0.000      0.000      0.000      0.000     -0.001      0.000      0.000      0.001      0.000     -0.001      0.000      0.000     -0.001     -0.001      0.000      0.000      0.000      0.000      0.000      0.000      0.000      0.000      0.000      0.000      0.001      0.000      0.000      0.000      0.000      0.000      0.000      0.000      0.000      0.000     -0.002      0.000      0.000      0.000      0.000      0.003
     0.014      0.006      0.111      0.071     -0.007      0.005      0.014     -0.038      0.038     -0.053     -0.006     -0.023     -0.048      0.064      0.003      0.000      0.000      0.000      0.000      0.000      0.000      0.000      0.000      0.000      0.000      0.000      0.000      0.000      0.000      0.000      0.000      0.000      0.000      0.000      0.000      0.000      0.000      0.000      0.000      0.000      0.000      0.000      0.000     -0.001      0.000      0.000      0.000      0.000      0.000      0.000      0.000      0.000      0.002      0.000      0.000      0.000      0.000      0.003
     0.037      0.014      0.005      0.059      0.012      0.023      0.054      0.000     -0.001     -0.011      0.022      0.035      0.031     -0.048      0.003      0.006      0.000      0.000     -0.001      0.001      0.000      0.000      0.000      0.000      0.000     -0.001      0.000     -0.001      0.000      0.000     -0.001     -0.001     -0.001      0.000      0.000      0.000      0.000      0.000      0.000      0.001     -0.002      0.000      0.000      0.000      0.000      0.000      0.000      0.000      0.000      0.000      0.000      0.000     -0.006      0.001      0.000      0.001      0.000     -0.003
    -0.005      0.043     -0.006      0.024      0.007      0.013      0.048      0.045     -0.013      0.062     -0.012      0.007      0.043      0.038      0.012     -0.034      0.003      0.000     -0.001      0.000      0.000      0.000      0.000      0.000      0.000      0.000      0.000     -0.001      0.000      0.000      0.000      0.001      0.000      0.000      0.000      0.000      0.000      0.000      0.000      0.000      0.000      0.000      0.000      0.000      0.000      0.000      0.000      0.000      0.000      0.000      0.000     -0.001     -0.002      0.000      0.000      0.000      0.000      0.000
     0.034      0.010      0.035     -0.009     -0.005      0.032      0.022      0.028     -0.022      0.001     -0.011      0.015      0.004      0.027      0.071      0.060      0.006      0.004     -0.001      0.002      0.000      0.000      0.000      0.000      0.000     -0.002      0.000      0.001      0.000     -0.001      0.000      0.000      0.000      0.000      0.000      0.000      0.000      0.000     -0.001      0.000     -0.001      0.000      0.000      0.000      0.000      0.000      0.000      0.000      0.000      0.000      0.000      0.000     -0.002      0.000      0.000      0.000      0.000      0.000
    -0.085     -0.131     -0.024     -0.190     -0.062     -0.048     -0.112     -0.066     -0.095     -0.071     -0.010      0.019     -0.061      0.012      0.005     -0.034     -0.043     -0.067      0.060     -0.031      0.000      0.008     -0.005      0.006      0.002      0.029      0.002     -0.024     -0.011     -0.001     -0.003      0.001      0.000      0.001      0.000     -0.001      0.000      0.000      0.003      0.000      0.006      0.001      0.000     -0.004      0.000      0.000      0.000      0.001      0.000      0.000      0.000     -0.003      0.009      0.004      0.000      0.000     -0.001     -0.012
     0.016      0.074      0.032      0.077      0.047      0.009      0.036      0.034      0.045      0.024      0.013      0.040      0.012     -0.020      0.005      0.059      0.002      0.121     -0.615      0.042     -0.001     -0.005      0.003     -0.003     -0.002     -0.027      0.000      0.015      0.007      0.000      0.003      0.001      0.001      0.000      0.000      0.001      0.000      0.000     -0.003      0.000     -0.001     -0.001     -0.001      0.003      0.000      0.000      0.000      0.000      0.000      0.000      0.000      0.001     -0.004      0.000      0.000      0.000      0.000     -0.007
     0.024      0.028      0.056      0.082      0.024      0.072      0.071      0.087      0.079      0.047     -0.025     -0.041     -0.004      0.032      0.010     -0.017      0.001     -0.082     -0.058     -0.516      0.000      0.000      0.000      0.000      0.000      0.000      0.000      0.000      0.000      0.000      0.000      0.000      0.000      0.000      0.000      0.000      0.000      0.000      0.000      0.000      0.000      0.000      0.000      0.000      0.000      0.000      0.000      0.000      0.000      0.000      0.000      0.000      0.000      0.000      0.000      0.000      0.000      0.001
    -0.012     -0.039      0.110     -0.058     -0.001     -0.010      0.032      0.040      0.020      0.009      0.018      0.075      0.025     -0.010      0.049      0.064     -0.001      0.006      0.469     -0.320      0.070      0.005      0.003      0.000      0.001      0.004      0.000     -0.004     -0.002      0.000      0.000      0.000      0.000      0.000      0.000      0.000      0.000      0.001      0.001      0.000      0.001      0.000      0.000     -0.001      0.000      0.000      0.000      0.000      0.000      0.000      0.000      0.000      0.003      0.001      0.000      0.000      0.000     -0.003
     0.027      0.027     -0.064     -0.015     -0.043     -0.039     -0.034     -0.024     -0.015      0.050     -0.030     -0.028      0.017     -0.084     -0.015     -0.030      0.007      0.040     -0.133      0.098     -0.116      0.253      0.020      0.001     -0.001     -0.005     -0.002      0.006      0.002     -0.001      0.002      0.002     -0.001      0.000      0.000      0.001      0.000      0.001      0.002      0.000     -0.001      0.000     -0.001      0.000      0.000      0.000      0.000      0.000      0.000      0.000      0.000      0.002     -0.004     -0.001      0.000      0.000      0.000      0.018
     0.018     -0.016      0.022     -0.066     -0.021      0.020     -0.006      0.010     -0.017      0.058      0.045     -0.020     -0.043      0.031      0.026     -0.073      0.008     -0.051      0.337     -0.174     -0.010      0.087      0.101      0.005      0.000      0.006     -0.002     -0.005     -0.001      0.000      0.000      0.000      0.000      0.000      0.000      0.000     -0.001      0.000     -0.001      0.000      0.001      0.000      0.000      0.000      0.000      0.000      0.000      0.000      0.000      0.000      0.000      0.000      0.002      0.000      0.000      0.000      0.000      0.003
     0.067     -0.029      0.104      0.017      0.067      0.080      0.082      0.049      0.007      0.025      0.019      0.047     -0.019      0.009      0.044      0.005      0.015     -0.026      0.242     -0.358      0.210      0.393     -0.248      0.027      0.001      0.001      0.000     -0.001     -0.001      0.000      0.000      0.000      0.000      0.000      0.000      0.000      0.000      0.000      0.000      0.000      0.000      0.000      0.000      0.000      0.000      0.000      0.000      0.000      0.000      0.000      0.000      0.000      0.002      0.000      0.000      0.000      0.000      0.002
     0.002     -0.020      0.026     -0.030     -0.030     -0.017     -0.022     -0.009     -0.071     -0.027      0.034     -0.006      0.010      0.059      0.018     -0.050      0.010     -0.074      0.329     -0.373      0.009      0.149     -0.094      0.226      0.052      0.127     -0.002     -0.022     -0.004      0.002     -0.004      0.003     -0.004      0.004     -0.001     -0.002      0.000      0.000     -0.005      0.000      0.000      0.002      0.001      0.003     -0.001     -0.002      0.001      0.000      0.000      0.000      0.000     -0.003     -0.016      0.006      0.000      0.001     -0.001     -0.027
    -0.050     -0.066     -0.033     -0.029     -0.078     -0.013     -0.079     -0.082      0.018     -0.044     -0.043      0.022     -0.025     -0.042      0.014      0.062     -0.082      0.011      0.116      0.039     -0.127     -0.039     -0.196     -0.369      0.019     -0.087      0.004      0.002     -0.001      0.000      0.000      0.000      0.000      0.000      0.000      0.000      0.000      0.000      0.001      0.000      0.000      0.000      0.000      0.000      0.000      0.000      0.000      0.000      0.000      0.000      0.000     -0.001     -0.001      0.001      0.000      0.000      0.000     -0.008
     0.013      0.041     -0.092      0.034      0.022     -0.073      0.007     -0.058     -0.015      0.010     -0.032     -0.037      0.012     -0.079     -0.007     -0.045     -0.046      0.041     -0.429      0.326     -0.234     -0.227      0.181     -0.312     -0.195     -0.267      0.162      0.052      0.004      0.001      0.004      0.002      0.003     -0.002      0.000      0.001      0.000      0.001      0.003      0.000     -0.001      0.000     -0.001      0.000      0.001     -0.001      0.001      0.000      0.000      0.000      0.000      0.001      0.006     -0.002      0.000      0.000      0.001      0.022
     0.019      0.066     -0.111      0.043     -0.055     -0.068     -0.029     -0.045      0.011     -0.025     -0.009     -0.063      0.042     -0.033     -0.057     -0.012      0.005      0.014     -0.672      0.481     -0.256     -0.535      0.180     -0.279     -0.618     -0.149     -0.136      0.249      0.004      0.001      0.001      0.000     -0.001      0.000      0.000      0.000      0.000      0.000     -0.002      0.000     -0.001      0.000      0.000      0.001      0.000      0.000      0.000      0.000      0.000      0.000      0.000      0.001     -0.004     -0.001      0.000      0.000      0.000     -0.007
    -0.027     -0.038     -0.038     -0.023     -0.040      0.025     -0.025     -0.036     -0.017     -0.026     -0.049     -0.027      0.026      0.030      0.005      0.004     -0.015     -0.051     -0.030      0.008      0.006     -0.021     -0.021     -0.007     -0.078      0.030      0.002      0.019      0.074      0.032      0.000      0.001     -0.001      0.000     -0.001      0.001      0.000      0.000      0.000      0.001      0.001      0.000      0.001      0.000     -0.001     -0.001      0.000      0.000      0.000      0.000      0.000      0.000      0.001      0.001      0.000     -0.001     -0.001      0.010
    -0.048     -0.044     -0.028      0.001     -0.021     -0.001      0.019      0.033      0.010     -0.017     -0.007      0.009      0.031     -0.038     -0.037     -0.051     -0.002      0.027     -0.048      0.052     -0.024     -0.001      0.061     -0.026     -0.048     -0.043     -0.026      0.069      0.054      0.000      0.060     -0.002      0.000      0.001      0.000      0.001      0.000      0.000      0.009     -0.001      0.000     -0.001      0.000      0.003     -0.001      0.000      0.000      0.000      0.001      0.000      0.000      0.003      0.004     -0.004      0.000     -0.001      0.000     -0.008
    -0.030      0.052     -0.220     -0.004     -0.005      0.011     -0.077      0.035     -0.005     -0.049     -0.028     -0.031     -0.022     -0.037     -0.002     -0.027      0.036     -0.002      0.017      0.013     -0.064     -0.015      0.043     -0.015      0.032      0.030      0.008      0.038      0.023      0.029     -0.029      0.069      0.003     -0.001     -0.001      0.000      0.000      0.001      0.001      0.000      0.000      0.000      0.001      0.002      0.001      0.000      0.001      0.001      0.001      0.000      0.000      0.001      0.022     -0.002      0.000     -0.003     -0.001      0.028
     0.000      0.054      0.043     -0.074     -0.010      0.004      0.014      0.010     -0.041     -0.063      0.037      0.027     -0.051      0.029      0.002     -0.059     -0.007     -0.007      0.004      0.015      0.015      0.016     -0.038     -0.003      0.055     -0.050      0.020      0.054     -0.086     -0.013     -0.005      0.042      0.053      0.000      0.002      0.001      0.001      0.000     -0.002     -0.001      0.002      0.001      0.000     -0.001      0.001      0.001      0.000     -0.001      0.000      0.000      0.000     -0.001      0.012      0.003      0.000     -0.003      0.001      0.023
     0.044     -0.019      0.014     -0.038      0.138     -0.052     -0.019     -0.019     -0.019      0.000      0.033      0.018     -0.013     -0.004      0.055     -0.021      0.031      0.020      0.018     -0.005      0.016      0.027      0.022      0.044     -0.013      0.088     -0.046     -0.066     -0.003      0.010      0.038     -0.030     -0.004      0.017      0.000      0.000      0.001      0.000      0.002      0.000      0.002      0.000      0.000     -0.001     -0.001      0.000     -0.001     -0.001      0.000      0.000      0.000      0.000      0.005      0.000      0.000      0.000      0.000      0.010
     0.016     -0.003      0.010     -0.058      0.017      0.033      0.023      0.016      0.006     -0.040      0.029      0.009     -0.036     -0.034     -0.007      0.001     -0.018      0.001      0.017      0.013      0.011      0.024      0.004      0.013      0.015     -0.028     -0.028     -0.008     -0.036     -0.044      0.012     -0.021      0.091      0.008      0.013      0.000      0.000     -0.001     -0.002      0.000      0.000      0.000      0.000      0.001      0.000      0.000     -0.001      0.000      0.000      0.000      0.000      0.000     -0.002      0.001      0.000     -0.001      0.000      0.019
    -0.032      0.003      0.016     -0.023     -0.030     -0.055      0.040     -0.004      0.002     -0.031      0.000     -0.002      0.032      0.009      0.036      0.041     -0.052      0.035     -0.059      0.052      0.013     -0.028      0.050      0.016     -0.083     -0.056     -0.022      0.036      0.052      0.036      0.028     -0.010      0.024     -0.027     -0.009      0.009      0.000      0.000      0.001      0.000     -0.001      0.000      0.000      0.000      0.000      0.000      0.000      0.000      0.000      0.000      0.000      0.000      0.002      0.000      0.000      0.001      0.000      0.004
     0.008      0.033     -0.001     -0.047     -0.017     -0.028      0.007     -0.012      0.027     -0.001      0.024     -0.007      0.003     -0.038      0.018      0.021     -0.057      0.043      0.002      0.007      0.019      0.062      0.012     -0.069      0.027     -0.002      0.018     -0.008      0.013      0.011     -0.013     -0.013      0.030      0.059     -0.031     -0.002      0.011      0.000      0.000      0.000      0.001      0.000      0.000      0.001      0.000      0.000      0.000      0.000      0.000      0.000      0.000      0.000      0.001      0.000      0.000     -0.001      0.000      0.005
     0.055     -0.022     -0.056     -0.024     -0.015     -0.011     -0.022      0.019      0.065     -0.066     -0.012      0.060      0.009     -0.007     -0.032      0.022      0.047      0.000     -0.001     -0.005     -0.022      0.087      0.083     -0.028      0.049      0.014     -0.031      0.046     -0.028      0.013      0.012      0.031      0.004     -0.015     -0.053      0.038     -0.039      0.007      0.000      0.000      0.001      0.000      0.000      0.000      0.000      0.000      0.000      0.000      0.000      0.000      0.000      0.000      0.004      0.001      0.000      0.001      0.000     -0.009
    -0.027      0.023     -0.018     -0.003     -0.033      0.005      0.000     -0.017      0.020     -0.118     -0.034      0.029     -0.036      0.006      0.017      0.004      0.001     -0.038      0.033     -0.044      0.026      0.034      0.030     -0.035      0.034     -0.036      0.043      0.038     -0.075      0.007      0.092      0.007     -0.022      0.032     -0.035      0.039      0.009     -0.013      0.146      0.000      0.005      0.000      0.000     -0.004      0.000      0.001     -0.001     -0.001      0.001      0.000      0.000      0.002      0.035     -0.006      0.000      0.004     -0.002      0.035
    -0.002      0.045     -0.042      0.051      0.004      0.055      0.036     -0.010      0.016      0.052     -0.021      0.046     -0.024     -0.017     -0.030      0.056     -0.010      0.004     -0.014     -0.004      0.042      0.001      0.027      0.042     -0.046     -0.004      0.016      0.013      0.000      0.041     -0.049      0.009     -0.022      0.023      0.016      0.042      0.006     -0.030     -0.004      0.015     -0.001      0.000      0.000      0.000      0.000      0.000     -0.001      0.000      0.000      0.000      0.000      0.001     -0.001     -0.001      0.000      0.002      0.000      0.009
     0.006      0.021     -0.017     -0.050      0.001     -0.032      0.008     -0.029      0.034     -0.044     -0.043     -0.061     -0.045      0.021      0.030     -0.085      0.006     -0.036      0.089     -0.021     -0.018      0.045     -0.015      0.059      0.023     -0.004     -0.005     -0.021     -0.049      0.026     -0.005      0.005      0.041      0.049      0.014     -0.039      0.054      0.034      0.048     -0.040      0.065      0.000      0.000      0.001     -0.001      0.000     -0.001      0.001      0.000      0.000      0.000     -0.002      0.015      0.002      0.000     -0.001     -0.002     -0.010
     0.035      0.073     -0.001      0.021      0.057      0.068     -0.033      0.054     -0.030     -0.030     -0.018     -0.006     -0.181      0.009      0.005      0.016     -0.078     -0.002      0.043     -0.038      0.026      0.002     -0.017      0.069      0.008      0.087     -0.011     -0.022     -0.082     -0.023     -0.065     -0.019      0.041      0.015      0.025      0.039      0.026     -0.024     -0.009      0.032      0.015      0.006      0.000     -0.001      0.000      0.000      0.000      0.000      0.000      0.000      0.000      0.000     -0.001      0.001      0.000      0.000      0.000      0.002
    -0.009      0.055      0.005     -0.100     -0.044     -0.034      0.036      0.001     -0.027      0.023     -0.019     -0.034     -0.033      0.116     -0.006      0.042     -0.010     -0.003      0.012     -0.044      0.062      0.015     -0.077     -0.055      0.046      0.038      0.004     -0.048     -0.031      0.087      0.008      0.046      0.010      0.040      0.042      0.059      0.033      0.030     -0.013      0.008      0.015      0.010      0.006      0.001      0.000      0.000      0.000     -0.001      0.000      0.000      0.000     -0.001     -0.001      0.000      0.000      0.000      0.000     -0.004
    -0.023      0.085     -0.025     -0.025     -0.063      0.025     -0.014      0.043      0.017     -0.003      0.008     -0.043      0.047     -0.019     -0.102     -0.011     -0.007     -0.014     -0.074      0.078     -0.060     -0.042      0.009     -0.006     -0.035      0.043     -0.015      0.003      0.093     -0.003      0.060      0.040     -0.029     -0.026      0.027      0.019      0.041     -0.022     -0.046      0.018      0.026     -0.033      0.045      0.040      0.001      0.000     -0.001      0.000      0.000      0.000      0.000     -0.001      0.001     -0.001      0.000      0.000      0.001     -0.005
    -0.034      0.073      0.019     -0.028      0.009      0.002      0.024     -0.041     -0.045     -0.023     -0.034      0.107     -0.007     -0.013     -0.033      0.050     -0.006      0.034     -0.011      0.016     -0.005      0.003      0.022     -0.022      0.044     -0.019     -0.051      0.039     -0.030     -0.032     -0.028      0.028      0.049     -0.042     -0.016     -0.004     -0.017      0.018     -0.006      0.025     -0.024      0.020      0.025      0.037      0.011      0.001      0.000      0.000      0.000      0.000      0.000      0.000     -0.005      0.001      0.000     -0.001      0.000      0.000
    -0.028      0.020      0.068      0.019     -0.038      0.025      0.100      0.013      0.090      0.065      0.036      0.000      0.019      0.000      0.008     -0.025      0.063     -0.017      0.002     -0.018      0.085      0.048     -0.014      0.002      0.065     -0.044      0.008     -0.045     -0.065     -0.034      0.020     -0.010      0.061     -0.004      0.023     -0.033     -0.005      0.007      0.039     -0.018     -0.002      0.007      0.037     -0.005      0.059      0.010      0.000      0.000      0.000      0.000      0.000      0.000      0.001      0.000      0.000     -0.001      0.000      0.006
     0.003      0.000      0.039     -0.019     -0.022     -0.011      0.028     -0.028      0.040     -0.018      0.048      0.044      0.030     -0.027      0.007      0.046      0.027      0.003     -0.007     -0.017     -0.017     -0.006     -0.021     -0.045      0.013      0.028      0.017      0.025      0.010      0.007     -0.007      0.028     -0.012     -0.079     -0.060     -0.012     -0.031     -0.009     -0.036     -0.048     -0.042      0.000      0.002     -0.027      0.032     -0.023      0.009      0.000      0.000      0.000      0.000      0.000      0.002      0.000      0.000      0.000      0.000     -0.018
    -0.011     -0.057      0.029     -0.060     -0.011     -0.005      0.001      0.042      0.010      0.034      0.048      0.036     -0.010     -0.009      0.059     -0.051     -0.003     -0.032      0.038     -0.005     -0.055     -0.022     -0.040      0.043      0.000     -0.003     -0.023     -0.003     -0.006      0.007     -0.018      0.033     -0.056     -0.060     -0.020      0.006     -0.007     -0.054     -0.023     -0.028      0.041     -0.029     -0.087      0.000     -0.050     -0.056     -0.032      0.006      0.000     -0.001      0.000      0.002      0.015     -0.002      0.000     -0.001      0.000     -0.013
     0.009      0.007     -0.067     -0.063      0.003     -0.019      0.029     -0.072      0.010     -0.048      0.000     -0.001      0.019     -0.012     -0.015      0.001     -0.049     -0.009     -0.009      0.040     -0.009      0.018      0.020     -0.033     -0.042     -0.039      0.023     -0.016      0.044      0.072      0.117      0.089      0.090      0.049      0.074      0.052      0.071     -0.019      0.103      0.038      0.075      0.032      0.036      0.005      0.026      0.023      0.074     -0.079      0.001      0.000      0.000      0.001      0.004      0.000      0.000      0.000      0.000     -0.024
    -0.016      0.083     -0.064      0.069      0.008      0.012     -0.012      0.001      0.014      0.020     -0.078     -0.063      0.020     -0.016     -0.076      0.004      0.002      0.001     -0.051     -0.002      0.074     -0.023      0.008     -0.010     -0.024      0.005      0.018     -0.008      0.019     -0.029     -0.008     -0.028     -0.072      0.024     -0.035     -0.054     -0.048      0.015      0.014      0.006     -0.027      0.020      0.051     -0.010      0.012      0.045     -0.002     -0.582     -0.167      0.001      0.000     -0.001     -0.003      0.000      0.000      0.000      0.000      0.007
     0.050     -0.089      0.066     -0.044      0.009     -0.012      0.028      0.013     -0.038     -0.009      0.069      0.045     -0.006      0.037      0.057      0.001      0.028      0.000      0.013      0.014     -0.057      0.016      0.012     -0.001      0.030     -0.026     -0.045      0.027     -0.005      0.021      0.015      0.025      0.068      0.005      0.003      0.037      0.041      0.004     -0.031     -0.006      0.010     -0.039     -0.061     -0.005      0.011     -0.043     -0.008      0.386      0.149     -0.903      0.000      0.000      0.000      0.000      0.000      0.000      0.000     -0.002
     0.017      0.000     -0.025      0.008     -0.039      0.001      0.045      0.026      0.032     -0.043      0.031      0.042      0.073     -0.018      0.025      0.007     -0.066     -0.028     -0.100      0.033      0.026     -0.019      0.105     -0.028     -0.047     -0.064     -0.078      0.035      0.097      0.013      0.087      0.030     -0.034      0.015      0.004      0.009      0.018     -0.028      0.036      0.037     -0.050     -0.025     -0.058     -0.054     -0.009     -0.019      0.013      0.186      0.211     -0.173      0.157      0.018      0.014     -0.009      0.000      0.004      0.001      0.031
     0.012      0.040     -0.009      0.006      0.013      0.015     -0.032     -0.019      0.008     -0.039      0.045      0.031     -0.023     -0.029      0.035     -0.082     -0.040     -0.027      0.039     -0.020      0.014      0.054     -0.028      0.025      0.058     -0.049     -0.018      0.027     -0.073      0.005      0.019      0.092      0.060      0.044     -0.023      0.025      0.015      0.053      0.102     -0.009      0.066     -0.019     -0.014      0.005     -0.051      0.007      0.027      0.212      0.184     -0.120      0.065      0.112      0.819     -0.009      0.000     -0.007     -0.001     -0.402
    -0.047     -0.047      0.024     -0.013     -0.004      0.039     -0.011     -0.006     -0.013     -0.017     -0.011      0.003     -0.032     -0.025     -0.016      0.044      0.004      0.045      0.102     -0.011     -0.097      0.106     -0.044      0.005      0.051      0.098      0.051     -0.044     -0.068      0.026     -0.094     -0.047      0.088     -0.016      0.048      0.004      0.025      0.059     -0.104     -0.054      0.050      0.048      0.017     -0.044      0.035      0.019      0.022     -0.125     -0.056     -0.126      0.055     -0.433     -0.063      0.026      0.000      0.001     -0.001     -0.030
    -0.025     -0.034     -0.007     -0.044     -0.019     -0.026     -0.008     -0.022      0.010     -0.014      0.022      0.002     -0.046      0.036      0.045     -0.017     -0.014     -0.039      0.082     -0.031     -0.016     -0.016     -0.054      0.076     -0.031      0.004     -0.012     -0.041     -0.012      0.014      0.012      0.029     -0.027     -0.023     -0.002      0.056     -0.006     -0.062      0.076     -0.004      0.007     -0.009     -0.074      0.070     -0.080     -0.075     -0.039      0.442      0.037     -0.346      0.191     -0.053      0.060     -0.286      0.000      0.000      0.000      0.000
     0.003      0.048      0.020      0.017     -0.024     -0.007      0.034     -0.022      0.023     -0.010     -0.007     -0.012     -0.012     -0.031      0.019      0.052     -0.033      0.000     -0.009      0.000     -0.024     -0.011     -0.017      0.013     -0.022      0.013     -0.009      0.003      0.009     -0.018     -0.021     -0.060     -0.059     -0.014     -0.023      0.068     -0.043      0.055      0.049      0.065     -0.030     -0.028     -0.027      0.009     -0.036     -0.044      0.004     -0.063     -0.010      0.015     -0.008      0.142     -0.039      0.019      0.088      0.038      0.000     -0.001
    -0.005      0.026      0.034     -0.013     -0.024      0.047      0.002      0.018     -0.045      0.001      0.023      0.004     -0.012     -0.053      0.008     -0.018      0.052      0.034     -0.031     -0.008      0.056     -0.031      0.040     -0.005      0.000     -0.024     -0.030      0.030     -0.017     -0.047     -0.007     -0.036      0.069     -0.034      0.014      0.003     -0.018      0.015     -0.070      0.020     -0.082     -0.037      0.023      0.038     -0.026     -0.009      0.047      0.029     -0.169     -0.231      0.186      0.095     -0.012     -0.057     -0.033     -0.008      0.008     -0.021
     0.004      0.007      0.072      0.065     -0.051     -0.042      0.049      0.025      0.000      0.010     -0.038     -0.036     -0.013      0.020      0.021     -0.017     -0.002     -0.002     -0.018     -0.013      0.040     -0.013      0.046      0.014      0.028     -0.028     -0.050      0.035     -0.040      0.020     -0.012      0.039      0.036      0.027      0.062      0.014      0.016     -0.039      0.034      0.027     -0.014      0.008     -0.020     -0.009     -0.001      0.023     -0.067     -0.059     -0.373      0.104     -0.082      0.083     -0.160     -0.068      0.010     -0.002     -0.085      7.680

Derivative matrix of expected statistics X by parameters and
covariance/correlation matrix of X can be found using
summary(ans) within R, or by using the 'verbose' option in Siena07.
 
Total computation time 1021.17 seconds.
